	290	291	292	293	294	295	296	297	298	299	300	301
401954_16S_KN48L_GAACTAGT-AAGCAGCA_S1_L001_R1	1.0	1.0	1.0	0.0	4.0	4.0	20.0	108.0	1895.0	1695.0	40881.0	62113.0
	290	291	292	293	294	295	296	297	298	299	300	301
401955_16S_KN48L_GAACTAGT-ACGCGTGA_S2_L001_R1	1.0	2.0	2.0	1.0	3.0	6.0	29.0	112.0	1969.0	2013.0	46174.0	57723.0
	291	292	293	294	295	296	297	298	299	300	301
401956_16S_KN48L_GAACTAGT-CGATCTAC_S3_L001_R1	2.0	0.0	0.0	0.0	1.0	4.0	60.0	2835.0	1864.0	29228.0	47345.0
	290	291	292	293	294	295	296	297	298	299	300	301
401957_16S_KN48L_GAACTAGT-ACGACGTG_S4_L001_R1	1.0	1.0	0.0	2.0	0.0	2.0	23.0	68.0	3409.0	2306.0	35042.0	54196.0
	289	290	291	292	293	294	295	296	297	298	299	300	301
401958_16S_KN48L_GAACTAGT-GTCTAGTG_S5_L001_R1	1.0	1.0	1.0	0.0	1.0	4.0	6.0	37.0	114.0	2355.0	1947.0	35021.0	49724.0
	286	287	288	289	290	291	292	293	294	295	296	297	298	299	300	301
401959_16S_KN48L_GAACTAGT-CTAGTATG_S6_L001_R1	1.0	0.0	0.0	0.0	0.0	1.0	0.0	1.0	5.0	10.0	65.0	184.0	5032.0	3765.0	68897.0	95525.0
	291	292	293	294	295	296	297	298	299	300	301
401960_16S_KN48L_GAACTAGT-GATAGCGT_S7_L001_R1	1.0	1.0	1.0	5.0	5.0	30.0	105.0	1819.0	1841.0	31937.0	51904.0
	290	291	292	293	294	295	296	297	298	299	300	301
401961_16S_KN48L_GAACTAGT-TCTACACT_S8_L001_R1	2.0	2.0	1.0	2.0	2.0	14.0	54.0	160.0	2772.0	2139.0	37596.0	55401.0
	292	293	294	295	296	297	298	299	300	301
401962_16S_KN48L_GACGGAAC-AAGCAGCA_S9_L001_R1	1.0	0.0	1.0	3.0	12.0	81.0	2085.0	971.0	27365.0	48838.0
	288	289	290	291	292	293	294	295	296	297	298	299	300	301
401963_16S_KN48L_GACGGAAC-ACGCGTGA_S10_L001_R1	1.0	0.0	0.0	3.0	0.0	2.0	4.0	8.0	38.0	135.0	2234.0	1822.0	35057.0	52350.0
	293	294	295	296	297	298	299	300	301
401964_16S_KN48L_GACGGAAC-CGATCTAC_S11_L001_R1	1.0	5.0	4.0	27.0	74.0	1392.0	1147.0	24866.0	34792.0
	290	291	292	293	294	295	296	297	298	299	300	301
401965_16S_KN48L_GACGGAAC-ACGACGTG_S12_L001_R1	2.0	3.0	3.0	0.0	4.0	7.0	40.0	147.0	3279.0	2125.0	41518.0	56632.0
	292	293	294	295	296	297	298	299	300	301
401966_16S_KN48L_GACGGAAC-GTCTAGTG_S13_L001_R1	1.0	1.0	4.0	3.0	21.0	78.0	1542.0	1309.0	24385.0	40606.0
	286	287	288	289	290	291	292	293	294	295	296	297	298	299	300	301
401967_16S_KN48L_GACGGAAC-CTAGTATG_S14_L001_R1	1.0	0.0	0.0	0.0	3.0	3.0	0.0	2.0	2.0	6.0	27.0	109.0	2114.0	2084.0	33649.0	46206.0
	288	289	290	291	292	293	294	295	296	297	298	299	300	301
401968_16S_KN48L_GACGGAAC-GATAGCGT_S15_L001_R1	2.0	0.0	0.0	1.0	1.0	2.0	2.0	7.0	21.0	106.0	1562.0	1490.0	30025.0	42058.0
	288	289	290	291	292	293	294	295	296	297	298	299	300	301
401969_16S_KN48L_GACGGAAC-TCTACACT_S16_L001_R1	1.0	0.0	1.0	2.0	0.0	0.0	1.0	6.0	45.0	111.0	1809.0	1977.0	37003.0	42838.0
	291	292	293	294	295	296	297	298	299	300	301
401970_16S_KN48L_CAAGCATG-AAGCAGCA_S17_L001_R1	1.0	0.0	2.0	1.0	4.0	18.0	70.0	3327.0	1685.0	50368.0	64183.0
	288	289	290	291	292	293	294	295	296	297	298	299	300	301
401971_16S_KN48L_CAAGCATG-ACGCGTGA_S18_L001_R1	1.0	0.0	0.0	2.0	0.0	1.0	2.0	14.0	40.0	109.0	3633.0	2423.0	44477.0	51710.0
	291	292	293	294	295	296	297	298	299	300	301
401972_16S_KN48L_CAAGCATG-CGATCTAC_S19_L001_R1	1.0	0.0	3.0	4.0	5.0	14.0	95.0	1821.0	1657.0	24350.0	39773.0
	289	290	291	292	293	294	295	296	297	298	299	300	301
401973_16S_KN48L_CAAGCATG-ACGACGTG_S20_L001_R1	1.0	0.0	2.0	0.0	1.0	0.0	5.0	26.0	93.0	3375.0	2227.0	37696.0	61834.0
	294	295	296	297	298	299	300	301
401974_16S_KN48L_CAAGCATG-GTCTAGTG_S21_L001_R1	3.0	5.0	16.0	93.0	2864.0	1556.0	37739.0	65835.0
	291	292	293	294	295	296	297	298	299	300	301
401975_16S_KN48L_CAAGCATG-CTAGTATG_S22_L001_R1	2.0	1.0	0.0	2.0	3.0	22.0	113.0	2656.0	1739.0	37748.0	58026.0
	291	292	293	294	295	296	297	298	299	300	301
401976_16S_KN48L_CAAGCATG-GATAGCGT_S23_L001_R1	1.0	0.0	2.0	2.0	3.0	29.0	110.0	2713.0	2319.0	40859.0	61791.0
	294	295	296	297	298	299	300	301
401977_16S_KN48L_CAAGCATG-TCTACACT_S24_L001_R1	1.0	2.0	15.0	74.0	2265.0	1579.0	28929.0	43981.0
	291	292	293	294	295	296	297	298	299	300	301
401978_16S_KN48L_CCTGAACT-AAGCAGCA_S25_L001_R1	3.0	0.0	0.0	4.0	7.0	41.0	133.0	2819.0	2425.0	55604.0	77062.0
	288	289	290	291	292	293	294	295	296	297	298	299	300	301
401979_16S_KN48L_CCTGAACT-ACGCGTGA_S26_L001_R1	1.0	1.0	0.0	5.0	1.0	2.0	7.0	8.0	58.0	158.0	3227.0	3098.0	67935.0	82070.0
	290	291	292	293	294	295	296	297	298	299	300	301
401980_16S_KN48L_CCTGAACT-CGATCTAC_S27_L001_R1	2.0	3.0	0.0	1.0	3.0	10.0	39.0	108.0	2215.0	1644.0	36100.0	51738.0
	287	288	289	290	291	292	293	294	295	296	297	298	299	300	301
401981_16S_KN48L_CCTGAACT-ACGACGTG_S28_L001_R1	1.0	0.0	0.0	0.0	4.0	0.0	1.0	2.0	4.0	28.0	74.0	1985.0	1235.0	30726.0	43846.0
	291	292	293	294	295	296	297	298	299	300	301
401982_16S_KN48L_CCTGAACT-GTCTAGTG_S29_L001_R1	1.0	0.0	2.0	2.0	4.0	25.0	100.0	2870.0	1915.0	64462.0	73657.0
	291	292	293	294	295	296	297	298	299	300	301
401983_16S_KN48L_CCTGAACT-CTAGTATG_S30_L001_R1	1.0	0.0	1.0	0.0	11.0	43.0	100.0	2915.0	2366.0	46185.0	56801.0
	290	291	292	293	294	295	296	297	298	299	300	301
401984_16S_KN48L_CCTGAACT-GATAGCGT_S31_L001_R1	3.0	0.0	0.0	0.0	1.0	3.0	21.0	88.0	4006.0	2401.0	51083.0	81432.0
	286	287	288	289	290	291	292	293	294	295	296	297	298	299	300	301
401985_16S_KN48L_CCTGAACT-TCTACACT_S32_L001_R1	1.0	0.0	0.0	0.0	0.0	2.0	0.0	3.0	3.0	7.0	31.0	134.0	4504.0	2747.0	50068.0	71829.0
	291	292	293	294	295	296	297	298	299	300	301
401986_16S_KN48L_CTTCGGCA-AAGCAGCA_S33_L001_R1	2.0	0.0	0.0	3.0	2.0	10.0	50.0	2759.0	1725.0	32304.0	51889.0
	290	291	292	293	294	295	296	297	298	299	300	301
401987_16S_KN48L_CTTCGGCA-ACGCGTGA_S34_L001_R1	1.0	1.0	0.0	0.0	2.0	3.0	32.0	81.0	3852.0	2085.0	28160.0	43596.0
	294	295	296	297	298	299	300	301
401988_16S_KN48L_CTTCGGCA-CGATCTAC_S35_L001_R1	1.0	4.0	14.0	94.0	2384.0	1967.0	26451.0	38811.0
	286	287	288	289	290	291	292	293	294	295	296	297	298	299	300	301
401989_16S_KN48L_CTTCGGCA-ACGACGTG_S36_L001_R1	1.0	0.0	0.0	1.0	0.0	1.0	1.0	0.0	2.0	6.0	13.0	80.0	4272.0	3358.0	22036.0	33731.0
	291	292	293	294	295	296	297	298	299	300	301
401990_16S_KN48L_CTTCGGCA-GTCTAGTG_S37_L001_R1	2.0	0.0	2.0	1.0	2.0	19.0	136.0	2710.0	1994.0	37836.0	59791.0
	288	289	290	291	292	293	294	295	296	297	298	299	300	301
401991_16S_KN48L_CTTCGGCA-CTAGTATG_S38_L001_R1	1.0	1.0	1.0	3.0	0.0	1.0	2.0	16.0	58.0	164.0	2808.0	2538.0	38639.0	50753.0
	287	288	289	290	291	292	293	294	295	296	297	298	299	300	301
401992_16S_KN48L_CTTCGGCA-GATAGCGT_S39_L001_R1	1.0	0.0	1.0	1.0	1.0	1.0	1.0	1.0	11.0	45.0	171.0	4299.0	2957.0	54125.0	72540.0
	287	288	289	290	291	292	293	294	295	296	297	298	299	300	301
401993_16S_KN48L_CTTCGGCA-TCTACACT_S40_L001_R1	1.0	0.0	2.0	1.0	4.0	3.0	2.0	13.0	27.0	83.0	340.0	2295.0	4027.0	32937.0	41868.0
	289	290	291	292	293	294	295	296	297	298	299	300	301
401994_16S_KN48L_ACGGGACA-AAGCAGCA_S41_L001_R1	1.0	0.0	2.0	0.0	1.0	1.0	3.0	20.0	133.0	2525.0	1790.0	38178.0	57416.0
	291	292	293	294	295	296	297	298	299	300	301
401995_16S_KN48L_ACGGGACA-ACGCGTGA_S42_L001_R1	5.0	2.0	2.0	9.0	19.0	62.0	196.0	3011.0	3042.0	34368.0	47994.0
	292	293	294	295	296	297	298	299	300	301
401996_16S_KN48L_ACGGGACA-CGATCTAC_S43_L001_R1	1.0	0.0	5.0	4.0	34.0	129.0	1501.0	1891.0	28115.0	40154.0
	288	289	290	291	292	293	294	295	296	297	298	299	300	301
401997_16S_KN48L_ACGGGACA-ACGACGTG_S44_L001_R1	1.0	0.0	1.0	2.0	0.0	3.0	6.0	19.0	60.0	172.0	2602.0	2940.0	31012.0	39982.0
	286	287	288	289	290	291	292	293	294	295	296	297	298	299	300	301
401998_16S_KN48L_ACGGGACA-GTCTAGTG_S45_L001_R1	1.0	0.0	0.0	0.0	2.0	5.0	2.0	2.0	16.0	31.0	108.0	399.0	3187.0	4066.0	58563.0	88032.0
	291	292	293	294	295	296	297	298	299	300	301
401999_16S_KN48L_ACGGGACA-CTAGTATG_S46_L001_R1	2.0	0.0	2.0	3.0	10.0	46.0	166.0	1617.0	1884.0	43664.0	59354.0
	290	291	292	293	294	295	296	297	298	299	300	301
402000_16S_KN48L_ACGGGACA-GATAGCGT_S47_L001_R1	3.0	6.0	0.0	1.0	14.0	18.0	84.0	366.0	3218.0	3611.0	69957.0	92038.0
	280	281	282	283	284	285	286	287	288	289	290	291	292	293	294	295	296	297	298	299	300	301
402001_16S_KN48L_ACGGGACA-TCTACACT_S48_L001_R1	1.0	0.0	0.0	0.0	0.0	0.0	0.0	0.0	1.0	0.0	1.0	2.0	2.0	1.0	11.0	19.0	73.0	280.0	2084.0	3186.0	52983.0	66786.0
	291	292	293	294	295	296	297	298	299	300	301
402002_16S_KN48L_GTCATATC-AAGCAGCA_S49_L001_R1	1.0	0.0	0.0	2.0	2.0	30.0	141.0	1509.0	1261.0	43745.0	60816.0
	290	291	292	293	294	295	296	297	298	299	300	301
402003_16S_KN48L_GTCATATC-ACGCGTGA_S50_L001_R1	2.0	6.0	0.0	0.0	2.0	8.0	60.0	179.0	1954.0	2054.0	38790.0	49538.0
	291	292	293	294	295	296	297	298	299	300	301
402004_16S_KN48L_GTCATATC-CGATCTAC_S51_L001_R1	2.0	1.0	2.0	6.0	7.0	80.0	206.0	1974.0	2162.0	28023.0	41196.0
	289	290	291	292	293	294	295	296	297	298	299	300	301
402005_16S_KN48L_GTCATATC-ACGACGTG_S52_L001_R1	1.0	0.0	2.0	0.0	1.0	3.0	6.0	34.0	123.0	1755.0	1545.0	24252.0	35992.0
	292	293	294	295	296	297	298	299	300	301
402006_16S_KN48L_GTCATATC-GTCTAGTG_S53_L001_R1	1.0	3.0	2.0	5.0	47.0	118.0	3236.0	2159.0	36544.0	56951.0
	220	222	224	226	228	230	232	234	236	238	240	242	244	246	248	250	252	254	256	258	260	262	264	266	268	270	272	274	276	278	280	282	284	286	288	290	292	294	296	298	300
402007_16S_KN48L_GTCATATC-CTAGTATG_S54_L001_R1	1.0	0.0	0.0	0.0	0.0	0.0	0.0	0.0	0.0	0.0	0.0	0.0	0.0	0.0	0.0	0.0	0.0	0.0	0.0	0.0	0.0	0.0	0.0	0.0	0.0	0.0	0.0	0.0	0.0	0.0	0.0	0.0	0.0	0.0	0.0	2.0	0.0	20.0	279.0	4596.0	73639.0
	290	291	292	293	294	295	296	297	298	299	300	301
402008_16S_KN48L_GTCATATC-GATAGCGT_S55_L001_R1	1.0	1.0	0.0	3.0	1.0	10.0	50.0	185.0	3183.0	2419.0	51125.0	85704.0
	206	208	210	212	214	216	218	220	222	224	226	228	230	232	234	236	238	240	242	244	246	248	250	252	254	256	258	260	262	264	266	268	270	272	274	276	278	280	282	284	286	288	290	292	294	296	298	300
402009_16S_KN48L_GTCATATC-TCTACACT_S56_L001_R1	1.0	0.0	0.0	0.0	0.0	0.0	0.0	0.0	0.0	0.0	0.0	0.0	0.0	0.0	0.0	0.0	0.0	0.0	0.0	0.0	0.0	0.0	0.0	0.0	0.0	0.0	0.0	0.0	0.0	0.0	0.0	0.0	0.0	0.0	0.0	0.0	0.0	0.0	0.0	0.0	1.0	0.0	6.0	5.0	9.0	286.0	5606.0	104778.0
	291	292	293	294	295	296	297	298	299	300	301
402010_16S_KN48L_GGAAACCA-AAGCAGCA_S57_L001_R1	1.0	0.0	1.0	1.0	2.0	16.0	109.0	2829.0	1995.0	35492.0	65830.0
	292	293	294	295	296	297	298	299	300	301
402011_16S_KN48L_GGAAACCA-ACGCGTGA_S58_L001_R1	1.0	1.0	3.0	3.0	29.0	115.0	5213.0	2668.0	50718.0	85321.0
	289	290	291	292	293	294	295	296	297	298	299	300	301
402012_16S_KN48L_GGAAACCA-CGATCTAC_S59_L001_R1	1.0	0.0	1.0	2.0	1.0	6.0	13.0	49.0	167.0	2279.0	2354.0	45305.0	59890.0
	288	289	290	291	292	293	294	295	296	297	298	299	300	301
402013_16S_KN48L_GGAAACCA-ACGACGTG_S60_L001_R1	1.0	1.0	1.0	4.0	2.0	1.0	7.0	19.0	92.0	313.0	2830.0	4161.0	57742.0	63229.0
	289	290	291	292	293	294	295	296	297	298	299	300	301
402014_16S_KN48L_GGAAACCA-GTCTAGTG_S61_L001_R1	1.0	0.0	3.0	1.0	0.0	3.0	7.0	23.0	154.0	2876.0	2756.0	51083.0	81778.0
	290	291	292	293	294	295	296	297	298	299	300	301
402015_16S_KN48L_GGAAACCA-CTAGTATG_S62_L001_R1	1.0	3.0	1.0	2.0	3.0	15.0	38.0	147.0	2738.0	2847.0	48668.0	54941.0
	290	291	292	293	294	295	296	297	298	299	300	301
402016_16S_KN48L_GGAAACCA-GATAGCGT_S63_L001_R1	1.0	3.0	0.0	0.0	3.0	11.0	36.0	130.0	2026.0	2290.0	45469.0	62478.0
	284	285	286	287	288	289	290	291	292	293	294	295	296	297	298	299	300	301
402017_16S_KN48L_GGAAACCA-TCTACACT_S64_L001_R1	1.0	0.0	1.0	0.0	0.0	0.0	2.0	4.0	0.0	5.0	4.0	20.0	71.0	230.0	3017.0	3871.0	79971.0	85728.0
	293	294	295	296	297	298	299	300	301
402018_16S_KN48L_TTGCGCAT-AAGCAGCA_S65_L001_R1	1.0	1.0	1.0	11.0	54.0	1639.0	885.0	20684.0	34534.0
	294	295	296	297	298	299	300	301
402019_16S_KN48L_TTGCGCAT-ACGCGTGA_S66_L001_R1	2.0	1.0	10.0	55.0	3919.0	1887.0	26677.0	45648.0
	291	292	293	294	295	296	297	298	299	300	301
402020_16S_KN48L_TTGCGCAT-CGATCTAC_S67_L001_R1	1.0	0.0	0.0	1.0	6.0	8.0	45.0	1487.0	864.0	16469.0	28326.0
	290	291	292	293	294	295	296	297	298	299	300	301
402021_16S_KN48L_TTGCGCAT-ACGACGTG_S68_L001_R1	1.0	1.0	0.0	0.0	1.0	4.0	20.0	92.0	3741.0	1881.0	24821.0	44387.0
	290	291	292	293	294	295	296	297	298	299	300	301
402022_16S_KN48L_TTGCGCAT-GTCTAGTG_S69_L001_R1	2.0	3.0	0.0	0.0	0.0	2.0	5.0	70.0	1671.0	1045.0	20693.0	36234.0
	291	292	293	294	295	296	297	298	299	300	301
402023_16S_KN48L_TTGCGCAT-CTAGTATG_S70_L001_R1	1.0	0.0	0.0	0.0	4.0	6.0	63.0	3106.0	1213.0	23123.0	39136.0
	287	288	289	290	291	292	293	294	295	296	297	298	299	300	301
402024_16S_KN48L_TTGCGCAT-GATAGCGT_S71_L001_R1	1.0	0.0	0.0	0.0	0.0	0.0	1.0	5.0	3.0	28.0	154.0	2737.0	2016.0	31472.0	49117.0
	290	291	292	293	294	295	296	297	298	299	300	301
402025_16S_KN48L_TTGCGCAT-TCTACACT_S72_L001_R1	1.0	3.0	0.0	0.0	3.0	8.0	34.0	176.0	3363.0	2522.0	35141.0	54939.0
	291	292	293	294	295	296	297	298	299	300	301
402026_16S_KN48L_ACATTCAG-AAGCAGCA_S73_L001_R1	1.0	0.0	1.0	1.0	3.0	10.0	83.0	3567.0	1767.0	33182.0	52122.0
	294	295	296	297	298	299	300	301
402027_16S_KN48L_ACATTCAG-ACGCGTGA_S74_L001_R1	1.0	2.0	7.0	85.0	3251.0	1589.0	30911.0	42554.0
	291	292	293	294	295	296	297	298	299	300	301
402028_16S_KN48L_ACATTCAG-CGATCTAC_S75_L001_R1	4.0	1.0	1.0	3.0	8.0	38.0	114.0	2081.0	1860.0	29823.0	43132.0
	291	292	293	294	295	296	297	298	299	300	301
402029_16S_KN48L_ACATTCAG-ACGACGTG_S76_L001_R1	2.0	0.0	1.0	5.0	8.0	38.0	202.0	5287.0	2699.0	45872.0	76389.0
	290	291	292	293	294	295	296	297	298	299	300	301
402030_16S_KN48L_ACATTCAG-GTCTAGTG_S77_L001_R1	1.0	1.0	0.0	2.0	3.0	2.0	25.0	237.0	3832.0	1975.0	55697.0	83697.0
	291	292	293	294	295	296	297	298	299	300	301
402031_16S_KN48L_ACATTCAG-CTAGTATG_S78_L001_R1	1.0	0.0	3.0	3.0	2.0	26.0	153.0	4813.0	2259.0	32910.0	55061.0
	290	291	292	293	294	295	296	297	298	299	300	301
402032_16S_KN48L_ACATTCAG-GATAGCGT_S79_L001_R1	1.0	3.0	0.0	5.0	3.0	11.0	50.0	179.0	3779.0	3214.0	71269.0	81745.0
	288	289	290	291	292	293	294	295	296	297	298	299	300	301
402033_16S_KN48L_ACATTCAG-TCTACACT_S80_L001_R1	1.0	0.0	0.0	4.0	2.0	2.0	5.0	1.0	31.0	110.0	2973.0	2152.0	47712.0	57612.0
	291	292	293	294	295	296	297	298	299	300	301
402034_16S_KN48L_ACTGACAG-AAGCAGCA_S81_L001_R1	1.0	0.0	0.0	3.0	0.0	18.0	80.0	2788.0	1774.0	41745.0	62189.0
	291	292	293	294	295	296	297	298	299	300	301
402035_16S_KN48L_ACTGACAG-ACGCGTGA_S82_L001_R1	3.0	2.0	0.0	5.0	16.0	40.0	179.0	3491.0	2425.0	34640.0	43235.0
	291	292	293	294	295	296	297	298	299	300	301
402036_16S_KN48L_ACTGACAG-CGATCTAC_S83_L001_R1	3.0	0.0	0.0	0.0	3.0	27.0	87.0	1259.0	1229.0	32815.0	47054.0
	291	292	293	294	295	296	297	298	299	300	301
402037_16S_KN48L_ACTGACAG-ACGACGTG_S84_L001_R1	4.0	1.0	0.0	3.0	5.0	33.0	132.0	2033.0	1834.0	42127.0	55596.0
	293	294	295	296	297	298	299	300	301
402038_16S_KN48L_ACTGACAG-GTCTAGTG_S85_L001_R1	1.0	0.0	4.0	14.0	80.0	2706.0	1601.0	39851.0	58815.0
	290	291	292	293	294	295	296	297	298	299	300	301
402039_16S_KN48L_ACTGACAG-CTAGTATG_S86_L001_R1	1.0	2.0	0.0	2.0	2.0	7.0	13.0	91.0	2805.0	1509.0	37726.0	44279.0
	294	295	296	297	298	299	300	301
402040_16S_KN48L_ACTGACAG-GATAGCGT_S87_L001_R1	9.0	4.0	23.0	90.0	2082.0	1509.0	42574.0	47688.0
	290	291	292	293	294	295	296	297	298	299	300	301
402041_16S_KN48L_ACTGACAG-TCTACACT_S88_L001_R1	1.0	1.0	2.0	3.0	4.0	18.0	59.0	219.0	3132.0	3151.0	51966.0	60673.0
	286	287	288	289	290	291	292	293	294	295	296	297	298	299	300	301
402042_16S_KN48L_CGAGAAGA-AAGCAGCA_S89_L001_R1	1.0	0.0	0.0	0.0	0.0	1.0	0.0	1.0	1.0	4.0	12.0	97.0	2380.0	1911.0	57381.0	74491.0
	289	290	291	292	293	294	295	296	297	298	299	300	301
402043_16S_KN48L_CGAGAAGA-ACGCGTGA_S90_L001_R1	1.0	1.0	5.0	0.0	2.0	8.0	9.0	52.0	196.0	2321.0	3007.0	55716.0	64845.0
	288	289	290	291	292	293	294	295	296	297	298	299	300	301
402044_16S_KN48L_CGAGAAGA-CGATCTAC_S91_L001_R1	1.0	0.0	0.0	2.0	0.0	2.0	1.0	11.0	60.0	194.0	4025.0	3340.0	69661.0	89154.0
	291	292	293	294	295	296	297	298	299	300	301
402045_16S_KN48L_CGAGAAGA-ACGACGTG_S92_L001_R1	5.0	1.0	4.0	10.0	9.0	75.0	204.0	3136.0	3000.0	52575.0	63181.0
	290	291	292	293	294	295	296	297	298	299	300	301
402046_16S_KN48L_CGAGAAGA-GTCTAGTG_S93_L001_R1	1.0	3.0	0.0	0.0	1.0	4.0	48.0	246.0	2877.0	2457.0	68986.0	90947.0
	290	291	292	293	294	295	296	297	298	299	300	301
402047_16S_KN48L_ATTCCTGT-AAGCAGCA_S94_L001_R1	2.0	1.0	0.0	1.0	13.0	12.0	63.0	250.0	2556.0	2894.0	38666.0	57726.0
	290	291	292	293	294	295	296	297	298	299	300	301
402048_16S_KN48L_ATTCCTGT-ACGCGTGA_S95_L001_R1	1.0	1.0	0.0	1.0	4.0	9.0	48.0	164.0	1681.0	1946.0	33930.0	45104.0
	290	291	292	293	294	295	296	297	298	299	300	301
402049_16S_KN48L_ATTCCTGT-CGATCTAC_S96_L001_R1	1.0	3.0	0.0	1.0	8.0	4.0	37.0	175.0	1459.0	2031.0	30159.0	41005.0
	290	291	292	293	294	295	296	297	298	299	300	301
402050_16S_KN482_GTCAATTG-AAGCAGCA_S1_L001_R1	2.0	2.0	0.0	0.0	0.0	3.0	17.0	78.0	1401.0	1602.0	28037.0	74678.0
	291	292	293	294	295	296	297	298	299	300	301
402051_16S_KN482_GTCAATTG-ACGCGTGA_S2_L001_R1	2.0	0.0	1.0	2.0	1.0	10.0	65.0	311.0	666.0	5566.0	22284.0
	291	292	293	294	295	296	297	298	299	300	301
402052_16S_KN482_GTCAATTG-CGATCTAC_S3_L001_R1	1.0	0.0	0.0	1.0	3.0	18.0	50.0	2281.0	1114.0	14170.0	41298.0
	287	288	289	290	291	292	293	294	295	296	297	298	299	300	301
402053_16S_KN482_GTCAATTG-ACGACGTG_S4_L001_R1	1.0	0.0	0.0	1.0	3.0	0.0	0.0	0.0	4.0	19.0	62.0	1579.0	1333.0	21283.0	55091.0
	291	292	293	294	295	296	297	298	299	300	301
402054_16S_KN482_GTCAATTG-GTCTAGTG_S5_L001_R1	2.0	0.0	1.0	0.0	2.0	16.0	54.0	1558.0	1328.0	28136.0	67188.0
	283	284	285	286	287	288	289	290	291	292	293	294	295	296	297	298	299	300	301
402055_16S_KN482_GTCAATTG-CTAGTATG_S6_L001_R1	1.0	0.0	0.0	0.0	0.0	0.0	2.0	0.0	3.0	0.0	1.0	1.0	6.0	19.0	98.0	1557.0	1753.0	22869.0	68427.0
	291	292	293	294	295	296	297	298	299	300	301
402056_16S_KN482_GTCAATTG-GATAGCGT_S7_L001_R1	4.0	0.0	0.0	0.0	4.0	15.0	70.0	1460.0	1263.0	23918.0	56286.0
	291	292	293	294	295	296	297	298	299	300	301
402057_16S_KN482_GTCAATTG-TCTACACT_S8_L001_R1	1.0	0.0	1.0	1.0	6.0	14.0	73.0	372.0	1124.0	7842.0	36630.0
	287	288	289	290	291	292	293	294	295	296	297	298	299	300	301
402058_16S_KN482_ATGAGACT-AAGCAGCA_S9_L001_R1	1.0	0.0	0.0	0.0	0.0	0.0	0.0	2.0	1.0	7.0	43.0	1459.0	1241.0	20596.0	51548.0
	291	292	293	294	295	296	297	298	299	300	301
402059_16S_KN482_ATGAGACT-ACGCGTGA_S10_L001_R1	4.0	0.0	0.0	0.0	2.0	7.0	52.0	625.0	803.0	7823.0	29979.0
	291	292	293	294	295	296	297	298	299	300	301
402060_16S_KN482_ATGAGACT-CGATCTAC_S11_L001_R1	2.0	0.0	0.0	0.0	2.0	7.0	33.0	645.0	708.0	13937.0	34897.0
	291	292	293	294	295	296	297	298	299	300	301
402061_16S_KN482_ATGAGACT-ACGACGTG_S12_L001_R1	1.0	0.0	0.0	3.0	4.0	22.0	63.0	1418.0	1356.0	17349.0	47564.0
	296	297	298	299	300	301
402062_16S_KN482_ATGAGACT-GTCTAGTG_S13_L001_R1	9.0	47.0	2172.0	1166.0	19651.0	51850.0
	295	296	297	298	299	300	301
402063_16S_KN482_ATGAGACT-CTAGTATG_S14_L001_R1	2.0	5.0	46.0	1418.0	1008.0	12519.0	39235.0
	293	294	295	296	297	298	299	300	301
402064_16S_KN482_ATGAGACT-GATAGCGT_S15_L001_R1	2.0	0.0	3.0	12.0	58.0	1160.0	1113.0	24045.0	50117.0
	291	292	293	294	295	296	297	298	299	300	301
402065_16S_KN482_ATGAGACT-TCTACACT_S16_L001_R1	1.0	0.0	0.0	1.0	0.0	6.0	43.0	315.0	701.0	6695.0	22610.0
	289	290	291	292	293	294	295	296	297	298	299	300	301
402066_16S_KN482_GAATCTTC-AAGCAGCA_S17_L001_R1	1.0	0.0	0.0	0.0	0.0	1.0	4.0	14.0	49.0	1144.0	1415.0	25660.0	63630.0
	287	288	289	290	291	292	293	294	295	296	297	298	299	300	301
402067_16S_KN482_GAATCTTC-ACGCGTGA_S18_L001_R1	1.0	0.0	0.0	1.0	3.0	0.0	1.0	1.0	2.0	14.0	56.0	1482.0	1546.0	22856.0	57349.0
	291	292	293	294	295	296	297	298	299	300	301
402068_16S_KN482_GAATCTTC-CGATCTAC_S19_L001_R1	1.0	0.0	1.0	1.0	1.0	5.0	47.0	2147.0	1469.0	24910.0	62537.0
	291	292	293	294	295	296	297	298	299	300	301
402069_16S_KN482_GAATCTTC-ACGACGTG_S20_L001_R1	1.0	0.0	0.0	0.0	6.0	14.0	73.0	1716.0	1407.0	15789.0	47673.0
	289	290	291	292	293	294	295	296	297	298	299	300	301
402070_16S_KN482_GAATCTTC-GTCTAGTG_S21_L001_R1	1.0	1.0	3.0	1.0	1.0	0.0	3.0	10.0	61.0	729.0	1093.0	12946.0	40373.0
	291	292	293	294	295	296	297	298	299	300	301
402071_16S_KN482_GAATCTTC-CTAGTATG_S22_L001_R1	4.0	0.0	0.0	0.0	2.0	10.0	77.0	457.0	968.0	7199.0	32765.0
	291	292	293	294	295	296	297	298	299	300	301
402072_16S_KN482_GAATCTTC-GATAGCGT_S23_L001_R1	3.0	0.0	0.0	1.0	1.0	17.0	78.0	1197.0	1320.0	19661.0	54071.0
	291	292	293	294	295	296	297	298	299	300	301
402073_16S_KN482_CCAGTGTA-ACGCGTGA_S24_L001_R1	1.0	0.0	0.0	2.0	8.0	13.0	36.0	738.0	874.0	8577.0	30886.0
	296	297	298	299	300	301
402074_16S_KN482_ACACGTAA-AAGCAGCA_S25_L001_R1	7.0	41.0	2153.0	1457.0	24370.0	54744.0
	291	292	293	294	295	296	297	298	299	300	301
402075_16S_KN482_ACACGTAA-ACGCGTGA_S26_L001_R1	3.0	0.0	0.0	0.0	4.0	26.0	121.0	2914.0	2300.0	24812.0	81891.0
	290	291	292	293	294	295	296	297	298	299	300	301
402076_16S_KN482_ACACGTAA-CGATCTAC_S27_L001_R1	1.0	1.0	0.0	0.0	0.0	2.0	10.0	54.0	2099.0	1517.0	27207.0	55346.0
	290	291	292	293	294	295	296	297	298	299	300	301
402077_16S_KN482_ACACGTAA-ACGACGTG_S28_L001_R1	1.0	2.0	0.0	0.0	1.0	5.0	9.0	68.0	968.0	1042.0	9198.0	38301.0
	291	292	293	294	295	296	297	298	299	300	301
402078_16S_KN482_ACACGTAA-GTCTAGTG_S29_L001_R1	1.0	0.0	0.0	0.0	0.0	13.0	41.0	3609.0	1939.0	24789.0	62253.0
	295	296	297	298	299	300	301
402079_16S_KN482_ACACGTAA-CTAGTATG_S30_L001_R1	2.0	7.0	48.0	4395.0	2344.0	21288.0	61719.0
	295	296	297	298	299	300	301
402080_16S_KN482_ACACGTAA-GATAGCGT_S31_L001_R1	4.0	11.0	41.0	1734.0	1410.0	28744.0	56079.0
	289	290	291	292	293	294	295	296	297	298	299	300	301
402081_16S_KN482_ACACGTAA-TCTACACT_S32_L001_R1	1.0	0.0	4.0	1.0	2.0	3.0	4.0	18.0	97.0	3935.0	2861.0	27293.0	86539.0
	291	292	293	294	295	296	297	298	299	300	301
402082_16S_KN482_GAGTGGTA-AAGCAGCA_S33_L001_R1	2.0	1.0	0.0	0.0	3.0	16.0	71.0	2886.0	2353.0	43700.0	98833.0
	289	290	291	292	293	294	295	296	297	298	299	300	301
402083_16S_KN482_GAGTGGTA-ACGCGTGA_S34_L001_R1	1.0	0.0	6.0	0.0	0.0	1.0	6.0	29.0	98.0	917.0	1586.0	12778.0	51973.0
	291	292	293	294	295	296	297	298	299	300	301
402084_16S_KN482_GAGTGGTA-CGATCTAC_S35_L001_R1	1.0	0.0	2.0	0.0	0.0	6.0	40.0	2124.0	1702.0	23360.0	55000.0
	291	292	293	294	295	296	297	298	299	300	301
402085_16S_KN482_GAGTGGTA-ACGACGTG_S36_L001_R1	1.0	0.0	1.0	2.0	1.0	12.0	66.0	5027.0	3090.0	18811.0	67123.0
	291	292	293	294	295	296	297	298	299	300	301
402086_16S_KN482_GAGTGGTA-GTCTAGTG_S37_L001_R1	3.0	1.0	0.0	0.0	2.0	10.0	93.0	2964.0	2720.0	38916.0	89410.0
	182	187	192	197	202	207	212	217	222	227	232	237	242	247	252	257	262	267	272	277	282	287	292	297	301
402087_16S_KN482_GAGTGGTA-CTAGTATG_S38_L001_R1	1.0	0.0	0.0	0.0	0.0	0.0	0.0	0.0	0.0	0.0	0.0	0.0	0.0	0.0	0.0	0.0	0.0	0.0	0.0	0.0	0.0	0.0	6.0	6490.0	136642.0
	290	291	292	293	294	295	296	297	298	299	300	301
402088_16S_KN482_GAGTGGTA-GATAGCGT_S39_L001_R1	2.0	4.0	0.0	0.0	2.0	1.0	15.0	118.0	2964.0	2429.0	33490.0	86012.0
	289	290	291	292	293	294	295	296	297	298	299	300	301
402089_16S_KN482_GAGTGGTA-TCTACACT_S40_L001_R1	1.0	0.0	3.0	0.0	1.0	1.0	3.0	17.0	109.0	1532.0	1816.0	13933.0	54942.0
	236	238	240	242	244	246	248	250	252	254	256	258	260	262	264	266	268	270	272	274	276	278	280	282	284	286	288	290	292	294	296	298	300
402090_16S_KN482_GAAGTTGG-AAGCAGCA_S41_L001_R1	1.0	0.0	0.0	0.0	0.0	0.0	0.0	0.0	0.0	0.0	0.0	0.0	0.0	0.0	0.0	0.0	0.0	0.0	0.0	0.0	0.0	0.0	0.0	0.0	0.0	1.0	0.0	2.0	0.0	10.0	138.0	4506.0	111445.0
	295	296	297	298	299	300	301
402091_16S_KN482_GAAGTTGG-ACGCGTGA_S42_L001_R1	3.0	15.0	64.0	882.0	977.0	10626.0	37976.0
	295	296	297	298	299	300	301
402092_16S_KN482_GAAGTTGG-CGATCTAC_S43_L001_R1	2.0	12.0	67.0	1678.0	1628.0	21792.0	55226.0
	291	292	293	294	295	296	297	298	299	300	301
402093_16S_KN482_GAAGTTGG-ACGACGTG_S44_L001_R1	4.0	0.0	2.0	1.0	4.0	23.0	106.0	2774.0	2601.0	27295.0	90233.0
	291	292	293	294	295	296	297	298	299	300	301
402094_16S_KN482_GAAGTTGG-GTCTAGTG_S45_L001_R1	4.0	0.0	2.0	2.0	5.0	18.0	81.0	2636.0	2197.0	41916.0	85143.0
	291	292	293	294	295	296	297	298	299	300	301
402095_16S_KN482_GAAGTTGG-CTAGTATG_S46_L001_R1	2.0	0.0	1.0	0.0	9.0	23.0	133.0	1811.0	2168.0	22384.0	74660.0
	291	292	293	294	295	296	297	298	299	300	301
402096_16S_KN482_GAAGTTGG-GATAGCGT_S47_L001_R1	4.0	0.0	0.0	0.0	4.0	10.0	40.0	2816.0	1637.0	27689.0	63906.0
	291	292	293	294	295	296	297	298	299	300	301
402097_16S_KN482_GAAGTTGG-TCTACACT_S48_L001_R1	3.0	0.0	1.0	0.0	4.0	13.0	66.0	4138.0	1995.0	24268.0	72494.0
	296	297	298	299	300	301
402098_16S_KN482_TTCCTAGG-AAGCAGCA_S49_L001_R1	9.0	39.0	2461.0	1671.0	18611.0	47824.0
	291	292	293	294	295	296	297	298	299	300	301
402099_16S_KN482_TTCCTAGG-ACGCGTGA_S50_L001_R1	2.0	0.0	1.0	0.0	5.0	14.0	85.0	4004.0	3189.0	19438.0	62622.0
	288	289	290	291	292	293	294	295	296	297	298	299	300	301
402100_16S_KN482_CCAGTGTA-CGATCTAC_S51_L001_R1	1.0	0.0	0.0	2.0	0.0	0.0	1.0	5.0	15.0	124.0	9772.0	4853.0	59516.0	159737.0
	291	292	293	294	295	296	297	298	299	300	301
402101_16S_KN482_TTCCTAGG-ACGACGTG_S52_L001_R1	1.0	0.0	0.0	0.0	7.0	20.0	86.0	4993.0	3389.0	20901.0	76098.0
	291	292	293	294	295	296	297	298	299	300	301
402102_16S_KN482_TTCCTAGG-GTCTAGTG_S53_L001_R1	1.0	0.0	0.0	1.0	2.0	2.0	34.0	4459.0	2666.0	23705.0	59078.0
	286	287	288	289	290	291	292	293	294	295	296	297	298	299	300	301
402103_16S_KN482_TTCCTAGG-CTAGTATG_S54_L001_R1	1.0	0.0	0.0	1.0	0.0	5.0	0.0	0.0	0.0	5.0	19.0	132.0	5850.0	6228.0	21656.0	74780.0
	292	293	294	295	296	297	298	299	300	301
402104_16S_KN482_TTCCTAGG-GATAGCGT_S55_L001_R1	1.0	0.0	0.0	2.0	10.0	68.0	4845.0	2995.0	30685.0	77548.0
	275	276	277	278	279	280	281	282	283	284	285	286	287	288	289	290	291	292	293	294	295	296	297	298	299	300	301
402105_16S_KN482_TTCCTAGG-TCTACACT_S56_L001_R1	1.0	0.0	0.0	0.0	0.0	0.0	0.0	0.0	0.0	0.0	0.0	0.0	0.0	1.0	0.0	0.0	0.0	0.0	2.0	1.0	2.0	14.0	61.0	5927.0	4489.0	23626.0	66122.0
	295	296	297	298	299	300	301
402106_16S_KN482_GCACGACA-AAGCAGCA_S57_L001_R1	2.0	13.0	52.0	2683.0	1979.0	23913.0	55641.0
	291	292	293	294	295	296	297	298	299	300	301
402107_16S_KN482_GCACGACA-ACGCGTGA_S58_L001_R1	1.0	0.0	1.0	0.0	2.0	10.0	71.0	3693.0	3405.0	20815.0	65252.0
	295	296	297	298	299	300	301
402108_16S_KN482_GCACGACA-CGATCTAC_S59_L001_R1	1.0	9.0	40.0	2894.0	1409.0	13769.0	47164.0
	295	296	297	298	299	300	301
402109_16S_KN482_GCACGACA-ACGACGTG_S60_L001_R1	2.0	7.0	35.0	2947.0	1615.0	16540.0	48045.0
	291	292	293	294	295	296	297	298	299	300	301
402110_16S_KN482_GCACGACA-GTCTAGTG_S61_L001_R1	1.0	0.0	0.0	0.0	2.0	6.0	42.0	3176.0	1963.0	22140.0	54772.0
	291	292	293	294	295	296	297	298	299	300	301
402111_16S_KN482_GCACGACA-CTAGTATG_S62_L001_R1	4.0	0.0	0.0	2.0	4.0	18.0	85.0	4402.0	2952.0	18656.0	63249.0
	290	291	292	293	294	295	296	297	298	299	300	301
402112_16S_KN482_GCACGACA-GATAGCGT_S63_L001_R1	1.0	1.0	0.0	0.0	0.0	0.0	5.0	24.0	2123.0	1376.0	18724.0	46835.0
	290	291	292	293	294	295	296	297	298	299	300	301
402113_16S_KN482_GCACGACA-TCTACACT_S64_L001_R1	1.0	2.0	0.0	0.0	1.0	1.0	9.0	53.0	1539.0	1303.0	10957.0	40224.0
	292	293	294	295	296	297	298	299	300	301
402114_16S_KN482_ATCGATCT-AAGCAGCA_S65_L001_R1	1.0	0.0	1.0	2.0	10.0	48.0	3339.0	1717.0	19990.0	65956.0
	291	292	293	294	295	296	297	298	299	300	301
402115_16S_KN482_ATCGATCT-ACGCGTGA_S66_L001_R1	1.0	0.0	0.0	0.0	2.0	7.0	34.0	3597.0	1728.0	21971.0	67203.0
	291	292	293	294	295	296	297	298	299	300	301
402116_16S_KN482_ATCGATCT-CGATCTAC_S67_L001_R1	2.0	0.0	1.0	1.0	0.0	5.0	38.0	2048.0	1616.0	15079.0	49999.0
	291	292	293	294	295	296	297	298	299	300	301
402117_16S_KN482_ATCGATCT-ACGACGTG_S68_L001_R1	2.0	0.0	1.0	0.0	2.0	12.0	49.0	3595.0	2960.0	28870.0	90535.0
	294	295	296	297	298	299	300	301
402118_16S_KN482_ATCGATCT-GTCTAGTG_S69_L001_R1	1.0	2.0	4.0	36.0	2575.0	1659.0	20300.0	64672.0
	291	292	293	294	295	296	297	298	299	300	301
402119_16S_KN482_ATCGATCT-CTAGTATG_S70_L001_R1	1.0	0.0	0.0	1.0	0.0	7.0	40.0	2948.0	2012.0	23080.0	71323.0
	286	287	288	289	290	291	292	293	294	295	296	297	298	299	300	301
402120_16S_KN482_ATCGATCT-GATAGCGT_S71_L001_R1	1.0	0.0	0.0	0.0	0.0	0.0	0.0	0.0	1.0	2.0	7.0	36.0	3187.0	1721.0	27398.0	77948.0
	291	292	293	294	295	296	297	298	299	300	301
402121_16S_KN482_ATCGATCT-TCTACACT_S72_L001_R1	1.0	0.0	0.0	0.0	0.0	5.0	52.0	3015.0	1680.0	25207.0	68920.0
	291	292	293	294	295	296	297	298	299	300	301
402122_16S_KN482_CTTGTGTC-AAGCAGCA_S73_L001_R1	1.0	0.0	0.0	0.0	2.0	4.0	22.0	2114.0	1523.0	20788.0	57872.0
	290	291	292	293	294	295	296	297	298	299	300	301
402123_16S_KN482_CTTGTGTC-ACGCGTGA_S74_L001_R1	1.0	0.0	0.0	0.0	1.0	0.0	2.0	40.0	2714.0	1843.0	27087.0	71836.0
	291	292	293	294	295	296	297	298	299	300	301
402124_16S_KN482_CTTGTGTC-CGATCTAC_S75_L001_R1	1.0	0.0	0.0	0.0	1.0	6.0	21.0	2124.0	1631.0	18549.0	55545.0
	291	292	293	294	295	296	297	298	299	300	301
402125_16S_KN482_CTTGTGTC-ACGACGTG_S76_L001_R1	1.0	0.0	0.0	2.0	0.0	9.0	27.0	2609.0	2135.0	25570.0	71971.0
	296	297	298	299	300	301
402126_16S_KN482_CTTGTGTC-GTCTAGTG_S77_L001_R1	6.0	26.0	2972.0	1755.0	26728.0	86918.0
	296	297	298	299	300	301
402127_16S_KN482_CTTGTGTC-CTAGTATG_S78_L001_R1	11.0	28.0	3050.0	1699.0	23033.0	73323.0
	291	292	293	294	295	296	297	298	299	300	301
402128_16S_KN482_CTTGTGTC-GATAGCGT_S79_L001_R1	2.0	0.0	1.0	0.0	1.0	3.0	36.0	4082.0	2168.0	23529.0	71779.0
	291	292	293	294	295	296	297	298	299	300	301
402129_16S_KN482_CTTGTGTC-TCTACACT_S80_L001_R1	4.0	0.0	0.0	0.0	0.0	7.0	45.0	4322.0	2219.0	24568.0	68476.0
	294	295	296	297	298	299	300	301
402130_16S_KN482_TGAGCCGG-AAGCAGCA_S81_L001_R1	1.0	1.0	6.0	45.0	2512.0	1591.0	26110.0	61201.0
	291	292	293	294	295	296	297	298	299	300	301
402131_16S_KN482_TGAGCCGG-ACGCGTGA_S82_L001_R1	2.0	0.0	0.0	2.0	0.0	3.0	45.0	3659.0	2151.0	22720.0	59884.0
	290	291	292	293	294	295	296	297	298	299	300	301
402132_16S_KN482_TGAGCCGG-CGATCTAC_S83_L001_R1	2.0	1.0	0.0	1.0	0.0	0.0	9.0	51.0	3079.0	1789.0	31042.0	74129.0
	291	292	293	294	295	296	297	298	299	300	301
402133_16S_KN482_TGAGCCGG-ACGACGTG_S84_L001_R1	2.0	0.0	1.0	0.0	3.0	14.0	55.0	6254.0	3272.0	23741.0	73473.0
	291	292	293	294	295	296	297	298	299	300	301
402134_16S_KN482_TGAGCCGG-GTCTAGTG_S85_L001_R1	2.0	0.0	0.0	0.0	0.0	3.0	38.0	3687.0	1964.0	23349.0	64206.0
	295	296	297	298	299	300	301
402135_16S_KN482_TGAGCCGG-CTAGTATG_S86_L001_R1	2.0	10.0	53.0	4658.0	2407.0	26918.0	70325.0
	287	288	289	290	291	292	293	294	295	296	297	298	299	300	301
402136_16S_KN482_TGAGCCGG-GATAGCGT_S87_L001_R1	1.0	0.0	0.0	0.0	0.0	0.0	0.0	0.0	1.0	7.0	38.0	2618.0	1675.0	26257.0	61083.0
	290	291	292	293	294	295	296	297	298	299	300	301
402137_16S_KN482_TGAGCCGG-TCTACACT_S88_L001_R1	2.0	2.0	0.0	1.0	0.0	1.0	14.0	56.0	3869.0	2175.0	28221.0	76108.0
	296	297	298	299	300	301
402138_16S_KN482_GCGGCAAT-AAGCAGCA_S89_L001_R1	2.0	17.0	1673.0	772.0	14198.0	33336.0
	295	296	297	298	299	300	301
402139_16S_KN482_GCGGCAAT-ACGCGTGA_S90_L001_R1	1.0	3.0	27.0	2515.0	675.0	12354.0	34704.0
	296	297	298	299	300	301
402140_16S_KN482_GCGGCAAT-CGATCTAC_S91_L001_R1	2.0	12.0	1159.0	668.0	13223.0	29381.0
	296	297	298	299	300	301
402141_16S_KN482_GCGGCAAT-ACGACGTG_S92_L001_R1	2.0	16.0	1858.0	1152.0	13492.0	34795.0
	295	296	297	298	299	300	301
402142_16S_KN482_GCGGCAAT-GTCTAGTG_S93_L001_R1	2.0	4.0	10.0	1846.0	742.0	15134.0	37199.0
	290	291	292	293	294	295	296	297	298	299	300	301
402143_16S_KN482_ATTCCTGT-ACGACGTG_S94_L001_R1	1.0	2.0	0.0	1.0	2.0	3.0	22.0	64.0	3502.0	1589.0	19108.0	57105.0
	295	296	297	298	299	300	301
402144_16S_KN482_ATTCCTGT-GTCTAGTG_S95_L001_R1	1.0	2.0	22.0	1258.0	1015.0	15122.0	34563.0
	295	296	297	298	299	300	301
402145_16S_KN482_ATTCCTGT-CTAGTATG_S96_L001_R1	3.0	11.0	57.0	4532.0	2674.0	20699.0	60886.0
	290	291	292	293	294	295	296	297	298	299	300	301
402146_16S_KN48L_GGCCACGT-AAGCAGCA_S97_L001_R1	1.0	2.0	0.0	1.0	1.0	2.0	10.0	60.0	2030.0	1284.0	29143.0	38829.0
	293	294	295	296	297	298	299	300	301
402147_16S_KN48L_GGCCACGT-ACGCGTGA_S98_L001_R1	1.0	2.0	5.0	23.0	109.0	4798.0	3368.0	34756.0	52134.0
	292	293	294	295	296	297	298	299	300	301
402148_16S_KN48L_GGCCACGT-CGATCTAC_S99_L001_R1	1.0	3.0	2.0	4.0	25.0	75.0	2349.0	1782.0	38887.0	45307.0
	291	292	293	294	295	296	297	298	299	300	301
402149_16S_KN48L_GGCCACGT-ACGACGTG_S100_L001_R1	2.0	0.0	0.0	1.0	2.0	23.0	71.0	2946.0	1790.0	32818.0	42192.0
	291	292	293	294	295	296	297	298	299	300	301
402150_16S_KN48L_GGCCACGT-GTCTAGTG_S101_L001_R1	1.0	0.0	0.0	2.0	2.0	10.0	111.0	2664.0	2245.0	32419.0	62856.0
	287	288	289	290	291	292	293	294	295	296	297	298	299	300	301
402151_16S_KN48L_GGCCACGT-CTAGTATG_S102_L001_R1	1.0	0.0	1.0	0.0	0.0	1.0	1.0	1.0	2.0	16.0	106.0	2712.0	2154.0	28927.0	51735.0
	291	292	293	294	295	296	297	298	299	300	301
402152_16S_KN48L_GGCCACGT-GATAGCGT_S103_L001_R1	1.0	0.0	2.0	0.0	5.0	15.0	81.0	2389.0	1564.0	32515.0	60428.0
	290	291	292	293	294	295	296	297	298	299	300	301
402153_16S_KN48L_GGCCACGT-TCTACACT_S104_L001_R1	1.0	1.0	0.0	0.0	5.0	8.0	37.0	127.0	3168.0	2138.0	38728.0	64287.0
	293	294	295	296	297	298	299	300	301
402154_16S_KN48L_TAGGAACT-AAGCAGCA_S105_L001_R1	2.0	3.0	7.0	23.0	78.0	3816.0	1890.0	35385.0	62951.0
	291	292	293	294	295	296	297	298	299	300	301
402155_16S_KN48L_TAGGAACT-ACGCGTGA_S106_L001_R1	2.0	0.0	4.0	1.0	8.0	18.0	69.0	4088.0	1962.0	34060.0	59100.0
	294	295	296	297	298	299	300	301
402156_16S_KN48L_TAGGAACT-CGATCTAC_S107_L001_R1	3.0	5.0	11.0	113.0	4566.0	1808.0	33826.0	56452.0
	291	292	293	294	295	296	297	298	299	300	301
402157_16S_KN48L_TAGGAACT-ACGACGTG_S108_L001_R1	1.0	1.0	4.0	2.0	5.0	26.0	104.0	7720.0	2508.0	38619.0	72591.0
	291	292	293	294	295	296	297	298	299	300	301
402158_16S_KN48L_TAGGAACT-GTCTAGTG_S109_L001_R1	1.0	1.0	0.0	6.0	5.0	25.0	148.0	3826.0	3017.0	59257.0	80085.0
	291	292	293	294	295	296	297	298	299	300	301
402159_16S_KN48L_TAGGAACT-CTAGTATG_S110_L001_R1	3.0	0.0	0.0	6.0	12.0	43.0	209.0	6409.0	3653.0	55376.0	83017.0
	293	294	295	296	297	298	299	300	301
402160_16S_KN48L_TAGGAACT-GATAGCGT_S111_L001_R1	1.0	3.0	5.0	27.0	121.0	4129.0	3129.0	53649.0	70245.0
	290	291	292	293	294	295	296	297	298	299	300	301
402161_16S_KN48L_TAGGAACT-TCTACACT_S112_L001_R1	1.0	1.0	1.0	1.0	5.0	15.0	37.0	143.0	5487.0	3580.0	50727.0	69309.0
	290	291	292	293	294	295	296	297	298	299	300	301
402162_16S_KN482_CTAGCGAA-AAGCAGCA_S97_L001_R1	1.0	2.0	0.0	0.0	0.0	3.0	3.0	25.0	2034.0	1140.0	22425.0	50315.0
	295	296	297	298	299	300	301
402163_16S_KN482_CTAGCGAA-ACGCGTGA_S98_L001_R1	1.0	4.0	21.0	2599.0	1374.0	18685.0	43709.0
	291	292	293	294	295	296	297	298	299	300	301
402164_16S_KN482_CTAGCGAA-CGATCTAC_S99_L001_R1	1.0	0.0	0.0	1.0	1.0	4.0	23.0	1495.0	947.0	18391.0	43858.0
	296	297	298	299	300	301
402165_16S_KN482_CTAGCGAA-ACGACGTG_S100_L001_R1	4.0	37.0	2340.0	1136.0	19427.0	49766.0
	295	296	297	298	299	300	301
59000_16S_KN482_GACAGGAG-AAGCAGCA_S101_L001_R1	1.0	1.0	34.0	3120.0	1456.0	21449.0	57445.0
	290	291	292	293	294	295	296	297	298	299	300	301
59001_16S_KN482_GACAGGAG-ACGCGTGA_S102_L001_R1	1.0	0.0	0.0	0.0	0.0	1.0	9.0	35.0	2196.0	1299.0	20081.0	47166.0
	291	292	293	294	295	296	297	298	299	300	301
59002_16S_KN482_GACAGGAG-CGATCTAC_S103_L001_R1	2.0	0.0	0.0	0.0	3.0	5.0	42.0	2540.0	1542.0	22830.0	53952.0
	291	292	293	294	295	296	297	298	299	300	301
59003_16S_KN482_GACAGGAG-ACGACGTG_S104_L001_R1	2.0	1.0	1.0	1.0	4.0	17.0	86.0	3510.0	2731.0	22259.0	76176.0
	291	292	293	294	295	296	297	298	299	300	301
59004_16S_KN482_GACAGGAG-GTCTAGTG_S105_L001_R1	1.0	0.0	1.0	0.0	3.0	4.0	36.0	2751.0	2481.0	27906.0	65260.0
	294	295	296	297	298	299	300	301
59005_16S_KN482_GACAGGAG-CTAGTATG_S106_L001_R1	3.0	2.0	9.0	65.0	4758.0	11817.0	36760.0	85007.0
	295	296	297	298	299	300	301
59006_16S_KN482_GACAGGAG-GATAGCGT_S107_L001_R1	1.0	6.0	50.0	3416.0	2161.0	33091.0	75742.0
	291	292	293	294	295	296	297	298	299	300	301
59007_16S_KN482_GACAGGAG-TCTACACT_S108_L001_R1	7.0	0.0	0.0	0.0	6.0	29.0	122.0	4336.0	3934.0	26901.0	107741.0
	294	295	296	297	298	299	300	301
ATCC1002MOCK_16S_KN482_CTAGCGAA-GTCTAGTG_S109_L001_R1	1.0	3.0	14.0	8.0	273.0	21740.0	44983.0	86339.0
	291	292	293	294	295	296	297	298	299	300	301
ATCC1002MOCK_16S_KN482_GCGGCAAT-CTAGTATG_S110_L001_R1	1.0	0.0	0.0	1.0	1.0	6.0	6.0	174.0	14295.0	27084.0	62135.0
	295	296	297	298	299	300	301
ATCC1002MOCK_16S_KN482_TACACGAT-AAGCAGCA_S111_L001_R1	1.0	13.0	17.0	358.0	27380.0	51419.0	102820.0
	288	289	290	291	292	293	294	295	296	297	298	299	300	301
ATCC1002MOCK_16S_KN48L_CGAGAAGA-CTAGTATG_S113_L001_R1	4.0	0.0	1.0	3.0	2.0	0.0	2.0	7.0	71.0	83.0	528.0	40974.0	95502.0	102793.0
	287	288	289	290	291	292	293	294	295	296	297	298	299	300	301
No_Template_Control_16S_KN482_CTAGCGAA-GATAGCGT_S112_L001_R1	1.0	0.0	1.0	3.0	17.0	2.0	7.0	5.0	20.0	83.0	380.0	820.0	4886.0	22175.0	140626.0
	289	290	291	292	293	294	295	296	297	298	299	300	301
No_Template_Control_16S_KN482_GCGGCAAT-TCTACACT_S113_L001_R1	1.0	2.0	3.0	0.0	1.0	7.0	12.0	65.0	272.0	692.0	4203.0	19186.0	127382.0
	289	290	291	292	293	294	295	296	297	298	299	300	301
No_Template_Control_16S_KN482_TACACGAT-ACGACGTG_S114_L001_R1	2.0	2.0	10.0	0.0	1.0	5.0	15.0	66.0	264.0	624.0	3613.0	16513.0	102578.0
	268	269	270	271	272	273	274	275	276	277	278	279	280	281	282	283	284	285	286	287	288	289	290	291	292	293	294	295	296	297	298	299	300	301
No_Template_Control_16S_KN48L_CGAGAAGA-TCTACACT_S114_L001_R1	1.0	0.0	0.0	0.0	0.0	0.0	0.0	0.0	0.0	0.0	0.0	0.0	0.0	0.0	0.0	0.0	0.0	0.0	3.0	1.0	1.0	1.0	12.0	35.0	5.0	22.0	44.0	123.0	566.0	1777.0	1576.0	17516.0	116417.0	120580.0
	291	292	293	294	295	296	297	298	299	300	301
Soil_DNA_16S_KN482_CTAGCGAA-CTAGTATG_S115_L001_R1	4.0	0.0	0.0	0.0	3.0	26.0	99.0	3053.0	2483.0	24383.0	70209.0
	289	290	291	292	293	294	295	296	297	298	299	300	301
Soil_DNA_16S_KN482_GCGGCAAT-GATAGCGT_S116_L001_R1	1.0	0.0	2.0	1.0	1.0	0.0	3.0	11.0	39.0	1986.0	1406.0	15417.0	47620.0
	291	292	293	294	295	296	297	298	299	300	301
Soil_DNA_16S_KN482_TACACGAT-ACGCGTGA_S117_L001_R1	1.0	0.0	0.0	2.0	6.0	12.0	36.0	2050.0	1531.0	15822.0	47243.0
	283	284	285	286	287	288	289	290	291	292	293	294	295	296	297	298	299	300	301
Soil_DNA_16S_KN48L_CGAGAAGA-GATAGCGT_S115_L001_R1	1.0	0.0	0.0	0.0	0.0	1.0	2.0	0.0	12.0	3.0	4.0	12.0	30.0	141.0	486.0	7226.0	7527.0	88389.0	123424.0

