	11.0	12.0	13.0	14.0	15.0	16.0	17.0	18.0	19.0	20.0	21.0	22.0	23.0	24.0	25.0	26.0	27.0	28.0	29.0	30.0	31.0	32.0	33.0	34.0	35.0	36.0	37.0
401954_16S_KN48L_GAACTAGT-AAGCAGCA_S1_L001_R1	1.0	1.0	5.0	9.0	30.0	78.0	127.0	838.0	1324.0	1234.0	1152.0	1141.0	1052.0	994.0	1086.0	1195.0	1340.0	1526.0	1778.0	2181.0	2588.0	3506.0	5017.0	7787.0	13442.0	28698.0	28593.0
	12.0	13.0	14.0	15.0	16.0	17.0	18.0	19.0	20.0	21.0	22.0	23.0	24.0	25.0	26.0	27.0	28.0	29.0	30.0	31.0	32.0	33.0	34.0	35.0	36.0	37.0
401955_16S_KN48L_GAACTAGT-ACGCGTGA_S2_L001_R1	1.0	6.0	7.0	36.0	58.0	129.0	1166.0	1582.0	1484.0	1334.0	1292.0	1180.0	1101.0	1180.0	1259.0	1495.0	1658.0	2004.0	2353.0	2963.0	4004.0	5689.0	8521.0	14055.0	28592.0	24886.0
	12.0	13.0	14.0	15.0	16.0	17.0	18.0	19.0	20.0	21.0	22.0	23.0	24.0	25.0	26.0	27.0	28.0	29.0	30.0	31.0	32.0	33.0	34.0	35.0	36.0	37.0
401956_16S_KN48L_GAACTAGT-CGATCTAC_S3_L001_R1	1.0	4.0	5.0	30.0	66.0	71.0	184.0	289.0	374.0	405.0	462.0	554.0	560.0	632.0	743.0	828.0	1032.0	1263.0	1463.0	1959.0	2676.0	3900.0	6162.0	10544.0	23162.0	23970.0
	12.0	13.0	14.0	15.0	16.0	17.0	18.0	19.0	20.0	21.0	22.0	23.0	24.0	25.0	26.0	27.0	28.0	29.0	30.0	31.0	32.0	33.0	34.0	35.0	36.0	37.0
401957_16S_KN48L_GAACTAGT-ACGACGTG_S4_L001_R1	1.0	1.0	4.0	19.0	66.0	99.0	357.0	588.0	648.0	692.0	693.0	762.0	857.0	911.0	1044.0	1159.0	1427.0	1600.0	1905.0	2457.0	3349.0	4875.0	7570.0	12857.0	26716.0	24393.0
	12.0	13.0	14.0	15.0	16.0	17.0	18.0	19.0	20.0	21.0	22.0	23.0	24.0	25.0	26.0	27.0	28.0	29.0	30.0	31.0	32.0	33.0	34.0	35.0	36.0	37.0
401958_16S_KN48L_GAACTAGT-GTCTAGTG_S5_L001_R1	3.0	3.0	4.0	20.0	46.0	128.0	1002.0	1311.0	1297.0	1218.0	1102.0	1027.0	1044.0	1192.0	1164.0	1349.0	1453.0	1528.0	1884.0	2347.0	3231.0	4418.0	6666.0	11209.0	23438.0	21128.0
	12.0	13.0	14.0	15.0	16.0	17.0	18.0	19.0	20.0	21.0	22.0	23.0	24.0	25.0	26.0	27.0	28.0	29.0	30.0	31.0	32.0	33.0	34.0	35.0	36.0	37.0
401959_16S_KN48L_GAACTAGT-CTAGTATG_S6_L001_R1	8.0	9.0	28.0	67.0	137.0	267.0	2459.0	3237.0	2881.0	2601.0	2135.0	1939.0	1934.0	2058.0	2161.0	2395.0	2675.0	2944.0	3643.0	4644.0	6199.0	8551.0	12880.0	21642.0	43501.0	42491.0
	13.0	14.0	15.0	16.0	17.0	18.0	19.0	20.0	21.0	22.0	23.0	24.0	25.0	26.0	27.0	28.0	29.0	30.0	31.0	32.0	33.0	34.0	35.0	36.0	37.0
401960_16S_KN48L_GAACTAGT-GATAGCGT_S7_L001_R1	3.0	11.0	26.0	63.0	109.0	732.0	1177.0	1271.0	1308.0	1274.0	1157.0	1210.0	1367.0	1228.0	1383.0	1494.0	1742.0	1947.0	2430.0	3174.0	4489.0	6611.0	10796.0	22153.0	20494.0
	11.0	12.0	13.0	14.0	15.0	16.0	17.0	18.0	19.0	20.0	21.0	22.0	23.0	24.0	25.0	26.0	27.0	28.0	29.0	30.0	31.0	32.0	33.0	34.0	35.0	36.0	37.0
401961_16S_KN48L_GAACTAGT-TCTACACT_S8_L001_R1	1.0	4.0	13.0	32.0	75.0	79.0	215.0	2250.0	2807.0	2519.0	2059.0	1656.0	1518.0	1540.0	1365.0	1345.0	1451.0	1553.0	1775.0	2166.0	2636.0	3385.0	4708.0	6879.0	11215.0	22142.0	22757.0
	13.0	14.0	15.0	16.0	17.0	18.0	19.0	20.0	21.0	22.0	23.0	24.0	25.0	26.0	27.0	28.0	29.0	30.0	31.0	32.0	33.0	34.0	35.0	36.0	37.0
401962_16S_KN48L_GACGGAAC-AAGCAGCA_S9_L001_R1	2.0	5.0	39.0	66.0	88.0	481.0	687.0	687.0	617.0	634.0	611.0	654.0	689.0	793.0	926.0	975.0	1180.0	1446.0	1985.0	2571.0	3804.0	5914.0	10133.0	22237.0	22133.0
	11.0	12.0	13.0	14.0	15.0	16.0	17.0	18.0	19.0	20.0	21.0	22.0	23.0	24.0	25.0	26.0	27.0	28.0	29.0	30.0	31.0	32.0	33.0	34.0	35.0	36.0	37.0
401963_16S_KN48L_GACGGAAC-ACGCGTGA_S10_L001_R1	1.0	2.0	5.0	11.0	35.0	62.0	251.0	2161.0	2357.0	1997.0	1499.0	1293.0	1130.0	1096.0	1156.0	1170.0	1253.0	1433.0	1598.0	1898.0	2412.0	3351.0	4713.0	7039.0	11697.0	23148.0	18886.0
	12.0	13.0	14.0	15.0	16.0	17.0	18.0	19.0	20.0	21.0	22.0	23.0	24.0	25.0	26.0	27.0	28.0	29.0	30.0	31.0	32.0	33.0	34.0	35.0	36.0	37.0
401964_16S_KN48L_GACGGAAC-CGATCTAC_S11_L001_R1	3.0	1.0	13.0	17.0	43.0	70.0	576.0	923.0	911.0	885.0	836.0	822.0	803.0	793.0	706.0	865.0	994.0	1221.0	1286.0	1703.0	2116.0	3039.0	4594.0	7755.0	15795.0	15538.0
	12.0	13.0	14.0	15.0	16.0	17.0	18.0	19.0	20.0	21.0	22.0	23.0	24.0	25.0	26.0	27.0	28.0	29.0	30.0	31.0	32.0	33.0	34.0	35.0	36.0	37.0
401965_16S_KN48L_GACGGAAC-ACGACGTG_S12_L001_R1	2.0	5.0	14.0	34.0	67.0	181.0	1675.0	2108.0	1884.0	1576.0	1367.0	1231.0	1255.0	1285.0	1355.0	1493.0	1645.0	1812.0	2204.0	2655.0	3625.0	5261.0	7784.0	13069.0	26885.0	23288.0
	12.0	13.0	14.0	15.0	16.0	17.0	18.0	19.0	20.0	21.0	22.0	23.0	24.0	25.0	26.0	27.0	28.0	29.0	30.0	31.0	32.0	33.0	34.0	35.0	36.0	37.0
401966_16S_KN48L_GACGGAAC-GTCTAGTG_S13_L001_R1	1.0	2.0	4.0	14.0	29.0	76.0	386.0	678.0	804.0	820.0	795.0	777.0	794.0	858.0	938.0	1034.0	1049.0	1240.0	1406.0	1979.0	2504.0	3455.0	5156.0	8831.0	18085.0	16235.0
	12.0	13.0	14.0	15.0	16.0	17.0	18.0	19.0	20.0	21.0	22.0	23.0	24.0	25.0	26.0	27.0	28.0	29.0	30.0	31.0	32.0	33.0	34.0	35.0	36.0	37.0
401967_16S_KN48L_GACGGAAC-CTAGTATG_S14_L001_R1	3.0	12.0	12.0	28.0	62.0	179.0	1645.0	1954.0	1707.0	1430.0	1322.0	1109.0	1119.0	1118.0	1128.0	1266.0	1332.0	1655.0	1856.0	2434.0	3085.0	4317.0	6324.0	10278.0	20325.0	18506.0
	12.0	13.0	14.0	15.0	16.0	17.0	18.0	19.0	20.0	21.0	22.0	23.0	24.0	25.0	26.0	27.0	28.0	29.0	30.0	31.0	32.0	33.0	34.0	35.0	36.0	37.0
401968_16S_KN48L_GACGGAAC-GATAGCGT_S15_L001_R1	2.0	1.0	7.0	16.0	50.0	102.0	503.0	882.0	950.0	1036.0	977.0	964.0	1001.0	1142.0	1096.0	1123.0	1261.0	1360.0	1750.0	2174.0	2798.0	3949.0	5676.0	9421.0	19492.0	17544.0
	12.0	13.0	14.0	15.0	16.0	17.0	18.0	19.0	20.0	21.0	22.0	23.0	24.0	25.0	26.0	27.0	28.0	29.0	30.0	31.0	32.0	33.0	34.0	35.0	36.0	37.0
401969_16S_KN48L_GACGGAAC-TCTACACT_S16_L001_R1	2.0	10.0	23.0	39.0	66.0	119.0	795.0	1128.0	1206.0	1255.0	1315.0	1186.0	1243.0	1194.0	1266.0	1348.0	1453.0	1631.0	1915.0	2385.0	3109.0	4141.0	6246.0	9902.0	20010.0	20807.0
	12.0	13.0	14.0	15.0	16.0	17.0	18.0	19.0	20.0	21.0	22.0	23.0	24.0	25.0	26.0	27.0	28.0	29.0	30.0	31.0	32.0	33.0	34.0	35.0	36.0	37.0
401970_16S_KN48L_CAAGCATG-AAGCAGCA_S17_L001_R1	2.0	3.0	13.0	49.0	103.0	135.0	868.0	1189.0	1277.0	1176.0	1209.0	1076.0	1152.0	1193.0	1264.0	1455.0	1581.0	1891.0	2152.0	2910.0	3969.0	5687.0	8891.0	15102.0	32077.0	33235.0
	12.0	13.0	14.0	15.0	16.0	17.0	18.0	19.0	20.0	21.0	22.0	23.0	24.0	25.0	26.0	27.0	28.0	29.0	30.0	31.0	32.0	33.0	34.0	35.0	36.0	37.0
401971_16S_KN48L_CAAGCATG-ACGCGTGA_S18_L001_R1	5.0	8.0	10.0	22.0	71.0	222.0	2404.0	2776.0	2310.0	1763.0	1423.0	1199.0	1218.0	1152.0	1183.0	1382.0	1541.0	1702.0	1996.0	2703.0	3657.0	5037.0	7674.0	12713.0	25551.0	22690.0
	12.0	13.0	14.0	15.0	16.0	17.0	18.0	19.0	20.0	21.0	22.0	23.0	24.0	25.0	26.0	27.0	28.0	29.0	30.0	31.0	32.0	33.0	34.0	35.0	36.0	37.0
401972_16S_KN48L_CAAGCATG-CGATCTAC_S19_L001_R1	1.0	2.0	6.0	26.0	44.0	77.0	437.0	769.0	803.0	831.0	876.0	788.0	800.0	850.0	878.0	1066.0	1083.0	1254.0	1436.0	1798.0	2394.0	3319.0	4930.0	8443.0	16985.0	17827.0
	13.0	14.0	15.0	16.0	17.0	18.0	19.0	20.0	21.0	22.0	23.0	24.0	25.0	26.0	27.0	28.0	29.0	30.0	31.0	32.0	33.0	34.0	35.0	36.0	37.0
401973_16S_KN48L_CAAGCATG-ACGACGTG_S20_L001_R1	1.0	9.0	29.0	58.0	112.0	698.0	1105.0	1041.0	1022.0	954.0	965.0	918.0	1047.0	1125.0	1316.0	1517.0	1758.0	2059.0	2640.0	3837.0	5340.0	8299.0	13867.0	28836.0	26707.0
	12.0	13.0	14.0	15.0	16.0	17.0	18.0	19.0	20.0	21.0	22.0	23.0	24.0	25.0	26.0	27.0	28.0	29.0	30.0	31.0	32.0	33.0	34.0	35.0	36.0	37.0
401974_16S_KN48L_CAAGCATG-GTCTAGTG_S21_L001_R1	2.0	1.0	4.0	16.0	61.0	96.0	459.0	760.0	758.0	792.0	811.0	926.0	1030.0	1062.0	1156.0	1248.0	1432.0	1737.0	2132.0	2804.0	3777.0	5499.0	8358.0	14279.0	30636.0	28275.0
	12.0	13.0	14.0	15.0	16.0	17.0	18.0	19.0	20.0	21.0	22.0	23.0	24.0	25.0	26.0	27.0	28.0	29.0	30.0	31.0	32.0	33.0	34.0	35.0	36.0	37.0
401975_16S_KN48L_CAAGCATG-CTAGTATG_S22_L001_R1	2.0	3.0	8.0	40.0	78.0	105.0	396.0	656.0	767.0	790.0	815.0	856.0	896.0	1039.0	1151.0	1279.0	1448.0	1749.0	2100.0	2684.0	3603.0	5246.0	8007.0	13390.0	26966.0	26238.0
	13.0	14.0	15.0	16.0	17.0	18.0	19.0	20.0	21.0	22.0	23.0	24.0	25.0	26.0	27.0	28.0	29.0	30.0	31.0	32.0	33.0	34.0	35.0	36.0	37.0
401976_16S_KN48L_CAAGCATG-GATAGCGT_S23_L001_R1	4.0	9.0	37.0	79.0	119.0	507.0	883.0	998.0	983.0	928.0	1058.0	1128.0	1163.0	1197.0	1398.0	1598.0	1814.0	2190.0	2772.0	3684.0	5378.0	8211.0	14411.0	29376.0	27904.0
	13.0	14.0	15.0	16.0	17.0	18.0	19.0	20.0	21.0	22.0	23.0	24.0	25.0	26.0	27.0	28.0	29.0	30.0	31.0	32.0	33.0	34.0	35.0	36.0	37.0
401977_16S_KN48L_CAAGCATG-TCTACACT_S24_L001_R1	5.0	12.0	63.0	72.0	91.0	308.0	529.0	578.0	646.0	648.0	670.0	693.0	730.0	788.0	932.0	1103.0	1363.0	1574.0	1953.0	2711.0	3862.0	5824.0	9837.0	20816.0	21038.0
	12.0	13.0	14.0	15.0	16.0	17.0	18.0	19.0	20.0	21.0	22.0	23.0	24.0	25.0	26.0	27.0	28.0	29.0	30.0	31.0	32.0	33.0	34.0	35.0	36.0	37.0
401978_16S_KN48L_CCTGAACT-AAGCAGCA_S25_L001_R1	4.0	6.0	16.0	58.0	99.0	217.0	1474.0	1990.0	1924.0	1664.0	1547.0	1366.0	1426.0	1507.0	1630.0	1800.0	1902.0	2272.0	2709.0	3355.0	4561.0	6639.0	10095.0	17124.0	36316.0	36397.0
	11.0	12.0	13.0	14.0	15.0	16.0	17.0	18.0	19.0	20.0	21.0	22.0	23.0	24.0	25.0	26.0	27.0	28.0	29.0	30.0	31.0	32.0	33.0	34.0	35.0	36.0	37.0
401979_16S_KN48L_CCTGAACT-ACGCGTGA_S26_L001_R1	2.0	6.0	7.0	21.0	49.0	128.0	312.0	2937.0	3287.0	2960.0	2422.0	2084.0	1764.0	1793.0	1809.0	1894.0	2198.0	2269.0	2754.0	3230.0	4193.0	5699.0	8036.0	11883.0	20002.0	39687.0	35145.0
	12.0	13.0	14.0	15.0	16.0	17.0	18.0	19.0	20.0	21.0	22.0	23.0	24.0	25.0	26.0	27.0	28.0	29.0	30.0	31.0	32.0	33.0	34.0	35.0	36.0	37.0
401980_16S_KN48L_CCTGAACT-CGATCTAC_S27_L001_R1	2.0	1.0	24.0	39.0	81.0	89.0	560.0	963.0	1136.0	1169.0	1108.0	1120.0	1054.0	1268.0	1175.0	1299.0	1413.0	1618.0	1925.0	2402.0	3234.0	4576.0	6712.0	11320.0	23268.0	24307.0
	12.0	13.0	14.0	15.0	16.0	17.0	18.0	19.0	20.0	21.0	22.0	23.0	24.0	25.0	26.0	27.0	28.0	29.0	30.0	31.0	32.0	33.0	34.0	35.0	36.0	37.0
401981_16S_KN48L_CCTGAACT-ACGACGTG_S28_L001_R1	1.0	3.0	6.0	23.0	43.0	90.0	495.0	815.0	863.0	861.0	795.0	736.0	805.0	853.0	903.0	1087.0	1151.0	1352.0	1648.0	2059.0	2869.0	4054.0	5910.0	10130.0	20769.0	19585.0
	13.0	14.0	15.0	16.0	17.0	18.0	19.0	20.0	21.0	22.0	23.0	24.0	25.0	26.0	27.0	28.0	29.0	30.0	31.0	32.0	33.0	34.0	35.0	36.0	37.0
401982_16S_KN48L_CCTGAACT-GTCTAGTG_S29_L001_R1	3.0	5.0	26.0	71.0	156.0	669.0	1069.0	1106.0	1137.0	1109.0	1128.0	1224.0	1386.0	1519.0	1739.0	1969.0	2276.0	2788.0	3504.0	4906.0	6918.0	10897.0	18724.0	40155.0	38554.0
	11.0	12.0	13.0	14.0	15.0	16.0	17.0	18.0	19.0	20.0	21.0	22.0	23.0	24.0	25.0	26.0	27.0	28.0	29.0	30.0	31.0	32.0	33.0	34.0	35.0	36.0	37.0
401983_16S_KN48L_CCTGAACT-CTAGTATG_S30_L001_R1	1.0	3.0	3.0	14.0	34.0	94.0	129.0	607.0	1014.0	1085.0	1226.0	1161.0	1160.0	1212.0	1352.0	1407.0	1666.0	1765.0	2023.0	2481.0	2990.0	3987.0	5836.0	8339.0	13751.0	27974.0	27109.0
	12.0	13.0	14.0	15.0	16.0	17.0	18.0	19.0	20.0	21.0	22.0	23.0	24.0	25.0	26.0	27.0	28.0	29.0	30.0	31.0	32.0	33.0	34.0	35.0	36.0	37.0
401984_16S_KN48L_CCTGAACT-GATAGCGT_S31_L001_R1	1.0	2.0	7.0	51.0	122.0	162.0	591.0	970.0	1065.0	1072.0	1084.0	1129.0	1193.0	1414.0	1490.0	1704.0	1821.0	2308.0	2620.0	3508.0	4650.0	6759.0	10386.0	18055.0	38392.0	38482.0
	12.0	13.0	14.0	15.0	16.0	17.0	18.0	19.0	20.0	21.0	22.0	23.0	24.0	25.0	26.0	27.0	28.0	29.0	30.0	31.0	32.0	33.0	34.0	35.0	36.0	37.0
401985_16S_KN48L_CCTGAACT-TCTACACT_S32_L001_R1	3.0	5.0	26.0	99.0	149.0	173.0	915.0	1522.0	1587.0	1548.0	1386.0	1401.0	1406.0	1568.0	1542.0	1903.0	1928.0	2285.0	2771.0	3402.0	4591.0	6291.0	9580.0	15894.0	32900.0	34454.0
	13.0	14.0	15.0	16.0	17.0	18.0	19.0	20.0	21.0	22.0	23.0	24.0	25.0	26.0	27.0	28.0	29.0	30.0	31.0	32.0	33.0	34.0	35.0	36.0	37.0
401986_16S_KN48L_CTTCGGCA-AAGCAGCA_S33_L001_R1	1.0	13.0	31.0	65.0	104.0	394.0	536.0	592.0	576.0	601.0	656.0	706.0	748.0	868.0	1048.0	1135.0	1370.0	1692.0	2059.0	2862.0	4279.0	6590.0	11573.0	25049.0	25196.0
	12.0	13.0	14.0	15.0	16.0	17.0	18.0	19.0	20.0	21.0	22.0	23.0	24.0	25.0	26.0	27.0	28.0	29.0	30.0	31.0	32.0	33.0	34.0	35.0	36.0	37.0
401987_16S_KN48L_CTTCGGCA-ACGCGTGA_S34_L001_R1	2.0	3.0	5.0	15.0	44.0	80.0	583.0	862.0	962.0	922.0	901.0	903.0	932.0	979.0	1028.0	1069.0	1277.0	1424.0	1725.0	2145.0	2958.0	4060.0	6054.0	10311.0	20822.0	17747.0
	13.0	14.0	15.0	16.0	17.0	18.0	19.0	20.0	21.0	22.0	23.0	24.0	25.0	26.0	27.0	28.0	29.0	30.0	31.0	32.0	33.0	34.0	35.0	36.0	37.0
401988_16S_KN48L_CTTCGGCA-CGATCTAC_S35_L001_R1	2.0	8.0	37.0	53.0	74.0	345.0	553.0	633.0	651.0	597.0	650.0	662.0	707.0	765.0	947.0	1040.0	1128.0	1473.0	1848.0	2461.0	3528.0	5415.0	9272.0	18714.0	18163.0
	13.0	14.0	15.0	16.0	17.0	18.0	19.0	20.0	21.0	22.0	23.0	24.0	25.0	26.0	27.0	28.0	29.0	30.0	31.0	32.0	33.0	34.0	35.0	36.0	37.0
401989_16S_KN48L_CTTCGGCA-ACGACGTG_S36_L001_R1	4.0	10.0	25.0	50.0	109.0	871.0	1025.0	1013.0	859.0	800.0	670.0	663.0	716.0	825.0	834.0	923.0	1086.0	1418.0	1760.0	2405.0	3432.0	5067.0	8269.0	16433.0	14235.0
	12.0	13.0	14.0	15.0	16.0	17.0	18.0	19.0	20.0	21.0	22.0	23.0	24.0	25.0	26.0	27.0	28.0	29.0	30.0	31.0	32.0	33.0	34.0	35.0	36.0	37.0
401990_16S_KN48L_CTTCGGCA-GTCTAGTG_S37_L001_R1	2.0	2.0	12.0	26.0	51.0	114.0	486.0	763.0	883.0	961.0	1013.0	1010.0	1030.0	1152.0	1183.0	1384.0	1474.0	1798.0	2164.0	2651.0	3597.0	5191.0	8040.0	13696.0	28420.0	25390.0
	12.0	13.0	14.0	15.0	16.0	17.0	18.0	19.0	20.0	21.0	22.0	23.0	24.0	25.0	26.0	27.0	28.0	29.0	30.0	31.0	32.0	33.0	34.0	35.0	36.0	37.0
401991_16S_KN48L_CTTCGGCA-CTAGTATG_S38_L001_R1	3.0	7.0	19.0	47.0	79.0	206.0	1966.0	2398.0	2197.0	1948.0	1672.0	1408.0	1427.0	1349.0	1425.0	1567.0	1572.0	1762.0	2071.0	2604.0	3464.0	4877.0	6985.0	11338.0	22177.0	20417.0
	12.0	13.0	14.0	15.0	16.0	17.0	18.0	19.0	20.0	21.0	22.0	23.0	24.0	25.0	26.0	27.0	28.0	29.0	30.0	31.0	32.0	33.0	34.0	35.0	36.0	37.0
401992_16S_KN48L_CTTCGGCA-GATAGCGT_S39_L001_R1	3.0	5.0	13.0	48.0	90.0	193.0	1206.0	1762.0	1885.0	1900.0	1717.0	1692.0	1715.0	1742.0	1842.0	2071.0	2156.0	2377.0	2798.0	3494.0	4661.0	6591.0	10089.0	17039.0	35134.0	31932.0
	12.0	13.0	14.0	15.0	16.0	17.0	18.0	19.0	20.0	21.0	22.0	23.0	24.0	25.0	26.0	27.0	28.0	29.0	30.0	31.0	32.0	33.0	34.0	35.0	36.0	37.0
401993_16S_KN48L_CTTCGGCA-TCTACACT_S40_L001_R1	15.0	42.0	58.0	74.0	102.0	907.0	11619.0	10512.0	7176.0	4432.0	2675.0	1607.0	1124.0	857.0	771.0	676.0	739.0	808.0	900.0	1200.0	1614.0	2322.0	3500.0	5637.0	11399.0	10837.0
	12.0	13.0	14.0	15.0	16.0	17.0	18.0	19.0	20.0	21.0	22.0	23.0	24.0	25.0	26.0	27.0	28.0	29.0	30.0	31.0	32.0	33.0	34.0	35.0	36.0	37.0
401994_16S_KN48L_ACGGGACA-AAGCAGCA_S41_L001_R1	2.0	6.0	14.0	33.0	87.0	137.0	776.0	1116.0	1057.0	1004.0	912.0	958.0	1002.0	1002.0	1045.0	1207.0	1366.0	1532.0	1885.0	2385.0	3297.0	4700.0	7497.0	12924.0	27643.0	26483.0
	11.0	12.0	13.0	14.0	15.0	16.0	17.0	18.0	19.0	20.0	21.0	22.0	23.0	24.0	25.0	26.0	27.0	28.0	29.0	30.0	31.0	32.0	33.0	34.0	35.0	36.0	37.0
401995_16S_KN48L_ACGGGACA-ACGCGTGA_S42_L001_R1	1.0	8.0	16.0	21.0	45.0	71.0	546.0	5621.0	5238.0	3851.0	2552.0	1717.0	1291.0	1205.0	1102.0	1111.0	1089.0	1315.0	1369.0	1634.0	2049.0	2909.0	3907.0	5938.0	9888.0	19146.0	15070.0
	12.0	13.0	14.0	15.0	16.0	17.0	18.0	19.0	20.0	21.0	22.0	23.0	24.0	25.0	26.0	27.0	28.0	29.0	30.0	31.0	32.0	33.0	34.0	35.0	36.0	37.0
401996_16S_KN48L_ACGGGACA-CGATCTAC_S43_L001_R1	1.0	7.0	11.0	34.0	45.0	120.0	786.0	1120.0	1303.0	1316.0	1265.0	1232.0	1148.0	1150.0	1119.0	1256.0	1355.0	1410.0	1696.0	1945.0	2636.0	3517.0	5224.0	8643.0	17094.0	16401.0
	12.0	13.0	14.0	15.0	16.0	17.0	18.0	19.0	20.0	21.0	22.0	23.0	24.0	25.0	26.0	27.0	28.0	29.0	30.0	31.0	32.0	33.0	34.0	35.0	36.0	37.0
401997_16S_KN48L_ACGGGACA-ACGACGTG_S44_L001_R1	13.0	17.0	20.0	36.0	62.0	521.0	6034.0	5625.0	4176.0	2570.0	1679.0	1216.0	964.0	884.0	869.0	844.0	917.0	1119.0	1231.0	1692.0	2253.0	3137.0	4627.0	7825.0	15384.0	13085.0
	11.0	12.0	13.0	14.0	15.0	16.0	17.0	18.0	19.0	20.0	21.0	22.0	23.0	24.0	25.0	26.0	27.0	28.0	29.0	30.0	31.0	32.0	33.0	34.0	35.0	36.0	37.0
401998_16S_KN48L_ACGGGACA-GTCTAGTG_S45_L001_R1	6.0	13.0	34.0	38.0	67.0	117.0	814.0	10152.0	9897.0	7535.0	4908.0	3154.0	2258.0	1730.0	1625.0	1593.0	1705.0	1801.0	2130.0	2571.0	3398.0	4549.0	6336.0	9953.0	16618.0	34026.0	27386.0
	11.0	12.0	13.0	14.0	15.0	16.0	17.0	18.0	19.0	20.0	21.0	22.0	23.0	24.0	25.0	26.0	27.0	28.0	29.0	30.0	31.0	32.0	33.0	34.0	35.0	36.0	37.0
401999_16S_KN48L_ACGGGACA-CTAGTATG_S46_L001_R1	2.0	4.0	12.0	20.0	50.0	88.0	221.0	1657.0	2179.0	2023.0	1852.0	1560.0	1528.0	1482.0	1424.0	1499.0	1736.0	1860.0	2075.0	2434.0	3013.0	3929.0	5678.0	8179.0	13502.0	26440.0	22301.0
	12.0	13.0	14.0	15.0	16.0	17.0	18.0	19.0	20.0	21.0	22.0	23.0	24.0	25.0	26.0	27.0	28.0	29.0	30.0	31.0	32.0	33.0	34.0	35.0	36.0	37.0
402000_16S_KN48L_ACGGGACA-GATAGCGT_S47_L001_R1	11.0	23.0	34.0	82.0	124.0	472.0	4895.0	5777.0	5029.0	3802.0	3128.0	2550.0	2393.0	2206.0	2428.0	2487.0	2731.0	3060.0	3484.0	4224.0	5616.0	7880.0	11882.0	20006.0	40169.0	34823.0
	11.0	12.0	13.0	14.0	15.0	16.0	17.0	18.0	19.0	20.0	21.0	22.0	23.0	24.0	25.0	26.0	27.0	28.0	29.0	30.0	31.0	32.0	33.0	34.0	35.0	36.0	37.0
402001_16S_KN48L_ACGGGACA-TCTACACT_S48_L001_R1	2.0	13.0	27.0	61.0	95.0	138.0	661.0	7849.0	7675.0	6033.0	4023.0	2617.0	1994.0	1649.0	1508.0	1436.0	1610.0	1623.0	1811.0	2123.0	2628.0	3538.0	5223.0	7786.0	12800.0	25681.0	24826.0
	11.0	12.0	13.0	14.0	15.0	16.0	17.0	18.0	19.0	20.0	21.0	22.0	23.0	24.0	25.0	26.0	27.0	28.0	29.0	30.0	31.0	32.0	33.0	34.0	35.0	36.0	37.0
402002_16S_KN48L_GTCATATC-AAGCAGCA_S49_L001_R1	1.0	3.0	4.0	14.0	60.0	109.0	119.0	725.0	1093.0	1165.0	1106.0	985.0	1059.0	1073.0	1034.0	1163.0	1276.0	1445.0	1662.0	2020.0	2655.0	3570.0	5298.0	8066.0	14190.0	29835.0	27777.0
	11.0	12.0	13.0	14.0	15.0	16.0	17.0	18.0	19.0	20.0	21.0	22.0	23.0	24.0	25.0	26.0	27.0	28.0	29.0	30.0	31.0	32.0	33.0	34.0	35.0	36.0	37.0
402003_16S_KN48L_GTCATATC-ACGCGTGA_S50_L001_R1	1.0	4.0	11.0	24.0	40.0	83.0	369.0	4438.0	4513.0	3532.0	2426.0	1741.0	1338.0	1163.0	1092.0	1140.0	1223.0	1222.0	1528.0	1831.0	2354.0	3150.0	4526.0	6644.0	10743.0	21263.0	16194.0
	12.0	13.0	14.0	15.0	16.0	17.0	18.0	19.0	20.0	21.0	22.0	23.0	24.0	25.0	26.0	27.0	28.0	29.0	30.0	31.0	32.0	33.0	34.0	35.0	36.0	37.0
402004_16S_KN48L_GTCATATC-CGATCTAC_S51_L001_R1	5.0	8.0	9.0	34.0	51.0	120.0	967.0	1409.0	1572.0	1557.0	1425.0	1330.0	1328.0	1323.0	1210.0	1373.0	1366.0	1501.0	1705.0	2022.0	2614.0	3567.0	5233.0	8417.0	16988.0	16525.0
	12.0	13.0	14.0	15.0	16.0	17.0	18.0	19.0	20.0	21.0	22.0	23.0	24.0	25.0	26.0	27.0	28.0	29.0	30.0	31.0	32.0	33.0	34.0	35.0	36.0	37.0
402005_16S_KN48L_GTCATATC-ACGACGTG_S52_L001_R1	2.0	2.0	9.0	15.0	42.0	98.0	930.0	1264.0	1228.0	1121.0	957.0	932.0	891.0	826.0	918.0	992.0	1036.0	1186.0	1352.0	1735.0	2191.0	3122.0	4749.0	7760.0	15830.0	14526.0
	12.0	13.0	14.0	15.0	16.0	17.0	18.0	19.0	20.0	21.0	22.0	23.0	24.0	25.0	26.0	27.0	28.0	29.0	30.0	31.0	32.0	33.0	34.0	35.0	36.0	37.0
402006_16S_KN48L_GTCATATC-GTCTAGTG_S53_L001_R1	1.0	1.0	4.0	29.0	44.0	116.0	438.0	779.0	796.0	956.0	996.0	993.0	1092.0	1116.0	1150.0	1299.0	1446.0	1654.0	1961.0	2613.0	3407.0	4838.0	7486.0	12988.0	27464.0	25399.0
	13.0	14.0	15.0	16.0	17.0	18.0	19.0	20.0	21.0	22.0	23.0	24.0	25.0	26.0	27.0	28.0	29.0	30.0	31.0	32.0	33.0	34.0	35.0	36.0	37.0
402007_16S_KN48L_GTCATATC-CTAGTATG_S54_L001_R1	7.0	13.0	40.0	59.0	110.0	764.0	1193.0	1304.0	1359.0	1378.0	1256.0	1338.0	1337.0	1308.0	1485.0	1509.0	1667.0	1917.0	2413.0	2948.0	3966.0	5878.0	9411.0	18612.0	17265.0
	13.0	14.0	15.0	16.0	17.0	18.0	19.0	20.0	21.0	22.0	23.0	24.0	25.0	26.0	27.0	28.0	29.0	30.0	31.0	32.0	33.0	34.0	35.0	36.0	37.0
402008_16S_KN48L_GTCATATC-GATAGCGT_S55_L001_R1	1.0	10.0	48.0	98.0	158.0	703.0	1118.0	1280.0	1298.0	1367.0	1365.0	1436.0	1533.0	1557.0	1846.0	1977.0	2313.0	2762.0	3621.0	4786.0	6985.0	10591.0	18604.0	39325.0	37900.0
	12.0	13.0	14.0	15.0	16.0	17.0	18.0	19.0	20.0	21.0	22.0	23.0	24.0	25.0	26.0	27.0	28.0	29.0	30.0	31.0	32.0	33.0	34.0	35.0	36.0	37.0
402009_16S_KN48L_GTCATATC-TCTACACT_S56_L001_R1	5.0	11.0	34.0	76.0	125.0	186.0	1597.0	2287.0	2123.0	1991.0	1765.0	1565.0	1667.0	1578.0	1620.0	1787.0	1839.0	2092.0	2447.0	2886.0	3782.0	5403.0	7707.0	12853.0	26352.0	26914.0
	13.0	14.0	15.0	16.0	17.0	18.0	19.0	20.0	21.0	22.0	23.0	24.0	25.0	26.0	27.0	28.0	29.0	30.0	31.0	32.0	33.0	34.0	35.0	36.0	37.0
402010_16S_KN48L_GGAAACCA-AAGCAGCA_S57_L001_R1	1.0	5.0	46.0	87.0	117.0	585.0	902.0	847.0	812.0	765.0	823.0	877.0	979.0	1096.0	1238.0	1355.0	1595.0	1977.0	2519.0	3576.0	5103.0	8083.0	13952.0	30323.0	28613.0
	12.0	13.0	14.0	15.0	16.0	17.0	18.0	19.0	20.0	21.0	22.0	23.0	24.0	25.0	26.0	27.0	28.0	29.0	30.0	31.0	32.0	33.0	34.0	35.0	36.0	37.0
402011_16S_KN48L_GGAAACCA-ACGCGTGA_S58_L001_R1	5.0	3.0	11.0	31.0	79.0	140.0	858.0	1131.0	1192.0	1161.0	1171.0	1099.0	1214.0	1295.0	1538.0	1651.0	1973.0	2330.0	3021.0	3841.0	5257.0	7729.0	11556.0	20323.0	40878.0	34585.0
	12.0	13.0	14.0	15.0	16.0	17.0	18.0	19.0	20.0	21.0	22.0	23.0	24.0	25.0	26.0	27.0	28.0	29.0	30.0	31.0	32.0	33.0	34.0	35.0	36.0	37.0
402012_16S_KN48L_GGAAACCA-CGATCTAC_S59_L001_R1	10.0	10.0	17.0	57.0	69.0	182.0	1842.0	2555.0	2369.0	2044.0	1849.0	1659.0	1597.0	1549.0	1638.0	1735.0	1886.0	2117.0	2431.0	2968.0	3823.0	5405.0	7925.0	13385.0	26440.0	24506.0
	11.0	12.0	13.0	14.0	15.0	16.0	17.0	18.0	19.0	20.0	21.0	22.0	23.0	24.0	25.0	26.0	27.0	28.0	29.0	30.0	31.0	32.0	33.0	34.0	35.0	36.0	37.0
402013_16S_KN48L_GGAAACCA-ACGACGTG_S60_L001_R1	1.0	16.0	32.0	25.0	56.0	120.0	687.0	10352.0	10759.0	7221.0	4532.0	2900.0	1999.0	1667.0	1370.0	1248.0	1427.0	1477.0	1690.0	2035.0	2640.0	3461.0	5058.0	7613.0	12621.0	25490.0	21906.0
	12.0	13.0	14.0	15.0	16.0	17.0	18.0	19.0	20.0	21.0	22.0	23.0	24.0	25.0	26.0	27.0	28.0	29.0	30.0	31.0	32.0	33.0	34.0	35.0	36.0	37.0
402014_16S_KN48L_GGAAACCA-GTCTAGTG_S61_L001_R1	4.0	6.0	7.0	34.0	72.0	183.0	1285.0	1803.0	1824.0	1769.0	1576.0	1476.0	1430.0	1603.0	1717.0	1922.0	2052.0	2380.0	2808.0	3521.0	4593.0	7045.0	10635.0	17989.0	37396.0	33555.0
	11.0	12.0	13.0	14.0	15.0	16.0	17.0	18.0	19.0	20.0	21.0	22.0	23.0	24.0	25.0	26.0	27.0	28.0	29.0	30.0	31.0	32.0	33.0	34.0	35.0	36.0	37.0
402015_16S_KN48L_GGAAACCA-CTAGTATG_S62_L001_R1	1.0	5.0	8.0	15.0	42.0	78.0	202.0	1744.0	2229.0	2125.0	2023.0	1835.0	1587.0	1675.0	1677.0	1670.0	1826.0	1951.0	2100.0	2577.0	3143.0	4275.0	5723.0	8118.0	13018.0	25586.0	24171.0
	12.0	13.0	14.0	15.0	16.0	17.0	18.0	19.0	20.0	21.0	22.0	23.0	24.0	25.0	26.0	27.0	28.0	29.0	30.0	31.0	32.0	33.0	34.0	35.0	36.0	37.0
402016_16S_KN48L_GGAAACCA-GATAGCGT_S63_L001_R1	2.0	6.0	13.0	38.0	70.0	138.0	1020.0	1464.0	1685.0	1626.0	1531.0	1492.0	1539.0	1587.0	1626.0	1777.0	1865.0	2056.0	2515.0	3109.0	4229.0	5731.0	8512.0	14444.0	28930.0	25442.0
	11.0	12.0	13.0	14.0	15.0	16.0	17.0	18.0	19.0	20.0	21.0	22.0	23.0	24.0	25.0	26.0	27.0	28.0	29.0	30.0	31.0	32.0	33.0	34.0	35.0	36.0	37.0
402017_16S_KN48L_GGAAACCA-TCTACACT_S64_L001_R1	1.0	11.0	17.0	56.0	96.0	185.0	456.0	5814.0	6331.0	4943.0	3751.0	2656.0	2213.0	1961.0	1951.0	2043.0	2330.0	2458.0	2703.0	3220.0	4322.0	5631.0	8012.0	11939.0	19723.0	40074.0	40028.0
	11.0	12.0	13.0	14.0	15.0	16.0	17.0	18.0	19.0	20.0	21.0	22.0	23.0	24.0	25.0	26.0	27.0	28.0	29.0	30.0	31.0	32.0	33.0	34.0	35.0	36.0	37.0
402018_16S_KN48L_TTGCGCAT-AAGCAGCA_S65_L001_R1	1.0	1.0	3.0	6.0	23.0	45.0	55.0	281.0	440.0	447.0	492.0	476.0	493.0	518.0	524.0	603.0	736.0	767.0	882.0	1116.0	1382.0	1945.0	2869.0	4375.0	7808.0	16429.0	15093.0
	12.0	13.0	14.0	15.0	16.0	17.0	18.0	19.0	20.0	21.0	22.0	23.0	24.0	25.0	26.0	27.0	28.0	29.0	30.0	31.0	32.0	33.0	34.0	35.0	36.0	37.0
402019_16S_KN48L_TTGCGCAT-ACGCGTGA_S66_L001_R1	2.0	3.0	3.0	18.0	43.0	73.0	285.0	515.0	561.0	587.0	556.0	640.0	684.0	772.0	856.0	987.0	1121.0	1347.0	1715.0	2180.0	2875.0	4275.0	6483.0	11236.0	22354.0	18028.0
	13.0	14.0	15.0	16.0	17.0	18.0	19.0	20.0	21.0	22.0	23.0	24.0	25.0	26.0	27.0	28.0	29.0	30.0	31.0	32.0	33.0	34.0	35.0	36.0	37.0
402020_16S_KN48L_TTGCGCAT-CGATCTAC_S67_L001_R1	1.0	6.0	20.0	39.0	42.0	202.0	294.0	356.0	364.0	410.0	397.0	480.0	488.0	530.0	589.0	666.0	742.0	930.0	1162.0	1673.0	2327.0	3671.0	6161.0	12987.0	12670.0
	13.0	14.0	15.0	16.0	17.0	18.0	19.0	20.0	21.0	22.0	23.0	24.0	25.0	26.0	27.0	28.0	29.0	30.0	31.0	32.0	33.0	34.0	35.0	36.0	37.0
402021_16S_KN48L_TTGCGCAT-ACGACGTG_S68_L001_R1	4.0	6.0	23.0	41.0	87.0	423.0	714.0	783.0	858.0	791.0	777.0	920.0	987.0	1024.0	1144.0	1160.0	1451.0	1795.0	2024.0	2698.0	3928.0	5989.0	10001.0	20274.0	17047.0
	13.0	14.0	15.0	16.0	17.0	18.0	19.0	20.0	21.0	22.0	23.0	24.0	25.0	26.0	27.0	28.0	29.0	30.0	31.0	32.0	33.0	34.0	35.0	36.0	37.0
402022_16S_KN48L_TTGCGCAT-GTCTAGTG_S69_L001_R1	1.0	7.0	9.0	28.0	45.0	256.0	429.0	458.0	487.0	472.0	468.0	516.0	588.0	646.0	753.0	861.0	998.0	1202.0	1548.0	2038.0	2962.0	4744.0	8129.0	16899.0	15181.0
	12.0	13.0	14.0	15.0	16.0	17.0	18.0	19.0	20.0	21.0	22.0	23.0	24.0	25.0	26.0	27.0	28.0	29.0	30.0	31.0	32.0	33.0	34.0	35.0	36.0	37.0
402023_16S_KN48L_TTGCGCAT-CTAGTATG_S70_L001_R1	1.0	1.0	4.0	30.0	58.0	71.0	231.0	397.0	457.0	567.0	599.0	676.0	671.0	767.0	793.0	948.0	965.0	1263.0	1567.0	1882.0	2509.0	3761.0	5609.0	9216.0	17980.0	15629.0
	12.0	13.0	14.0	15.0	16.0	17.0	18.0	19.0	20.0	21.0	22.0	23.0	24.0	25.0	26.0	27.0	28.0	29.0	30.0	31.0	32.0	33.0	34.0	35.0	36.0	37.0
402024_16S_KN48L_TTGCGCAT-GATAGCGT_S71_L001_R1	1.0	4.0	8.0	35.0	61.0	84.0	585.0	1018.0	1059.0	1172.0	1120.0	1119.0	1188.0	1219.0	1221.0	1375.0	1459.0	1573.0	1918.0	2331.0	3079.0	4305.0	6563.0	10718.0	22373.0	19946.0
	12.0	13.0	14.0	15.0	16.0	17.0	18.0	19.0	20.0	21.0	22.0	23.0	24.0	25.0	26.0	27.0	28.0	29.0	30.0	31.0	32.0	33.0	34.0	35.0	36.0	37.0
402025_16S_KN48L_TTGCGCAT-TCTACACT_S72_L001_R1	2.0	9.0	21.0	55.0	85.0	150.0	1089.0	1470.0	1514.0	1402.0	1305.0	1262.0	1247.0	1261.0	1304.0	1410.0	1556.0	1728.0	2103.0	2518.0	3380.0	4696.0	7014.0	11784.0	23957.0	23868.0
	12.0	13.0	14.0	15.0	16.0	17.0	18.0	19.0	20.0	21.0	22.0	23.0	24.0	25.0	26.0	27.0	28.0	29.0	30.0	31.0	32.0	33.0	34.0	35.0	36.0	37.0
402026_16S_KN48L_ACATTCAG-AAGCAGCA_S73_L001_R1	1.0	0.0	9.0	32.0	84.0	90.0	436.0	593.0	662.0	636.0	647.0	694.0	773.0	795.0	919.0	1139.0	1163.0	1398.0	1685.0	2243.0	3127.0	4409.0	6983.0	12216.0	25555.0	24448.0
	13.0	14.0	15.0	16.0	17.0	18.0	19.0	20.0	21.0	22.0	23.0	24.0	25.0	26.0	27.0	28.0	29.0	30.0	31.0	32.0	33.0	34.0	35.0	36.0	37.0
402027_16S_KN48L_ACATTCAG-ACGCGTGA_S74_L001_R1	5.0	3.0	18.0	44.0	104.0	631.0	837.0	784.0	723.0	674.0	662.0	731.0	779.0	896.0	1016.0	1156.0	1369.0	1653.0	2115.0	2967.0	4292.0	6477.0	10654.0	21637.0	18173.0
	12.0	13.0	14.0	15.0	16.0	17.0	18.0	19.0	20.0	21.0	22.0	23.0	24.0	25.0	26.0	27.0	28.0	29.0	30.0	31.0	32.0	33.0	34.0	35.0	36.0	37.0
402028_16S_KN48L_ACATTCAG-CGATCTAC_S75_L001_R1	3.0	8.0	11.0	29.0	63.0	122.0	879.0	1396.0	1466.0	1251.0	1316.0	1121.0	1204.0	1252.0	1149.0	1199.0	1288.0	1467.0	1690.0	2012.0	2747.0	3799.0	5683.0	9120.0	18799.0	17991.0
	12.0	13.0	14.0	15.0	16.0	17.0	18.0	19.0	20.0	21.0	22.0	23.0	24.0	25.0	26.0	27.0	28.0	29.0	30.0	31.0	32.0	33.0	34.0	35.0	36.0	37.0
402029_16S_KN48L_ACATTCAG-ACGACGTG_S76_L001_R1	4.0	6.0	10.0	41.0	102.0	257.0	2386.0	2731.0	2441.0	1909.0	1532.0	1330.0	1450.0	1446.0	1463.0	1655.0	1768.0	2133.0	2580.0	3341.0	4619.0	6379.0	9780.0	16657.0	34316.0	30167.0
	12.0	13.0	14.0	15.0	16.0	17.0	18.0	19.0	20.0	21.0	22.0	23.0	24.0	25.0	26.0	27.0	28.0	29.0	30.0	31.0	32.0	33.0	34.0	35.0	36.0	37.0
402030_16S_KN48L_ACATTCAG-GTCTAGTG_S77_L001_R1	1.0	2.0	9.0	48.0	87.0	161.0	893.0	1231.0	1378.0	1318.0	1283.0	1334.0	1354.0	1469.0	1677.0	1869.0	2001.0	2393.0	2966.0	3856.0	5161.0	7582.0	11686.0	19911.0	40889.0	34913.0
	12.0	13.0	14.0	15.0	16.0	17.0	18.0	19.0	20.0	21.0	22.0	23.0	24.0	25.0	26.0	27.0	28.0	29.0	30.0	31.0	32.0	33.0	34.0	35.0	36.0	37.0
402031_16S_KN48L_ACATTCAG-CTAGTATG_S78_L001_R1	2.0	3.0	10.0	44.0	82.0	150.0	776.0	1094.0	1075.0	916.0	883.0	888.0	896.0	1038.0	1077.0	1209.0	1445.0	1755.0	2006.0	2715.0	3660.0	5060.0	7759.0	12565.0	25136.0	22987.0
	11.0	12.0	13.0	14.0	15.0	16.0	17.0	18.0	19.0	20.0	21.0	22.0	23.0	24.0	25.0	26.0	27.0	28.0	29.0	30.0	31.0	32.0	33.0	34.0	35.0	36.0	37.0
402032_16S_KN48L_ACATTCAG-GATAGCGT_S79_L001_R1	3.0	2.0	8.0	13.0	59.0	116.0	181.0	1213.0	1811.0	1893.0	1791.0	1759.0	1878.0	1992.0	1974.0	2141.0	2616.0	2544.0	3110.0	3328.0	4166.0	5592.0	7809.0	12165.0	20544.0	42338.0	39213.0
	12.0	13.0	14.0	15.0	16.0	17.0	18.0	19.0	20.0	21.0	22.0	23.0	24.0	25.0	26.0	27.0	28.0	29.0	30.0	31.0	32.0	33.0	34.0	35.0	36.0	37.0
402033_16S_KN48L_ACATTCAG-TCTACACT_S80_L001_R1	3.0	6.0	32.0	57.0	108.0	128.0	820.0	1356.0	1382.0	1346.0	1258.0	1331.0	1395.0	1519.0	1558.0	1940.0	1906.0	2130.0	2438.0	2970.0	3935.0	5494.0	8370.0	13879.0	27754.0	27490.0
	12.0	13.0	14.0	15.0	16.0	17.0	18.0	19.0	20.0	21.0	22.0	23.0	24.0	25.0	26.0	27.0	28.0	29.0	30.0	31.0	32.0	33.0	34.0	35.0	36.0	37.0
402034_16S_KN48L_ACTGACAG-AAGCAGCA_S81_L001_R1	1.0	7.0	16.0	43.0	68.0	191.0	1213.0	1550.0	1352.0	1128.0	1011.0	910.0	966.0	910.0	1069.0	1244.0	1399.0	1661.0	1944.0	2602.0	3349.0	5087.0	7896.0	13579.0	29400.0	30002.0
	11.0	12.0	13.0	14.0	15.0	16.0	17.0	18.0	19.0	20.0	21.0	22.0	23.0	24.0	25.0	26.0	27.0	28.0	29.0	30.0	31.0	32.0	33.0	34.0	35.0	36.0	37.0
402035_16S_KN48L_ACTGACAG-ACGCGTGA_S82_L001_R1	1.0	4.0	16.0	23.0	42.0	84.0	395.0	5149.0	5397.0	3904.0	2556.0	1691.0	1228.0	1038.0	922.0	917.0	977.0	1057.0	1209.0	1465.0	1950.0	2521.0	3463.0	5422.0	8895.0	17953.0	15757.0
	12.0	13.0	14.0	15.0	16.0	17.0	18.0	19.0	20.0	21.0	22.0	23.0	24.0	25.0	26.0	27.0	28.0	29.0	30.0	31.0	32.0	33.0	34.0	35.0	36.0	37.0
402036_16S_KN48L_ACTGACAG-CGATCTAC_S83_L001_R1	1.0	4.0	9.0	26.0	67.0	81.0	501.0	870.0	900.0	914.0	904.0	916.0	890.0	935.0	1008.0	1105.0	1312.0	1406.0	1626.0	2107.0	2884.0	4036.0	6103.0	10352.0	21265.0	22255.0
	12.0	13.0	14.0	15.0	16.0	17.0	18.0	19.0	20.0	21.0	22.0	23.0	24.0	25.0	26.0	27.0	28.0	29.0	30.0	31.0	32.0	33.0	34.0	35.0	36.0	37.0
402037_16S_KN48L_ACTGACAG-ACGACGTG_S84_L001_R1	8.0	9.0	18.0	26.0	77.0	232.0	2304.0	2747.0	2255.0	1765.0	1438.0	1268.0	1190.0	1124.0	1224.0	1362.0	1466.0	1759.0	2011.0	2451.0	3419.0	4815.0	7387.0	12180.0	25383.0	23850.0
	12.0	13.0	14.0	15.0	16.0	17.0	18.0	19.0	20.0	21.0	22.0	23.0	24.0	25.0	26.0	27.0	28.0	29.0	30.0	31.0	32.0	33.0	34.0	35.0	36.0	37.0
402038_16S_KN48L_ACTGACAG-GTCTAGTG_S85_L001_R1	1.0	0.0	7.0	20.0	58.0	90.0	392.0	623.0	732.0	742.0	763.0	847.0	919.0	1005.0	1135.0	1209.0	1399.0	1738.0	2037.0	2610.0	3635.0	5116.0	7888.0	13895.0	29090.0	27121.0
	12.0	13.0	14.0	15.0	16.0	17.0	18.0	19.0	20.0	21.0	22.0	23.0	24.0	25.0	26.0	27.0	28.0	29.0	30.0	31.0	32.0	33.0	34.0	35.0	36.0	37.0
402039_16S_KN48L_ACTGACAG-CTAGTATG_S86_L001_R1	3.0	9.0	13.0	31.0	74.0	121.0	1012.0	1326.0	1257.0	1112.0	1023.0	896.0	972.0	944.0	985.0	1226.0	1323.0	1570.0	1867.0	2347.0	3013.0	4379.0	6577.0	11073.0	21732.0	21552.0
	12.0	13.0	14.0	15.0	16.0	17.0	18.0	19.0	20.0	21.0	22.0	23.0	24.0	25.0	26.0	27.0	28.0	29.0	30.0	31.0	32.0	33.0	34.0	35.0	36.0	37.0
402040_16S_KN48L_ACTGACAG-GATAGCGT_S87_L001_R1	3.0	5.0	13.0	26.0	67.0	89.0	779.0	1093.0	1073.0	982.0	921.0	879.0	869.0	937.0	1020.0	1206.0	1331.0	1616.0	1873.0	2351.0	3245.0	4573.0	7201.0	12058.0	25356.0	24413.0
	12.0	13.0	14.0	15.0	16.0	17.0	18.0	19.0	20.0	21.0	22.0	23.0	24.0	25.0	26.0	27.0	28.0	29.0	30.0	31.0	32.0	33.0	34.0	35.0	36.0	37.0
402041_16S_KN48L_ACTGACAG-TCTACACT_S88_L001_R1	11.0	17.0	42.0	90.0	123.0	393.0	4651.0	5450.0	4186.0	2972.0	2030.0	1599.0	1413.0	1372.0	1292.0	1526.0	1637.0	1963.0	2247.0	2793.0	3707.0	5130.0	7913.0	12999.0	26303.0	27370.0
	12.0	13.0	14.0	15.0	16.0	17.0	18.0	19.0	20.0	21.0	22.0	23.0	24.0	25.0	26.0	27.0	28.0	29.0	30.0	31.0	32.0	33.0	34.0	35.0	36.0	37.0
402042_16S_KN48L_CGAGAAGA-AAGCAGCA_S89_L001_R1	1.0	4.0	12.0	55.0	92.0	177.0	1062.0	1378.0	1313.0	1138.0	1103.0	1080.0	1178.0	1231.0	1485.0	1600.0	1782.0	2125.0	2530.0	3253.0	4510.0	6593.0	10256.0	17620.0	38058.0	36644.0
	12.0	13.0	14.0	15.0	16.0	17.0	18.0	19.0	20.0	21.0	22.0	23.0	24.0	25.0	26.0	27.0	28.0	29.0	30.0	31.0	32.0	33.0	34.0	35.0	36.0	37.0
402043_16S_KN48L_CGAGAAGA-ACGCGTGA_S90_L001_R1	13.0	18.0	20.0	52.0	88.0	570.0	6047.0	5837.0	4341.0	2947.0	2008.0	1632.0	1568.0	1344.0	1362.0	1623.0	1663.0	1966.0	2332.0	3185.0	4086.0	5702.0	8863.0	14681.0	29163.0	25052.0
	12.0	13.0	14.0	15.0	16.0	17.0	18.0	19.0	20.0	21.0	22.0	23.0	24.0	25.0	26.0	27.0	28.0	29.0	30.0	31.0	32.0	33.0	34.0	35.0	36.0	37.0
402044_16S_KN48L_CGAGAAGA-CGATCTAC_S91_L001_R1	2.0	15.0	27.0	85.0	125.0	285.0	2713.0	3419.0	3219.0	2636.0	2388.0	2179.0	2056.0	2138.0	2153.0	2446.0	2601.0	3097.0	3304.0	4272.0	5509.0	7870.0	11774.0	19783.0	41267.0	41088.0
	11.0	12.0	13.0	14.0	15.0	16.0	17.0	18.0	19.0	20.0	21.0	22.0	23.0	24.0	25.0	26.0	27.0	28.0	29.0	30.0	31.0	32.0	33.0	34.0	35.0	36.0	37.0
402045_16S_KN48L_CGAGAAGA-ACGACGTG_S92_L001_R1	1.0	12.0	13.0	35.0	59.0	128.0	470.0	5594.0	5567.0	4222.0	3075.0	2114.0	1706.0	1549.0	1316.0	1461.0	1597.0	1785.0	2014.0	2257.0	2970.0	3833.0	5465.0	8307.0	13848.0	28105.0	24697.0
	11.0	12.0	13.0	14.0	15.0	16.0	17.0	18.0	19.0	20.0	21.0	22.0	23.0	24.0	25.0	26.0	27.0	28.0	29.0	30.0	31.0	32.0	33.0	34.0	35.0	36.0	37.0
402046_16S_KN48L_CGAGAAGA-GTCTAGTG_S93_L001_R1	2.0	3.0	5.0	20.0	45.0	127.0	315.0	2491.0	2775.0	2585.0	2020.0	1699.0	1600.0	1575.0	1574.0	1773.0	1992.0	2246.0	2678.0	3249.0	4232.0	5750.0	8305.0	12778.0	21884.0	45324.0	38523.0
	11.0	12.0	13.0	14.0	15.0	16.0	17.0	18.0	19.0	20.0	21.0	22.0	23.0	24.0	25.0	26.0	27.0	28.0	29.0	30.0	31.0	32.0	33.0	34.0	35.0	36.0	37.0
402047_16S_KN48L_ATTCCTGT-AAGCAGCA_S94_L001_R1	1.0	11.0	21.0	26.0	54.0	96.0	389.0	5386.0	5595.0	4139.0	2704.0	1831.0	1378.0	1178.0	1114.0	1008.0	1128.0	1252.0	1439.0	1651.0	2165.0	2874.0	4041.0	6169.0	10784.0	22928.0	22822.0
	12.0	13.0	14.0	15.0	16.0	17.0	18.0	19.0	20.0	21.0	22.0	23.0	24.0	25.0	26.0	27.0	28.0	29.0	30.0	31.0	32.0	33.0	34.0	35.0	36.0	37.0
402048_16S_KN48L_ATTCCTGT-ACGCGTGA_S95_L001_R1	7.0	12.0	27.0	44.0	55.0	252.0	3257.0	3523.0	2681.0	1851.0	1363.0	1041.0	936.0	871.0	993.0	1031.0	1120.0	1268.0	1561.0	2007.0	2631.0	3922.0	5822.0	9890.0	19868.0	16856.0
	12.0	13.0	14.0	15.0	16.0	17.0	18.0	19.0	20.0	21.0	22.0	23.0	24.0	25.0	26.0	27.0	28.0	29.0	30.0	31.0	32.0	33.0	34.0	35.0	36.0	37.0
402049_16S_KN48L_ATTCCTGT-CGATCTAC_S96_L001_R1	5.0	9.0	15.0	40.0	56.0	221.0	2743.0	3183.0	2704.0	1993.0	1445.0	1127.0	1045.0	926.0	963.0	1007.0	1085.0	1138.0	1357.0	1734.0	2290.0	3200.0	4878.0	8182.0	16592.0	16945.0
	14.0	15.0	16.0	17.0	18.0	19.0	20.0	21.0	22.0	23.0	24.0	25.0	26.0	27.0	28.0	29.0	30.0	31.0	32.0	33.0	34.0	35.0	36.0	37.0
402050_16S_KN482_GTCAATTG-AAGCAGCA_S1_L001_R1	3.0	5.0	18.0	162.0	4437.0	8597.0	2743.0	1536.0	1042.0	881.0	775.0	816.0	822.0	923.0	1034.0	1117.0	1367.0	1799.0	2479.0	3468.0	5582.0	9966.0	21455.0	34793.0
	14.0	15.0	16.0	17.0	18.0	19.0	20.0	21.0	22.0	23.0	24.0	25.0	26.0	27.0	28.0	29.0	30.0	31.0	32.0	33.0	34.0	35.0	36.0	37.0
402051_16S_KN482_GTCAATTG-ACGCGTGA_S2_L001_R1	4.0	3.0	17.0	162.0	4886.0	8472.0	2591.0	1047.0	721.0	445.0	301.0	231.0	183.0	187.0	218.0	185.0	206.0	246.0	344.0	480.0	714.0	1220.0	2541.0	3504.0
	14.0	15.0	16.0	17.0	18.0	19.0	20.0	21.0	22.0	23.0	24.0	25.0	26.0	27.0	28.0	29.0	30.0	31.0	32.0	33.0	34.0	35.0	36.0	37.0
402052_16S_KN482_GTCAATTG-CGATCTAC_S3_L001_R1	1.0	1.0	8.0	89.0	2440.0	4966.0	2026.0	1140.0	836.0	700.0	671.0	657.0	618.0	697.0	652.0	781.0	945.0	1146.0	1467.0	2023.0	3219.0	5087.0	10942.0	17824.0
	15.0	16.0	17.0	18.0	19.0	20.0	21.0	22.0	23.0	24.0	25.0	26.0	27.0	28.0	29.0	30.0	31.0	32.0	33.0	34.0	35.0	36.0	37.0
402053_16S_KN482_GTCAATTG-ACGACGTG_S4_L001_R1	1.0	20.0	145.0	3860.0	7137.0	2518.0	1407.0	985.0	758.0	803.0	718.0	764.0	842.0	922.0	978.0	1166.0	1458.0	1888.0	2818.0	4314.0	7569.0	15812.0	22493.0
	15.0	16.0	17.0	18.0	19.0	20.0	21.0	22.0	23.0	24.0	25.0	26.0	27.0	28.0	29.0	30.0	31.0	32.0	33.0	34.0	35.0	36.0	37.0
402054_16S_KN482_GTCAATTG-GTCTAGTG_S5_L001_R1	2.0	14.0	107.0	3350.0	5684.0	2168.0	1232.0	879.0	745.0	735.0	780.0	814.0	897.0	980.0	1188.0	1351.0	1837.0	2449.0	3608.0	5775.0	10359.0	21766.0	31565.0
	13.0	14.0	15.0	16.0	17.0	18.0	19.0	20.0	21.0	22.0	23.0	24.0	25.0	26.0	27.0	28.0	29.0	30.0	31.0	32.0	33.0	34.0	35.0	36.0	37.0
402055_16S_KN482_GTCAATTG-CTAGTATG_S6_L001_R1	1.0	0.0	2.0	24.0	227.0	6906.0	12902.0	4153.0	1912.0	1269.0	839.0	756.0	720.0	718.0	828.0	843.0	989.0	1188.0	1443.0	1910.0	2862.0	4588.0	7616.0	16596.0	25445.0
	15.0	16.0	17.0	18.0	19.0	20.0	21.0	22.0	23.0	24.0	25.0	26.0	27.0	28.0	29.0	30.0	31.0	32.0	33.0	34.0	35.0	36.0	37.0
402056_16S_KN482_GTCAATTG-GATAGCGT_S7_L001_R1	3.0	23.0	114.0	3135.0	5915.0	2188.0	1197.0	903.0	691.0	677.0	734.0	739.0	796.0	841.0	1003.0	1211.0	1554.0	2032.0	2955.0	4698.0	8067.0	16966.0	26578.0
	13.0	14.0	15.0	16.0	17.0	18.0	19.0	20.0	21.0	22.0	23.0	24.0	25.0	26.0	27.0	28.0	29.0	30.0	31.0	32.0	33.0	34.0	35.0	36.0	37.0
402057_16S_KN482_GTCAATTG-TCTACACT_S8_L001_R1	1.0	0.0	8.0	19.0	297.0	8178.0	15754.0	4943.0	2112.0	1307.0	843.0	529.0	405.0	299.0	314.0	240.0	261.0	259.0	256.0	306.0	471.0	711.0	1294.0	2724.0	4533.0
	15.0	16.0	17.0	18.0	19.0	20.0	21.0	22.0	23.0	24.0	25.0	26.0	27.0	28.0	29.0	30.0	31.0	32.0	33.0	34.0	35.0	36.0	37.0
402058_16S_KN482_ATGAGACT-AAGCAGCA_S9_L001_R1	1.0	8.0	64.0	1435.0	3696.0	1493.0	922.0	769.0	674.0	684.0	707.0	655.0	844.0	810.0	946.0	1172.0	1450.0	1886.0	2741.0	4401.0	7594.0	16599.0	25347.0
	15.0	16.0	17.0	18.0	19.0	20.0	21.0	22.0	23.0	24.0	25.0	26.0	27.0	28.0	29.0	30.0	31.0	32.0	33.0	34.0	35.0	36.0	37.0
402059_16S_KN482_ATGAGACT-ACGCGTGA_S10_L001_R1	5.0	17.0	164.0	4259.0	10094.0	3278.0	1345.0	773.0	531.0	339.0	299.0	281.0	299.0	282.0	302.0	339.0	451.0	591.0	833.0	1363.0	2395.0	4692.0	6363.0
	16.0	17.0	18.0	19.0	20.0	21.0	22.0	23.0	24.0	25.0	26.0	27.0	28.0	29.0	30.0	31.0	32.0	33.0	34.0	35.0	36.0	37.0
402060_16S_KN482_ATGAGACT-CGATCTAC_S11_L001_R1	5.0	22.0	682.0	2034.0	1158.0	911.0	731.0	671.0	598.0	637.0	634.0	708.0	702.0	775.0	942.0	1113.0	1393.0	1975.0	3019.0	4914.0	10179.0	16428.0
	15.0	16.0	17.0	18.0	19.0	20.0	21.0	22.0	23.0	24.0	25.0	26.0	27.0	28.0	29.0	30.0	31.0	32.0	33.0	34.0	35.0	36.0	37.0
402061_16S_KN482_ATGAGACT-ACGACGTG_S12_L001_R1	3.0	21.0	187.0	4715.0	10846.0	3678.0	1749.0	1130.0	912.0	744.0	683.0	643.0	713.0	759.0	805.0	977.0	1239.0	1499.0	2064.0	3063.0	5329.0	10693.0	15328.0
	14.0	15.0	16.0	17.0	18.0	19.0	20.0	21.0	22.0	23.0	24.0	25.0	26.0	27.0	28.0	29.0	30.0	31.0	32.0	33.0	34.0	35.0	36.0	37.0
402062_16S_KN482_ATGAGACT-GTCTAGTG_S13_L001_R1	1.0	0.0	5.0	56.0	1213.0	3110.0	1502.0	965.0	856.0	750.0	773.0	794.0	820.0	836.0	908.0	1064.0	1155.0	1505.0	1945.0	2797.0	4490.0	7894.0	16621.0	24835.0
	15.0	16.0	17.0	18.0	19.0	20.0	21.0	22.0	23.0	24.0	25.0	26.0	27.0	28.0	29.0	30.0	31.0	32.0	33.0	34.0	35.0	36.0	37.0
402063_16S_KN482_ATGAGACT-CTAGTATG_S14_L001_R1	3.0	19.0	113.0	2957.0	6471.0	2195.0	1131.0	741.0	596.0	545.0	497.0	511.0	508.0	541.0	618.0	747.0	963.0	1251.0	1694.0	2712.0	4679.0	9768.0	14973.0
	14.0	15.0	16.0	17.0	18.0	19.0	20.0	21.0	22.0	23.0	24.0	25.0	26.0	27.0	28.0	29.0	30.0	31.0	32.0	33.0	34.0	35.0	36.0	37.0
402064_16S_KN482_ATGAGACT-GATAGCGT_S15_L001_R1	2.0	1.0	12.0	67.0	1895.0	4633.0	1879.0	1127.0	901.0	788.0	797.0	695.0	752.0	860.0	896.0	1011.0	1276.0	1522.0	1944.0	2727.0	4360.0	7709.0	16162.0	24494.0
	15.0	16.0	17.0	18.0	19.0	20.0	21.0	22.0	23.0	24.0	25.0	26.0	27.0	28.0	29.0	30.0	31.0	32.0	33.0	34.0	35.0	36.0	37.0
402065_16S_KN482_ATGAGACT-TCTACACT_S16_L001_R1	2.0	14.0	131.0	3712.0	8857.0	2925.0	1220.0	716.0	472.0	334.0	228.0	199.0	221.0	195.0	204.0	221.0	264.0	357.0	509.0	731.0	1298.0	2850.0	4712.0
	14.0	15.0	16.0	17.0	18.0	19.0	20.0	21.0	22.0	23.0	24.0	25.0	26.0	27.0	28.0	29.0	30.0	31.0	32.0	33.0	34.0	35.0	36.0	37.0
402066_16S_KN482_GAATCTTC-AAGCAGCA_S17_L001_R1	2.0	2.0	20.0	108.0	2324.0	5910.0	2541.0	1645.0	1396.0	1188.0	1136.0	1149.0	1162.0	1314.0	1240.0	1483.0	1447.0	1890.0	2301.0	3280.0	4937.0	8853.0	18707.0	27883.0
	15.0	16.0	17.0	18.0	19.0	20.0	21.0	22.0	23.0	24.0	25.0	26.0	27.0	28.0	29.0	30.0	31.0	32.0	33.0	34.0	35.0	36.0	37.0
402067_16S_KN482_GAATCTTC-ACGCGTGA_S18_L001_R1	3.0	23.0	164.0	4695.0	9864.0	3386.0	1636.0	1133.0	858.0	736.0	786.0	749.0	815.0	894.0	1055.0	1215.0	1473.0	1910.0	2975.0	4348.0	7913.0	15583.0	21098.0
	15.0	16.0	17.0	18.0	19.0	20.0	21.0	22.0	23.0	24.0	25.0	26.0	27.0	28.0	29.0	30.0	31.0	32.0	33.0	34.0	35.0	36.0	37.0
402068_16S_KN482_GAATCTTC-CGATCTAC_S19_L001_R1	2.0	4.0	46.0	942.0	2597.0	1537.0	1158.0	1014.0	915.0	918.0	936.0	978.0	1086.0	1162.0	1298.0	1372.0	1827.0	2371.0	3416.0	5300.0	9390.0	20022.0	32828.0
	14.0	15.0	16.0	17.0	18.0	19.0	20.0	21.0	22.0	23.0	24.0	25.0	26.0	27.0	28.0	29.0	30.0	31.0	32.0	33.0	34.0	35.0	36.0	37.0
402069_16S_KN482_GAATCTTC-ACGACGTG_S20_L001_R1	1.0	7.0	12.0	173.0	4139.0	8477.0	2905.0	1498.0	977.0	812.0	736.0	677.0	666.0	734.0	705.0	814.0	959.0	1200.0	1621.0	2121.0	3363.0	5888.0	11617.0	16577.0
	14.0	15.0	16.0	17.0	18.0	19.0	20.0	21.0	22.0	23.0	24.0	25.0	26.0	27.0	28.0	29.0	30.0	31.0	32.0	33.0	34.0	35.0	36.0	37.0
402070_16S_KN482_GAATCTTC-GTCTAGTG_S21_L001_R1	2.0	5.0	12.0	164.0	4585.0	8832.0	2813.0	1389.0	848.0	654.0	542.0	476.0	437.0	464.0	537.0	543.0	642.0	858.0	1029.0	1574.0	2579.0	4360.0	9128.0	12749.0
	14.0	15.0	16.0	17.0	18.0	19.0	20.0	21.0	22.0	23.0	24.0	25.0	26.0	27.0	28.0	29.0	30.0	31.0	32.0	33.0	34.0	35.0	36.0	37.0
402071_16S_KN482_GAATCTTC-CTAGTATG_S22_L001_R1	1.0	5.0	18.0	208.0	6047.0	12180.0	3980.0	1712.0	1009.0	704.0	404.0	386.0	300.0	292.0	308.0	258.0	330.0	379.0	447.0	634.0	1055.0	1788.0	3671.0	5366.0
	14.0	15.0	16.0	17.0	18.0	19.0	20.0	21.0	22.0	23.0	24.0	25.0	26.0	27.0	28.0	29.0	30.0	31.0	32.0	33.0	34.0	35.0	36.0	37.0
402072_16S_KN482_GAATCTTC-GATAGCGT_S23_L001_R1	1.0	0.0	11.0	147.0	3870.0	8229.0	3003.0	1548.0	1043.0	835.0	679.0	709.0	777.0	722.0	911.0	949.0	1034.0	1359.0	1790.0	2550.0	4073.0	6899.0	14263.0	20947.0
	14.0	15.0	16.0	17.0	18.0	19.0	20.0	21.0	22.0	23.0	24.0	25.0	26.0	27.0	28.0	29.0	30.0	31.0	32.0	33.0	34.0	35.0	36.0	37.0
402073_16S_KN482_CCAGTGTA-ACGCGTGA_S24_L001_R1	2.0	4.0	16.0	164.0	4204.0	8408.0	2634.0	1116.0	638.0	468.0	380.0	316.0	357.0	334.0	312.0	367.0	436.0	554.0	734.0	1050.0	1582.0	2933.0	6015.0	8111.0
	15.0	16.0	17.0	18.0	19.0	20.0	21.0	22.0	23.0	24.0	25.0	26.0	27.0	28.0	29.0	30.0	31.0	32.0	33.0	34.0	35.0	36.0	37.0
402074_16S_KN482_ACACGTAA-AAGCAGCA_S25_L001_R1	1.0	9.0	55.0	1136.0	2716.0	1412.0	994.0	872.0	806.0	824.0	866.0	880.0	943.0	1047.0	1173.0	1363.0	1690.0	2292.0	3230.0	5082.0	8839.0	18704.0	27838.0
	14.0	15.0	16.0	17.0	18.0	19.0	20.0	21.0	22.0	23.0	24.0	25.0	26.0	27.0	28.0	29.0	30.0	31.0	32.0	33.0	34.0	35.0	36.0	37.0
402075_16S_KN482_ACACGTAA-ACGCGTGA_S26_L001_R1	1.0	8.0	37.0	237.0	6058.0	13585.0	4531.0	2111.0	1330.0	1056.0	995.0	942.0	930.0	971.0	1110.0	1227.0	1478.0	1982.0	2721.0	3776.0	5980.0	10323.0	21265.0	29417.0
	14.0	15.0	16.0	17.0	18.0	19.0	20.0	21.0	22.0	23.0	24.0	25.0	26.0	27.0	28.0	29.0	30.0	31.0	32.0	33.0	34.0	35.0	36.0	37.0
402076_16S_KN482_ACACGTAA-CGATCTAC_S27_L001_R1	1.0	3.0	11.0	65.0	1827.0	4445.0	1940.0	1127.0	864.0	841.0	846.0	745.0	866.0	975.0	1034.0	1138.0	1301.0	1605.0	2215.0	3197.0	4977.0	8681.0	18416.0	29117.0
	14.0	15.0	16.0	17.0	18.0	19.0	20.0	21.0	22.0	23.0	24.0	25.0	26.0	27.0	28.0	29.0	30.0	31.0	32.0	33.0	34.0	35.0	36.0	37.0
402077_16S_KN482_ACACGTAA-ACGACGTG_S28_L001_R1	3.0	3.0	27.0	197.0	5382.0	11491.0	3586.0	1552.0	933.0	612.0	470.0	413.0	377.0	386.0	366.0	426.0	475.0	611.0	758.0	1092.0	1765.0	3102.0	6318.0	9250.0
	16.0	17.0	18.0	19.0	20.0	21.0	22.0	23.0	24.0	25.0	26.0	27.0	28.0	29.0	30.0	31.0	32.0	33.0	34.0	35.0	36.0	37.0
402078_16S_KN482_ACACGTAA-GTCTAGTG_S29_L001_R1	2.0	39.0	560.0	1246.0	875.0	795.0	666.0	760.0	728.0	789.0	842.0	934.0	1043.0	1237.0	1517.0	1926.0	2702.0	3835.0	6180.0	10693.0	22681.0	32595.0
	15.0	16.0	17.0	18.0	19.0	20.0	21.0	22.0	23.0	24.0	25.0	26.0	27.0	28.0	29.0	30.0	31.0	32.0	33.0	34.0	35.0	36.0	37.0
402079_16S_KN482_ACACGTAA-CTAGTATG_S30_L001_R1	2.0	5.0	67.0	1182.0	3057.0	1643.0	1232.0	1140.0	975.0	1006.0	1014.0	1012.0	1063.0	1229.0	1293.0	1522.0	1874.0	2496.0	3472.0	5480.0	9438.0	19748.0	29853.0
	16.0	17.0	18.0	19.0	20.0	21.0	22.0	23.0	24.0	25.0	26.0	27.0	28.0	29.0	30.0	31.0	32.0	33.0	34.0	35.0	36.0	37.0
402080_16S_KN482_ACACGTAA-GATAGCGT_S31_L001_R1	11.0	64.0	942.0	2489.0	1382.0	982.0	959.0	890.0	937.0	847.0	914.0	931.0	1174.0	1211.0	1473.0	1867.0	2462.0	3583.0	5455.0	9671.0	20076.0	29703.0
	15.0	16.0	17.0	18.0	19.0	20.0	21.0	22.0	23.0	24.0	25.0	26.0	27.0	28.0	29.0	30.0	31.0	32.0	33.0	34.0	35.0	36.0	37.0
402081_16S_KN482_ACACGTAA-TCTACACT_S32_L001_R1	3.0	31.0	232.0	6247.0	14222.0	4986.0	2443.0	1509.0	1184.0	1036.0	1006.0	955.0	1034.0	1135.0	1167.0	1464.0	1826.0	2477.0	3458.0	5526.0	10057.0	21471.0	37289.0
	13.0	14.0	15.0	16.0	17.0	18.0	19.0	20.0	21.0	22.0	23.0	24.0	25.0	26.0	27.0	28.0	29.0	30.0	31.0	32.0	33.0	34.0	35.0	36.0	37.0
402082_16S_KN482_GAGTGGTA-AAGCAGCA_S33_L001_R1	1.0	2.0	7.0	22.0	178.0	5051.0	9313.0	3549.0	2122.0	1596.0	1365.0	1320.0	1302.0	1413.0	1537.0	1544.0	1721.0	2201.0	2681.0	3748.0	5358.0	8531.0	15048.0	31429.0	46826.0
	14.0	15.0	16.0	17.0	18.0	19.0	20.0	21.0	22.0	23.0	24.0	25.0	26.0	27.0	28.0	29.0	30.0	31.0	32.0	33.0	34.0	35.0	36.0	37.0
402083_16S_KN482_GAGTGGTA-ACGCGTGA_S34_L001_R1	1.0	5.0	37.0	391.0	10007.0	17104.0	5393.0	2348.0	1388.0	872.0	668.0	550.0	469.0	447.0	413.0	488.0	555.0	661.0	940.0	1335.0	2161.0	3509.0	7342.0	10311.0
	14.0	15.0	16.0	17.0	18.0	19.0	20.0	21.0	22.0	23.0	24.0	25.0	26.0	27.0	28.0	29.0	30.0	31.0	32.0	33.0	34.0	35.0	36.0	37.0
402084_16S_KN482_GAGTGGTA-CGATCTAC_S35_L001_R1	1.0	0.0	6.0	49.0	966.0	2228.0	1407.0	1186.0	1019.0	983.0	986.0	915.0	924.0	947.0	1115.0	1139.0	1415.0	1649.0	2345.0	3239.0	5059.0	8695.0	17837.0	28125.0
	15.0	16.0	17.0	18.0	19.0	20.0	21.0	22.0	23.0	24.0	25.0	26.0	27.0	28.0	29.0	30.0	31.0	32.0	33.0	34.0	35.0	36.0	37.0
402085_16S_KN482_GAGTGGTA-ACGACGTG_S36_L001_R1	6.0	15.0	91.0	2125.0	4265.0	2019.0	1451.0	1220.0	1081.0	1062.0	1110.0	1148.0	1146.0	1240.0	1471.0	1759.0	2055.0	2703.0	3888.0	5860.0	9847.0	19921.0	28651.0
	14.0	15.0	16.0	17.0	18.0	19.0	20.0	21.0	22.0	23.0	24.0	25.0	26.0	27.0	28.0	29.0	30.0	31.0	32.0	33.0	34.0	35.0	36.0	37.0
402086_16S_KN482_GAGTGGTA-GTCTAGTG_S37_L001_R1	1.0	3.0	25.0	169.0	4850.0	8526.0	3417.0	2025.0	1444.0	1258.0	1288.0	1260.0	1320.0	1329.0	1443.0	1699.0	1965.0	2618.0	3497.0	4941.0	7976.0	14111.0	28734.0	40220.0
	13.0	14.0	15.0	16.0	17.0	18.0	19.0	20.0	21.0	22.0	23.0	24.0	25.0	26.0	27.0	28.0	29.0	30.0	31.0	32.0	33.0	34.0	35.0	36.0	37.0
402087_16S_KN482_GAGTGGTA-CTAGTATG_S38_L001_R1	1.0	2.0	3.0	40.0	385.0	11646.0	20868.0	7006.0	3221.0	1994.0	1579.0	1216.0	1161.0	1143.0	1209.0	1315.0	1354.0	1714.0	2116.0	2903.0	4139.0	6600.0	11559.0	23798.0	36167.0
	14.0	15.0	16.0	17.0	18.0	19.0	20.0	21.0	22.0	23.0	24.0	25.0	26.0	27.0	28.0	29.0	30.0	31.0	32.0	33.0	34.0	35.0	36.0	37.0
402088_16S_KN482_GAGTGGTA-GATAGCGT_S39_L001_R1	2.0	6.0	29.0	298.0	7668.0	13441.0	4750.0	2368.0	1562.0	1219.0	1185.0	1149.0	1096.0	1091.0	1185.0	1411.0	1704.0	2156.0	2834.0	4134.0	6755.0	11310.0	23375.0	34309.0
	14.0	15.0	16.0	17.0	18.0	19.0	20.0	21.0	22.0	23.0	24.0	25.0	26.0	27.0	28.0	29.0	30.0	31.0	32.0	33.0	34.0	35.0	36.0	37.0
402089_16S_KN482_GAGTGGTA-TCTACACT_S40_L001_R1	2.0	9.0	41.0	325.0	9512.0	17932.0	5850.0	2630.0	1513.0	1041.0	697.0	570.0	496.0	555.0	476.0	550.0	605.0	676.0	883.0	1251.0	2002.0	3585.0	7788.0	13369.0
	13.0	14.0	15.0	16.0	17.0	18.0	19.0	20.0	21.0	22.0	23.0	24.0	25.0	26.0	27.0	28.0	29.0	30.0	31.0	32.0	33.0	34.0	35.0	36.0	37.0
402090_16S_KN482_GAAGTTGG-AAGCAGCA_S41_L001_R1	1.0	2.0	8.0	30.0	334.0	8960.0	17505.0	5595.0	2608.0	1645.0	1220.0	1105.0	983.0	942.0	1000.0	1075.0	1111.0	1433.0	1655.0	2272.0	3440.0	5329.0	9136.0	19380.0	29334.0
	12.0	13.0	14.0	15.0	16.0	17.0	18.0	19.0	20.0	21.0	22.0	23.0	24.0	25.0	26.0	27.0	28.0	29.0	30.0	31.0	32.0	33.0	34.0	35.0	36.0	37.0
402091_16S_KN482_GAAGTTGG-ACGCGTGA_S42_L001_R1	1.0	1.0	0.0	4.0	26.0	180.0	5492.0	10093.0	3148.0	1400.0	887.0	626.0	478.0	406.0	415.0	407.0	442.0	450.0	537.0	668.0	852.0	1275.0	2011.0	3497.0	7228.0	10019.0
	13.0	14.0	15.0	16.0	17.0	18.0	19.0	20.0	21.0	22.0	23.0	24.0	25.0	26.0	27.0	28.0	29.0	30.0	31.0	32.0	33.0	34.0	35.0	36.0	37.0
402092_16S_KN482_GAAGTTGG-CGATCTAC_S43_L001_R1	2.0	1.0	6.0	21.0	142.0	4003.0	8351.0	3087.0	1674.0	1150.0	996.0	907.0	789.0	816.0	856.0	924.0	1021.0	1168.0	1408.0	1831.0	2634.0	4050.0	6950.0	14629.0	22989.0
	13.0	14.0	15.0	16.0	17.0	18.0	19.0	20.0	21.0	22.0	23.0	24.0	25.0	26.0	27.0	28.0	29.0	30.0	31.0	32.0	33.0	34.0	35.0	36.0	37.0
402093_16S_KN482_GAAGTTGG-ACGACGTG_S44_L001_R1	3.0	3.0	1.0	42.0	305.0	8222.0	15755.0	5270.0	2423.0	1647.0	1239.0	1118.0	1020.0	1024.0	1079.0	1211.0	1267.0	1667.0	1896.0	2627.0	3932.0	6043.0	10633.0	21881.0	32735.0
	13.0	14.0	15.0	16.0	17.0	18.0	19.0	20.0	21.0	22.0	23.0	24.0	25.0	26.0	27.0	28.0	29.0	30.0	31.0	32.0	33.0	34.0	35.0	36.0	37.0
402094_16S_KN482_GAAGTTGG-GTCTAGTG_S45_L001_R1	2.0	1.0	4.0	15.0	135.0	3809.0	7885.0	3564.0	2187.0	1797.0	1544.0	1476.0	1338.0	1360.0	1515.0	1533.0	1696.0	2031.0	2535.0	3369.0	4722.0	7572.0	13003.0	27369.0	41542.0
	14.0	15.0	16.0	17.0	18.0	19.0	20.0	21.0	22.0	23.0	24.0	25.0	26.0	27.0	28.0	29.0	30.0	31.0	32.0	33.0	34.0	35.0	36.0	37.0
402095_16S_KN482_GAAGTTGG-CTAGTATG_S46_L001_R1	2.0	5.0	39.0	370.0	10854.0	20728.0	6668.0	3109.0	1729.0	1297.0	942.0	762.0	824.0	751.0	798.0	854.0	1000.0	1231.0	1618.0	2355.0	3666.0	6536.0	13349.0	21704.0
	14.0	15.0	16.0	17.0	18.0	19.0	20.0	21.0	22.0	23.0	24.0	25.0	26.0	27.0	28.0	29.0	30.0	31.0	32.0	33.0	34.0	35.0	36.0	37.0
402096_16S_KN482_GAAGTTGG-GATAGCGT_S47_L001_R1	1.0	1.0	4.0	47.0	906.0	1940.0	1272.0	1031.0	954.0	846.0	950.0	887.0	978.0	1078.0	1275.0	1253.0	1542.0	1871.0	2561.0	3603.0	5759.0	10406.0	22135.0	34806.0
	13.0	14.0	15.0	16.0	17.0	18.0	19.0	20.0	21.0	22.0	23.0	24.0	25.0	26.0	27.0	28.0	29.0	30.0	31.0	32.0	33.0	34.0	35.0	36.0	37.0
402097_16S_KN482_GAAGTTGG-TCTACACT_S48_L001_R1	1.0	5.0	3.0	13.0	129.0	3301.0	6968.0	3170.0	1934.0	1379.0	1210.0	1171.0	1109.0	1030.0	1147.0	1148.0	1367.0	1551.0	1877.0	2449.0	3383.0	5231.0	9431.0	19756.0	34219.0
	14.0	15.0	16.0	17.0	18.0	19.0	20.0	21.0	22.0	23.0	24.0	25.0	26.0	27.0	28.0	29.0	30.0	31.0	32.0	33.0	34.0	35.0	36.0	37.0
402098_16S_KN482_TTCCTAGG-AAGCAGCA_S49_L001_R1	1.0	2.0	3.0	47.0	602.0	1694.0	1152.0	1044.0	924.0	812.0	851.0	1008.0	877.0	889.0	909.0	1027.0	1142.0	1477.0	1974.0	3091.0	4303.0	7654.0	15848.0	23284.0
	13.0	14.0	15.0	16.0	17.0	18.0	19.0	20.0	21.0	22.0	23.0	24.0	25.0	26.0	27.0	28.0	29.0	30.0	31.0	32.0	33.0	34.0	35.0	36.0	37.0
402099_16S_KN482_TTCCTAGG-ACGCGTGA_S50_L001_R1	1.0	1.0	3.0	11.0	84.0	2188.0	4668.0	2335.0	1593.0	1239.0	1061.0	1040.0	1066.0	1095.0	1077.0	1217.0	1330.0	1606.0	2003.0	2543.0	3857.0	5616.0	9602.0	18989.0	25135.0
	13.0	14.0	15.0	16.0	17.0	18.0	19.0	20.0	21.0	22.0	23.0	24.0	25.0	26.0	27.0	28.0	29.0	30.0	31.0	32.0	33.0	34.0	35.0	36.0	37.0
402100_16S_KN482_CCAGTGTA-CGATCTAC_S51_L001_R1	2.0	1.0	4.0	11.0	93.0	2088.0	5109.0	3044.0	2502.0	1965.0	1842.0	1966.0	2075.0	2226.0	2501.0	2566.0	2979.0	3596.0	4282.0	6209.0	9239.0	13451.0	24195.0	51573.0	90507.0
	13.0	14.0	15.0	16.0	17.0	18.0	19.0	20.0	21.0	22.0	23.0	24.0	25.0	26.0	27.0	28.0	29.0	30.0	31.0	32.0	33.0	34.0	35.0	36.0	37.0
402101_16S_KN482_TTCCTAGG-ACGACGTG_S52_L001_R1	1.0	2.0	5.0	20.0	215.0	5296.0	11276.0	4200.0	2241.0	1657.0	1199.0	1101.0	1057.0	1133.0	1125.0	1258.0	1427.0	1602.0	1887.0	2691.0	3782.0	5645.0	9684.0	19472.0	27519.0
	14.0	15.0	16.0	17.0	18.0	19.0	20.0	21.0	22.0	23.0	24.0	25.0	26.0	27.0	28.0	29.0	30.0	31.0	32.0	33.0	34.0	35.0	36.0	37.0
402102_16S_KN482_TTCCTAGG-GTCTAGTG_S53_L001_R1	2.0	0.0	1.0	27.0	402.0	1027.0	782.0	711.0	670.0	643.0	752.0	799.0	917.0	936.0	1078.0	1156.0	1447.0	1964.0	2647.0	3755.0	6227.0	10740.0	22245.0	31020.0
	15.0	16.0	17.0	18.0	19.0	20.0	21.0	22.0	23.0	24.0	25.0	26.0	27.0	28.0	29.0	30.0	31.0	32.0	33.0	34.0	35.0	36.0	37.0
402103_16S_KN482_TTCCTAGG-CTAGTATG_S54_L001_R1	2.0	23.0	258.0	7725.0	16158.0	5471.0	2616.0	1529.0	1187.0	948.0	886.0	894.0	952.0	931.0	1112.0	1306.0	1646.0	2222.0	3227.0	5121.0	8783.0	18215.0	27465.0
	15.0	16.0	17.0	18.0	19.0	20.0	21.0	22.0	23.0	24.0	25.0	26.0	27.0	28.0	29.0	30.0	31.0	32.0	33.0	34.0	35.0	36.0	37.0
402104_16S_KN482_TTCCTAGG-GATAGCGT_S55_L001_R1	1.0	3.0	38.0	821.0	2033.0	1473.0	1242.0	1101.0	1031.0	1052.0	1238.0	1110.0	1268.0	1422.0	1653.0	1906.0	2437.0	3337.0	4933.0	7488.0	12989.0	26958.0	40620.0
	13.0	14.0	15.0	16.0	17.0	18.0	19.0	20.0	21.0	22.0	23.0	24.0	25.0	26.0	27.0	28.0	29.0	30.0	31.0	32.0	33.0	34.0	35.0	36.0	37.0
402105_16S_KN482_TTCCTAGG-TCTACACT_S56_L001_R1	1.0	0.0	2.0	7.0	73.0	1970.0	4642.0	2275.0	1583.0	1247.0	1081.0	1046.0	1090.0	992.0	1117.0	1111.0	1348.0	1615.0	1923.0	2560.0	3657.0	5532.0	9819.0	20686.0	34869.0
	15.0	16.0	17.0	18.0	19.0	20.0	21.0	22.0	23.0	24.0	25.0	26.0	27.0	28.0	29.0	30.0	31.0	32.0	33.0	34.0	35.0	36.0	37.0
402106_16S_KN482_GCACGACA-AAGCAGCA_S57_L001_R1	3.0	6.0	55.0	1055.0	2621.0	1240.0	930.0	827.0	745.0	753.0	843.0	805.0	910.0	1025.0	1154.0	1417.0	1771.0	2404.0	3507.0	5408.0	9441.0	19531.0	27832.0
	13.0	14.0	15.0	16.0	17.0	18.0	19.0	20.0	21.0	22.0	23.0	24.0	25.0	26.0	27.0	28.0	29.0	30.0	31.0	32.0	33.0	34.0	35.0	36.0	37.0
402107_16S_KN482_GCACGACA-ACGCGTGA_S58_L001_R1	1.0	0.0	2.0	26.0	131.0	3325.0	7274.0	2691.0	1440.0	1062.0	954.0	890.0	974.0	941.0	965.0	1091.0	1217.0	1433.0	1876.0	2570.0	3630.0	5800.0	9843.0	19497.0	25617.0
	16.0	17.0	18.0	19.0	20.0	21.0	22.0	23.0	24.0	25.0	26.0	27.0	28.0	29.0	30.0	31.0	32.0	33.0	34.0	35.0	36.0	37.0
402108_16S_KN482_GCACGACA-CGATCTAC_S59_L001_R1	5.0	39.0	576.0	1702.0	1137.0	891.0	722.0	787.0	726.0	726.0	771.0	791.0	849.0	909.0	1055.0	1314.0	1811.0	2723.0	3818.0	6772.0	14117.0	23045.0
	12.0	13.0	14.0	15.0	16.0	17.0	18.0	19.0	20.0	21.0	22.0	23.0	24.0	25.0	26.0	27.0	28.0	29.0	30.0	31.0	32.0	33.0	34.0	35.0	36.0	37.0
402109_16S_KN482_GCACGACA-ACGACGTG_S60_L001_R1	1.0	0.0	0.0	0.0	5.0	45.0	898.0	2300.0	1242.0	910.0	823.0	776.0	763.0	708.0	757.0	873.0	908.0	1066.0	1284.0	1579.0	2223.0	3020.0	4572.0	7597.0	15463.0	21378.0
	13.0	14.0	15.0	16.0	17.0	18.0	19.0	20.0	21.0	22.0	23.0	24.0	25.0	26.0	27.0	28.0	29.0	30.0	31.0	32.0	33.0	34.0	35.0	36.0	37.0
402110_16S_KN482_GCACGACA-GTCTAGTG_S61_L001_R1	1.0	1.0	0.0	5.0	57.0	910.0	2190.0	1147.0	889.0	747.0	731.0	776.0	786.0	892.0	885.0	934.0	1101.0	1335.0	1689.0	2465.0	3445.0	5114.0	9089.0	19255.0	27658.0
	14.0	15.0	16.0	17.0	18.0	19.0	20.0	21.0	22.0	23.0	24.0	25.0	26.0	27.0	28.0	29.0	30.0	31.0	32.0	33.0	34.0	35.0	36.0	37.0
402111_16S_KN482_GCACGACA-CTAGTATG_S62_L001_R1	1.0	5.0	32.0	246.0	6556.0	14292.0	4762.0	2200.0	1317.0	960.0	838.0	761.0	789.0	749.0	837.0	926.0	1130.0	1389.0	1932.0	2767.0	4247.0	7031.0	14477.0	21128.0
	15.0	16.0	17.0	18.0	19.0	20.0	21.0	22.0	23.0	24.0	25.0	26.0	27.0	28.0	29.0	30.0	31.0	32.0	33.0	34.0	35.0	36.0	37.0
402112_16S_KN482_GCACGACA-GATAGCGT_S63_L001_R1	2.0	9.0	35.0	748.0	1983.0	1132.0	852.0	721.0	709.0	676.0	710.0	707.0	827.0	814.0	959.0	1103.0	1385.0	1884.0	2784.0	4262.0	7637.0	15782.0	23368.0
	15.0	16.0	17.0	18.0	19.0	20.0	21.0	22.0	23.0	24.0	25.0	26.0	27.0	28.0	29.0	30.0	31.0	32.0	33.0	34.0	35.0	36.0	37.0
402113_16S_KN482_GCACGACA-TCTACACT_S64_L001_R1	3.0	30.0	155.0	4211.0	9817.0	3439.0	1564.0	951.0	645.0	523.0	504.0	452.0	457.0	487.0	530.0	589.0	723.0	905.0	1353.0	2137.0	3619.0	7885.0	13111.0
	14.0	15.0	16.0	17.0	18.0	19.0	20.0	21.0	22.0	23.0	24.0	25.0	26.0	27.0	28.0	29.0	30.0	31.0	32.0	33.0	34.0	35.0	36.0	37.0
402114_16S_KN482_ATCGATCT-AAGCAGCA_S65_L001_R1	1.0	0.0	7.0	23.0	561.0	1495.0	916.0	790.0	733.0	769.0	838.0	826.0	872.0	992.0	1078.0	1125.0	1417.0	1756.0	2260.0	3347.0	5338.0	9459.0	21267.0	35194.0
	16.0	17.0	18.0	19.0	20.0	21.0	22.0	23.0	24.0	25.0	26.0	27.0	28.0	29.0	30.0	31.0	32.0	33.0	34.0	35.0	36.0	37.0
402115_16S_KN482_ATCGATCT-ACGCGTGA_S66_L001_R1	3.0	28.0	363.0	971.0	802.0	704.0	735.0	736.0	721.0	796.0	892.0	1107.0	1354.0	1295.0	1686.0	2037.0	2689.0	4068.0	6251.0	11070.0	22953.0	33282.0
	16.0	17.0	18.0	19.0	20.0	21.0	22.0	23.0	24.0	25.0	26.0	27.0	28.0	29.0	30.0	31.0	32.0	33.0	34.0	35.0	36.0	37.0
402116_16S_KN482_ATCGATCT-CGATCTAC_S67_L001_R1	1.0	20.0	317.0	1089.0	859.0	838.0	740.0	764.0	812.0	749.0	779.0	904.0	1121.0	986.0	1152.0	1419.0	1966.0	2604.0	4036.0	7041.0	14999.0	25593.0
	15.0	16.0	17.0	18.0	19.0	20.0	21.0	22.0	23.0	24.0	25.0	26.0	27.0	28.0	29.0	30.0	31.0	32.0	33.0	34.0	35.0	36.0	37.0
402117_16S_KN482_ATCGATCT-ACGACGTG_S68_L001_R1	2.0	4.0	63.0	1139.0	2838.0	1511.0	1359.0	1226.0	1126.0	1188.0	1210.0	1359.0	1547.0	1975.0	1806.0	2169.0	2785.0	3688.0	5272.0	8013.0	13809.0	29211.0	42726.0
	15.0	16.0	17.0	18.0	19.0	20.0	21.0	22.0	23.0	24.0	25.0	26.0	27.0	28.0	29.0	30.0	31.0	32.0	33.0	34.0	35.0	36.0	37.0
402118_16S_KN482_ATCGATCT-GTCTAGTG_S69_L001_R1	1.0	2.0	22.0	279.0	763.0	561.0	623.0	549.0	565.0	605.0	729.0	741.0	872.0	955.0	1040.0	1300.0	1773.0	2301.0	3371.0	5428.0	9990.0	22021.0	34758.0
	15.0	16.0	17.0	18.0	19.0	20.0	21.0	22.0	23.0	24.0	25.0	26.0	27.0	28.0	29.0	30.0	31.0	32.0	33.0	34.0	35.0	36.0	37.0
402119_16S_KN482_ATCGATCT-CTAGTATG_S70_L001_R1	1.0	5.0	28.0	452.0	1289.0	831.0	798.0	797.0	802.0	832.0	879.0	936.0	1017.0	1272.0	1258.0	1503.0	2070.0	2580.0	3910.0	5952.0	10704.0	23371.0	38125.0
	16.0	17.0	18.0	19.0	20.0	21.0	22.0	23.0	24.0	25.0	26.0	27.0	28.0	29.0	30.0	31.0	32.0	33.0	34.0	35.0	36.0	37.0
402120_16S_KN482_ATCGATCT-GATAGCGT_S71_L001_R1	2.0	25.0	326.0	1001.0	863.0	737.0	720.0	732.0	907.0	882.0	923.0	1108.0	1350.0	1368.0	1689.0	2104.0	2837.0	4139.0	6608.0	11968.0	26530.0	43482.0
	15.0	16.0	17.0	18.0	19.0	20.0	21.0	22.0	23.0	24.0	25.0	26.0	27.0	28.0	29.0	30.0	31.0	32.0	33.0	34.0	35.0	36.0	37.0
402121_16S_KN482_ATCGATCT-TCTACACT_S72_L001_R1	2.0	4.0	41.0	619.0	1697.0	1138.0	915.0	895.0	813.0	882.0	894.0	908.0	1077.0	1500.0	1207.0	1536.0	1921.0	2474.0	3606.0	5581.0	10085.0	22097.0	38988.0
	15.0	16.0	17.0	18.0	19.0	20.0	21.0	22.0	23.0	24.0	25.0	26.0	27.0	28.0	29.0	30.0	31.0	32.0	33.0	34.0	35.0	36.0	37.0
402122_16S_KN482_CTTGTGTC-AAGCAGCA_S73_L001_R1	1.0	1.0	21.0	228.0	809.0	612.0	537.0	542.0	580.0	602.0	667.0	752.0	837.0	891.0	1036.0	1210.0	1577.0	2139.0	2944.0	4855.0	8845.0	19670.0	32970.0
	15.0	16.0	17.0	18.0	19.0	20.0	21.0	22.0	23.0	24.0	25.0	26.0	27.0	28.0	29.0	30.0	31.0	32.0	33.0	34.0	35.0	36.0	37.0
402123_16S_KN482_CTTGTGTC-ACGCGTGA_S74_L001_R1	1.0	2.0	27.0	333.0	1060.0	792.0	775.0	792.0	710.0	775.0	878.0	958.0	1094.0	1320.0	1435.0	1682.0	2159.0	2906.0	4298.0	6882.0	11890.0	25028.0	37727.0
	14.0	15.0	16.0	17.0	18.0	19.0	20.0	21.0	22.0	23.0	24.0	25.0	26.0	27.0	28.0	29.0	30.0	31.0	32.0	33.0	34.0	35.0	36.0	37.0
402124_16S_KN482_CTTGTGTC-CGATCTAC_S75_L001_R1	1.0	0.0	3.0	12.0	307.0	949.0	720.0	678.0	667.0	702.0	706.0	670.0	727.0	843.0	867.0	1053.0	1198.0	1458.0	1947.0	2807.0	4460.0	7977.0	17599.0	31527.0
	14.0	15.0	16.0	17.0	18.0	19.0	20.0	21.0	22.0	23.0	24.0	25.0	26.0	27.0	28.0	29.0	30.0	31.0	32.0	33.0	34.0	35.0	36.0	37.0
402125_16S_KN482_CTTGTGTC-ACGACGTG_S76_L001_R1	1.0	0.0	4.0	34.0	418.0	1289.0	951.0	867.0	883.0	813.0	879.0	875.0	992.0	1164.0	1334.0	1468.0	1698.0	2114.0	2796.0	4029.0	6284.0	11251.0	24236.0	37944.0
	15.0	16.0	17.0	18.0	19.0	20.0	21.0	22.0	23.0	24.0	25.0	26.0	27.0	28.0	29.0	30.0	31.0	32.0	33.0	34.0	35.0	36.0	37.0
402126_16S_KN482_CTTGTGTC-GTCTAGTG_S77_L001_R1	1.0	3.0	24.0	347.0	998.0	851.0	740.0	772.0	761.0	851.0	991.0	1105.0	1160.0	1274.0	1384.0	1772.0	2169.0	2972.0	4378.0	7088.0	12899.0	28602.0	47263.0
	13.0	14.0	15.0	16.0	17.0	18.0	19.0	20.0	21.0	22.0	23.0	24.0	25.0	26.0	27.0	28.0	29.0	30.0	31.0	32.0	33.0	34.0	35.0	36.0	37.0
402127_16S_KN482_CTTGTGTC-CTAGTATG_S78_L001_R1	1.0	0.0	3.0	7.0	33.0	385.0	1221.0	913.0	793.0	881.0	770.0	816.0	861.0	910.0	1057.0	1131.0	1437.0	1565.0	2050.0	2750.0	3944.0	6164.0	10857.0	23497.0	39098.0
	16.0	17.0	18.0	19.0	20.0	21.0	22.0	23.0	24.0	25.0	26.0	27.0	28.0	29.0	30.0	31.0	32.0	33.0	34.0	35.0	36.0	37.0
402128_16S_KN482_CTTGTGTC-GATAGCGT_S79_L001_R1	2.0	25.0	294.0	763.0	675.0	636.0	642.0	619.0	794.0	729.0	821.0	902.0	1059.0	1251.0	1453.0	1894.0	2579.0	3689.0	6168.0	10941.0	24041.0	41624.0
	15.0	16.0	17.0	18.0	19.0	20.0	21.0	22.0	23.0	24.0	25.0	26.0	27.0	28.0	29.0	30.0	31.0	32.0	33.0	34.0	35.0	36.0	37.0
402129_16S_KN482_CTTGTGTC-TCTACACT_S80_L001_R1	2.0	6.0	35.0	563.0	1587.0	1202.0	977.0	856.0	868.0	845.0	950.0	939.0	1022.0	1102.0	1336.0	1662.0	1863.0	2532.0	3538.0	5619.0	10022.0	22291.0	39824.0
	13.0	14.0	15.0	16.0	17.0	18.0	19.0	20.0	21.0	22.0	23.0	24.0	25.0	26.0	27.0	28.0	29.0	30.0	31.0	32.0	33.0	34.0	35.0	36.0	37.0
402130_16S_KN482_TGAGCCGG-AAGCAGCA_S81_L001_R1	3.0	2.0	2.0	2.0	38.0	698.0	1630.0	1008.0	836.0	789.0	729.0	780.0	868.0	849.0	936.0	1035.0	1216.0	1477.0	1905.0	2577.0	3713.0	5723.0	10362.0	21286.0	33003.0
	13.0	14.0	15.0	16.0	17.0	18.0	19.0	20.0	21.0	22.0	23.0	24.0	25.0	26.0	27.0	28.0	29.0	30.0	31.0	32.0	33.0	34.0	35.0	36.0	37.0
402131_16S_KN482_TGAGCCGG-ACGCGTGA_S82_L001_R1	1.0	1.0	1.0	6.0	30.0	364.0	920.0	665.0	647.0	578.0	671.0	683.0	734.0	835.0	923.0	1059.0	1250.0	1529.0	1972.0	2657.0	3790.0	5948.0	10395.0	21409.0	31398.0
	14.0	15.0	16.0	17.0	18.0	19.0	20.0	21.0	22.0	23.0	24.0	25.0	26.0	27.0	28.0	29.0	30.0	31.0	32.0	33.0	34.0	35.0	36.0	37.0
402132_16S_KN482_TGAGCCGG-CGATCTAC_S83_L001_R1	3.0	1.0	6.0	29.0	613.0	1545.0	1085.0	1106.0	964.0	905.0	927.0	996.0	1037.0	1152.0	1277.0	1496.0	1793.0	2182.0	3059.0	4377.0	6673.0	11824.0	25131.0	41922.0
	13.0	14.0	15.0	16.0	17.0	18.0	19.0	20.0	21.0	22.0	23.0	24.0	25.0	26.0	27.0	28.0	29.0	30.0	31.0	32.0	33.0	34.0	35.0	36.0	37.0
402133_16S_KN482_TGAGCCGG-ACGACGTG_S84_L001_R1	2.0	1.0	1.0	10.0	68.0	1018.0	2286.0	1250.0	1058.0	995.0	1000.0	974.0	964.0	1016.0	1139.0	1304.0	1474.0	1793.0	2301.0	3155.0	4483.0	7014.0	12094.0	25039.0	36376.0
	13.0	14.0	15.0	16.0	17.0	18.0	19.0	20.0	21.0	22.0	23.0	24.0	25.0	26.0	27.0	28.0	29.0	30.0	31.0	32.0	33.0	34.0	35.0	36.0	37.0
402134_16S_KN482_TGAGCCGG-GTCTAGTG_S85_L001_R1	2.0	0.0	2.0	6.0	28.0	260.0	599.0	553.0	503.0	500.0	558.0	586.0	668.0	730.0	883.0	952.0	1148.0	1389.0	1814.0	2598.0	3941.0	6242.0	11012.0	23546.0	34729.0
	12.0	13.0	14.0	15.0	16.0	17.0	18.0	19.0	20.0	21.0	22.0	23.0	24.0	25.0	26.0	27.0	28.0	29.0	30.0	31.0	32.0	33.0	34.0	35.0	36.0	37.0
402135_16S_KN482_TGAGCCGG-CTAGTATG_S86_L001_R1	1.0	0.0	0.0	1.0	9.0	43.0	793.0	1774.0	1141.0	932.0	861.0	813.0	843.0	918.0	975.0	1107.0	1169.0	1413.0	1680.0	2271.0	3151.0	4421.0	6735.0	11717.0	24075.0	37530.0
	14.0	15.0	16.0	17.0	18.0	19.0	20.0	21.0	22.0	23.0	24.0	25.0	26.0	27.0	28.0	29.0	30.0	31.0	32.0	33.0	34.0	35.0	36.0	37.0
402136_16S_KN482_TGAGCCGG-GATAGCGT_S87_L001_R1	1.0	0.0	11.0	49.0	634.0	1359.0	901.0	700.0	722.0	678.0	742.0	735.0	839.0	959.0	1047.0	1282.0	1455.0	1797.0	2499.0	3598.0	5657.0	10184.0	21551.0	34280.0
	14.0	15.0	16.0	17.0	18.0	19.0	20.0	21.0	22.0	23.0	24.0	25.0	26.0	27.0	28.0	29.0	30.0	31.0	32.0	33.0	34.0	35.0	36.0	37.0
402137_16S_KN482_TGAGCCGG-TCTACACT_S88_L001_R1	1.0	0.0	16.0	150.0	3559.0	7208.0	2858.0	1631.0	1175.0	1008.0	970.0	1015.0	1048.0	1120.0	1158.0	1314.0	1600.0	1972.0	2648.0	3683.0	5842.0	10203.0	22005.0	38265.0
	15.0	16.0	17.0	18.0	19.0	20.0	21.0	22.0	23.0	24.0	25.0	26.0	27.0	28.0	29.0	30.0	31.0	32.0	33.0	34.0	35.0	36.0	37.0
402138_16S_KN482_GCGGCAAT-AAGCAGCA_S89_L001_R1	2.0	2.0	23.0	439.0	878.0	465.0	328.0	331.0	289.0	342.0	397.0	382.0	475.0	527.0	633.0	873.0	1070.0	1500.0	2183.0	3382.0	5906.0	11981.0	17590.0
	15.0	16.0	17.0	18.0	19.0	20.0	21.0	22.0	23.0	24.0	25.0	26.0	27.0	28.0	29.0	30.0	31.0	32.0	33.0	34.0	35.0	36.0	37.0
402139_16S_KN482_GCGGCAAT-ACGCGTGA_S90_L001_R1	1.0	9.0	61.0	1345.0	2711.0	1002.0	567.0	449.0	409.0	437.0	443.0	444.0	555.0	606.0	684.0	916.0	1105.0	1568.0	2299.0	3419.0	5795.0	11292.0	14162.0
	17.0	18.0	19.0	20.0	21.0	22.0	23.0	24.0	25.0	26.0	27.0	28.0	29.0	30.0	31.0	32.0	33.0	34.0	35.0	36.0	37.0
402140_16S_KN482_GCGGCAAT-CGATCTAC_S91_L001_R1	16.0	116.0	292.0	242.0	243.0	214.0	236.0	282.0	319.0	360.0	410.0	458.0	579.0	761.0	937.0	1291.0	1922.0	2988.0	5309.0	10968.0	16502.0
	15.0	16.0	17.0	18.0	19.0	20.0	21.0	22.0	23.0	24.0	25.0	26.0	27.0	28.0	29.0	30.0	31.0	32.0	33.0	34.0	35.0	36.0	37.0
402141_16S_KN482_GCGGCAAT-ACGACGTG_S92_L001_R1	2.0	6.0	27.0	460.0	1025.0	521.0	390.0	360.0	348.0	409.0	410.0	457.0	500.0	635.0	707.0	929.0	1189.0	1653.0	2296.0	3683.0	6236.0	12643.0	16429.0
	14.0	15.0	16.0	17.0	18.0	19.0	20.0	21.0	22.0	23.0	24.0	25.0	26.0	27.0	28.0	29.0	30.0	31.0	32.0	33.0	34.0	35.0	36.0	37.0
402142_16S_KN482_GCGGCAAT-GTCTAGTG_S93_L001_R1	1.0	0.0	3.0	12.0	158.0	370.0	259.0	236.0	281.0	300.0	324.0	375.0	414.0	555.0	593.0	721.0	883.0	1222.0	1709.0	2580.0	4131.0	7014.0	14460.0	18336.0
	16.0	17.0	18.0	19.0	20.0	21.0	22.0	23.0	24.0	25.0	26.0	27.0	28.0	29.0	30.0	31.0	32.0	33.0	34.0	35.0	36.0	37.0
402143_16S_KN482_ATTCCTGT-ACGACGTG_S94_L001_R1	9.0	73.0	2252.0	5209.0	2052.0	1233.0	908.0	742.0	755.0	646.0	782.0	808.0	874.0	1025.0	1209.0	1556.0	2008.0	2963.0	4511.0	7910.0	17085.0	26789.0
	16.0	17.0	18.0	19.0	20.0	21.0	22.0	23.0	24.0	25.0	26.0	27.0	28.0	29.0	30.0	31.0	32.0	33.0	34.0	35.0	36.0	37.0
402144_16S_KN482_ATTCCTGT-GTCTAGTG_S95_L001_R1	1.0	11.0	117.0	354.0	283.0	264.0	260.0	303.0	364.0	354.0	462.0	495.0	497.0	607.0	746.0	902.0	1371.0	2065.0	3221.0	5854.0	12922.0	20530.0
	16.0	17.0	18.0	19.0	20.0	21.0	22.0	23.0	24.0	25.0	26.0	27.0	28.0	29.0	30.0	31.0	32.0	33.0	34.0	35.0	36.0	37.0
402145_16S_KN482_ATTCCTGT-CTAGTATG_S96_L001_R1	9.0	61.0	1370.0	3556.0	1823.0	1220.0	973.0	864.0	822.0	890.0	914.0	969.0	1023.0	1216.0	1454.0	1668.0	2307.0	3187.0	5030.0	8928.0	18643.0	31935.0
	14.0	15.0	16.0	17.0	18.0	19.0	20.0	21.0	22.0	23.0	24.0	25.0	26.0	27.0	28.0	29.0	30.0	31.0	32.0	33.0	34.0	35.0	36.0	37.0
402146_16S_KN48L_GGCCACGT-AAGCAGCA_S97_L001_R1	4.0	26.0	37.0	60.0	282.0	376.0	419.0	400.0	382.0	385.0	506.0	470.0	597.0	662.0	763.0	970.0	1166.0	1575.0	2303.0	3252.0	5180.0	9479.0	20661.0	21408.0
	12.0	13.0	14.0	15.0	16.0	17.0	18.0	19.0	20.0	21.0	22.0	23.0	24.0	25.0	26.0	27.0	28.0	29.0	30.0	31.0	32.0	33.0	34.0	35.0	36.0	37.0
402147_16S_KN48L_GGCCACGT-ACGCGTGA_S98_L001_R1	4.0	1.0	9.0	28.0	52.0	142.0	1331.0	1645.0	1405.0	1111.0	928.0	901.0	876.0	928.0	986.0	1087.0	1218.0	1510.0	1880.0	2380.0	3277.0	4799.0	7528.0	12744.0	25855.0	22571.0
	12.0	13.0	14.0	15.0	16.0	17.0	18.0	19.0	20.0	21.0	22.0	23.0	24.0	25.0	26.0	27.0	28.0	29.0	30.0	31.0	32.0	33.0	34.0	35.0	36.0	37.0
402148_16S_KN48L_GGCCACGT-CGATCTAC_S99_L001_R1	3.0	2.0	9.0	23.0	50.0	91.0	699.0	1073.0	1114.0	991.0	810.0	793.0	766.0	803.0	811.0	985.0	1072.0	1270.0	1483.0	1935.0	2728.0	3889.0	6171.0	10750.0	23430.0	26684.0
	12.0	13.0	14.0	15.0	16.0	17.0	18.0	19.0	20.0	21.0	22.0	23.0	24.0	25.0	26.0	27.0	28.0	29.0	30.0	31.0	32.0	33.0	34.0	35.0	36.0	37.0
402149_16S_KN48L_GGCCACGT-ACGACGTG_S100_L001_R1	1.0	4.0	9.0	19.0	46.0	127.0	966.0	1252.0	1125.0	946.0	764.0	657.0	711.0	705.0	805.0	852.0	934.0	1154.0	1378.0	1942.0	2630.0	3772.0	6067.0	10254.0	21669.0	21056.0
	12.0	13.0	14.0	15.0	16.0	17.0	18.0	19.0	20.0	21.0	22.0	23.0	24.0	25.0	26.0	27.0	28.0	29.0	30.0	31.0	32.0	33.0	34.0	35.0	36.0	37.0
402150_16S_KN48L_GGCCACGT-GTCTAGTG_S101_L001_R1	1.0	0.0	5.0	14.0	40.0	74.0	251.0	379.0	454.0	486.0	512.0	563.0	642.0	697.0	813.0	890.0	1093.0	1343.0	1691.0	2296.0	3279.0	4749.0	7757.0	13527.0	30032.0	28722.0
	13.0	14.0	15.0	16.0	17.0	18.0	19.0	20.0	21.0	22.0	23.0	24.0	25.0	26.0	27.0	28.0	29.0	30.0	31.0	32.0	33.0	34.0	35.0	36.0	37.0
402151_16S_KN48L_GGCCACGT-CTAGTATG_S102_L001_R1	2.0	3.0	22.0	57.0	77.0	265.0	441.0	522.0	484.0	516.0	560.0	637.0	750.0	778.0	938.0	1010.0	1308.0	1578.0	2108.0	2917.0	4201.0	6706.0	11640.0	24152.0	23985.0
	12.0	13.0	14.0	15.0	16.0	17.0	18.0	19.0	20.0	21.0	22.0	23.0	24.0	25.0	26.0	27.0	28.0	29.0	30.0	31.0	32.0	33.0	34.0	35.0	36.0	37.0
402152_16S_KN48L_GGCCACGT-GATAGCGT_S103_L001_R1	4.0	4.0	9.0	27.0	57.0	102.0	737.0	956.0	962.0	911.0	803.0	754.0	806.0	831.0	879.0	1056.0	1162.0	1362.0	1723.0	2186.0	3134.0	4440.0	7235.0	12577.0	26788.0	27495.0
	11.0	12.0	13.0	14.0	15.0	16.0	17.0	18.0	19.0	20.0	21.0	22.0	23.0	24.0	25.0	26.0	27.0	28.0	29.0	30.0	31.0	32.0	33.0	34.0	35.0	36.0	37.0
402153_16S_KN48L_GGCCACGT-TCTACACT_S104_L001_R1	1.0	3.0	11.0	26.0	54.0	77.0	176.0	1920.0	2314.0	2052.0	1678.0	1411.0	1168.0	1158.0	1101.0	1165.0	1320.0	1537.0	1651.0	1992.0	2637.0	3529.0	5013.0	7629.0	13064.0	27422.0	28391.0
	13.0	14.0	15.0	16.0	17.0	18.0	19.0	20.0	21.0	22.0	23.0	24.0	25.0	26.0	27.0	28.0	29.0	30.0	31.0	32.0	33.0	34.0	35.0	36.0	37.0
402154_16S_KN48L_TAGGAACT-AAGCAGCA_S105_L001_R1	3.0	10.0	29.0	69.0	119.0	589.0	850.0	941.0	913.0	849.0	841.0	918.0	1043.0	1131.0	1260.0	1398.0	1595.0	1961.0	2588.0	3509.0	4998.0	7777.0	13635.0	29132.0	27997.0
	13.0	14.0	15.0	16.0	17.0	18.0	19.0	20.0	21.0	22.0	23.0	24.0	25.0	26.0	27.0	28.0	29.0	30.0	31.0	32.0	33.0	34.0	35.0	36.0	37.0
402155_16S_KN48L_TAGGAACT-ACGCGTGA_S106_L001_R1	1.0	12.0	36.0	69.0	100.0	577.0	939.0	1000.0	1087.0	1043.0	1022.0	1065.0	1102.0	1273.0	1395.0	1762.0	1632.0	2192.0	2769.0	3791.0	5440.0	8023.0	13438.0	27100.0	22444.0
	13.0	14.0	15.0	16.0	17.0	18.0	19.0	20.0	21.0	22.0	23.0	24.0	25.0	26.0	27.0	28.0	29.0	30.0	31.0	32.0	33.0	34.0	35.0	36.0	37.0
402156_16S_KN48L_TAGGAACT-CGATCTAC_S107_L001_R1	5.0	18.0	65.0	72.0	94.0	539.0	1006.0	1040.0	1059.0	959.0	905.0	958.0	1000.0	1098.0	1220.0	1350.0	1586.0	1980.0	2454.0	3358.0	4846.0	7415.0	12550.0	25849.0	25358.0
	12.0	13.0	14.0	15.0	16.0	17.0	18.0	19.0	20.0	21.0	22.0	23.0	24.0	25.0	26.0	27.0	28.0	29.0	30.0	31.0	32.0	33.0	34.0	35.0	36.0	37.0
402157_16S_KN48L_TAGGAACT-ACGACGTG_S108_L001_R1	2.0	5.0	8.0	34.0	83.0	151.0	795.0	1220.0	1391.0	1316.0	1306.0	1201.0	1238.0	1348.0	1417.0	1765.0	1965.0	2152.0	2575.0	3299.0	4445.0	6337.0	9605.0	16320.0	33130.0	28473.0
	12.0	13.0	14.0	15.0	16.0	17.0	18.0	19.0	20.0	21.0	22.0	23.0	24.0	25.0	26.0	27.0	28.0	29.0	30.0	31.0	32.0	33.0	34.0	35.0	36.0	37.0
402158_16S_KN48L_TAGGAACT-GTCTAGTG_S109_L001_R1	1.0	4.0	13.0	37.0	78.0	136.0	815.0	1208.0	1259.0	1209.0	1133.0	1272.0	1309.0	1381.0	1556.0	1766.0	1951.0	2264.0	2939.0	3720.0	4989.0	7400.0	11478.0	19701.0	41341.0	37411.0
	12.0	13.0	14.0	15.0	16.0	17.0	18.0	19.0	20.0	21.0	22.0	23.0	24.0	25.0	26.0	27.0	28.0	29.0	30.0	31.0	32.0	33.0	34.0	35.0	36.0	37.0
402159_16S_KN48L_TAGGAACT-CTAGTATG_S110_L001_R1	2.0	8.0	22.0	58.0	110.0	218.0	1598.0	2187.0	2066.0	1784.0	1610.0	1547.0	1576.0	1609.0	1843.0	1960.0	2111.0	2456.0	3131.0	3968.0	5450.0	7794.0	11422.0	19484.0	38918.0	35796.0
	12.0	13.0	14.0	15.0	16.0	17.0	18.0	19.0	20.0	21.0	22.0	23.0	24.0	25.0	26.0	27.0	28.0	29.0	30.0	31.0	32.0	33.0	34.0	35.0	36.0	37.0
402160_16S_KN48L_TAGGAACT-GATAGCGT_S111_L001_R1	1.0	7.0	17.0	46.0	101.0	143.0	877.0	1369.0	1468.0	1259.0	1190.0	1191.0	1296.0	1367.0	1438.0	1699.0	1747.0	2058.0	2660.0	3362.0	4562.0	6515.0	9772.0	17012.0	35921.0	34231.0
	12.0	13.0	14.0	15.0	16.0	17.0	18.0	19.0	20.0	21.0	22.0	23.0	24.0	25.0	26.0	27.0	28.0	29.0	30.0	31.0	32.0	33.0	34.0	35.0	36.0	37.0
402161_16S_KN48L_TAGGAACT-TCTACACT_S112_L001_R1	3.0	9.0	41.0	90.0	126.0	230.0	1763.0	2185.0	2021.0	1735.0	1493.0	1421.0	1314.0	1374.0	1505.0	1619.0	1847.0	1976.0	2511.0	3257.0	4348.0	6132.0	9345.0	15965.0	33625.0	33372.0
	12.0	13.0	14.0	15.0	16.0	17.0	18.0	19.0	20.0	21.0	22.0	23.0	24.0	25.0	26.0	27.0	28.0	29.0	30.0	31.0	32.0	33.0	34.0	35.0	36.0	37.0
402162_16S_KN482_CTAGCGAA-AAGCAGCA_S97_L001_R1	1.0	1.0	1.0	2.0	2.0	34.0	322.0	876.0	600.0	537.0	516.0	503.0	556.0	648.0	699.0	700.0	821.0	984.0	1159.0	1469.0	2014.0	2920.0	4710.0	8206.0	17728.0	29939.0
	16.0	17.0	18.0	19.0	20.0	21.0	22.0	23.0	24.0	25.0	26.0	27.0	28.0	29.0	30.0	31.0	32.0	33.0	34.0	35.0	36.0	37.0
402163_16S_KN482_CTAGCGAA-ACGCGTGA_S98_L001_R1	8.0	38.0	587.0	1238.0	829.0	602.0	558.0	514.0	548.0	612.0	543.0	743.0	767.0	890.0	1111.0	1431.0	1916.0	2757.0	4456.0	7820.0	15639.0	22786.0
	15.0	16.0	17.0	18.0	19.0	20.0	21.0	22.0	23.0	24.0	25.0	26.0	27.0	28.0	29.0	30.0	31.0	32.0	33.0	34.0	35.0	36.0	37.0
402164_16S_KN482_CTAGCGAA-CGATCTAC_S99_L001_R1	3.0	2.0	21.0	427.0	1152.0	836.0	653.0	584.0	574.0	603.0	638.0	647.0	705.0	699.0	869.0	1019.0	1308.0	1794.0	2517.0	3996.0	6825.0	14403.0	24446.0
	14.0	15.0	16.0	17.0	18.0	19.0	20.0	21.0	22.0	23.0	24.0	25.0	26.0	27.0	28.0	29.0	30.0	31.0	32.0	33.0	34.0	35.0	36.0	37.0
402165_16S_KN482_CTAGCGAA-ACGACGTG_S100_L001_R1	1.0	1.0	5.0	52.0	830.0	1792.0	1092.0	801.0	647.0	621.0	625.0	676.0	738.0	783.0	843.0	949.0	1206.0	1469.0	2039.0	2960.0	4603.0	7888.0	16698.0	25391.0
	15.0	16.0	17.0	18.0	19.0	20.0	21.0	22.0	23.0	24.0	25.0	26.0	27.0	28.0	29.0	30.0	31.0	32.0	33.0	34.0	35.0	36.0	37.0
59000_16S_KN482_GACAGGAG-AAGCAGCA_S101_L001_R1	2.0	7.0	46.0	445.0	1048.0	736.0	639.0	535.0	610.0	631.0	676.0	765.0	848.0	891.0	1040.0	1293.0	1709.0	2258.0	3339.0	5441.0	9427.0	19976.0	31144.0
	13.0	14.0	15.0	16.0	17.0	18.0	19.0	20.0	21.0	22.0	23.0	24.0	25.0	26.0	27.0	28.0	29.0	30.0	31.0	32.0	33.0	34.0	35.0	36.0	37.0
59001_16S_KN482_GACAGGAG-ACGCGTGA_S102_L001_R1	1.0	1.0	1.0	9.0	30.0	461.0	953.0	609.0	547.0	482.0	474.0	523.0	552.0	620.0	707.0	809.0	941.0	1217.0	1587.0	2241.0	3133.0	5139.0	8836.0	17469.0	23446.0
	14.0	15.0	16.0	17.0	18.0	19.0	20.0	21.0	22.0	23.0	24.0	25.0	26.0	27.0	28.0	29.0	30.0	31.0	32.0	33.0	34.0	35.0	36.0	37.0
59002_16S_KN482_GACAGGAG-CGATCTAC_S103_L001_R1	1.0	0.0	3.0	28.0	576.0	1463.0	989.0	862.0	678.0	677.0	713.0	696.0	770.0	893.0	926.0	1065.0	1317.0	1682.0	2207.0	3342.0	5219.0	8985.0	18563.0	29261.0
	12.0	13.0	14.0	15.0	16.0	17.0	18.0	19.0	20.0	21.0	22.0	23.0	24.0	25.0	26.0	27.0	28.0	29.0	30.0	31.0	32.0	33.0	34.0	35.0	36.0	37.0
59003_16S_KN482_GACAGGAG-ACGACGTG_S104_L001_R1	1.0	3.0	3.0	6.0	26.0	239.0	6520.0	12214.0	4095.0	2064.0	1369.0	1042.0	884.0	892.0	930.0	905.0	1025.0	1159.0	1458.0	1818.0	2452.0	3739.0	5528.0	9707.0	19850.0	26859.0
	13.0	14.0	15.0	16.0	17.0	18.0	19.0	20.0	21.0	22.0	23.0	24.0	25.0	26.0	27.0	28.0	29.0	30.0	31.0	32.0	33.0	34.0	35.0	36.0	37.0
59004_16S_KN482_GACAGGAG-GTCTAGTG_S105_L001_R1	1.0	0.0	1.0	2.0	38.0	504.0	1235.0	877.0	728.0	691.0	768.0	751.0	800.0	879.0	1027.0	1209.0	1374.0	1650.0	2123.0	2881.0	4143.0	6825.0	11734.0	24332.0	33870.0
	15.0	16.0	17.0	18.0	19.0	20.0	21.0	22.0	23.0	24.0	25.0	26.0	27.0	28.0	29.0	30.0	31.0	32.0	33.0	34.0	35.0	36.0	37.0
59005_16S_KN482_GACAGGAG-CTAGTATG_S106_L001_R1	6.0	12.0	130.0	2923.0	5948.0	2764.0	1678.0	1468.0	1312.0	1334.0	1247.0	1360.0	1661.0	1799.0	2094.0	2268.0	2935.0	3742.0	5339.0	8172.0	14194.0	29707.0	46328.0
	14.0	15.0	16.0	17.0	18.0	19.0	20.0	21.0	22.0	23.0	24.0	25.0	26.0	27.0	28.0	29.0	30.0	31.0	32.0	33.0	34.0	35.0	36.0	37.0
59006_16S_KN482_GACAGGAG-GATAGCGT_S107_L001_R1	1.0	2.0	11.0	67.0	1359.0	2799.0	1465.0	983.0	933.0	825.0	871.0	931.0	1054.0	1033.0	1233.0	1382.0	1824.0	2196.0	3063.0	4574.0	7124.0	12801.0	27056.0	40880.0
	12.0	13.0	14.0	15.0	16.0	17.0	18.0	19.0	20.0	21.0	22.0	23.0	24.0	25.0	26.0	27.0	28.0	29.0	30.0	31.0	32.0	33.0	34.0	35.0	36.0	37.0
59007_16S_KN482_GACAGGAG-TCTACACT_S108_L001_R1	1.0	0.0	2.0	7.0	41.0	400.0	12478.0	24318.0	8314.0	3591.0	2157.0	1523.0	1216.0	1135.0	1064.0	1094.0	1103.0	1304.0	1494.0	1879.0	2536.0	3760.0	5937.0	10648.0	21998.0	35076.0
	15.0	16.0	17.0	18.0	19.0	20.0	21.0	22.0	23.0	24.0	25.0	26.0	27.0	28.0	29.0	30.0	31.0	32.0	33.0	34.0	35.0	36.0	37.0
ATCC1002MOCK_16S_KN482_CTAGCGAA-GTCTAGTG_S109_L001_R1	2.0	4.0	50.0	1076.0	2066.0	836.0	580.0	487.0	561.0	615.0	738.0	842.0	1032.0	1361.0	1525.0	1982.0	2637.0	3817.0	5621.0	9037.0	16893.0	38271.0	63328.0
	16.0	17.0	18.0	19.0	20.0	21.0	22.0	23.0	24.0	25.0	26.0	27.0	28.0	29.0	30.0	31.0	32.0	33.0	34.0	35.0	36.0	37.0
ATCC1002MOCK_16S_KN482_GCGGCAAT-CTAGTATG_S110_L001_R1	6.0	41.0	934.0	1654.0	686.0	426.0	387.0	407.0	514.0	546.0	656.0	805.0	992.0	1328.0	1666.0	2211.0	3153.0	4483.0	7250.0	12728.0	26736.0	36094.0
	15.0	16.0	17.0	18.0	19.0	20.0	21.0	22.0	23.0	24.0	25.0	26.0	27.0	28.0	29.0	30.0	31.0	32.0	33.0	34.0	35.0	36.0	37.0
ATCC1002MOCK_16S_KN482_TACACGAT-AAGCAGCA_S111_L001_R1	2.0	9.0	73.0	1878.0	4444.0	1550.0	844.0	743.0	728.0	818.0	913.0	1043.0	1219.0	1526.0	1979.0	2613.0	3284.0	4650.0	6697.0	10883.0	19816.0	43948.0	72348.0
	11.0	12.0	13.0	14.0	15.0	16.0	17.0	18.0	19.0	20.0	21.0	22.0	23.0	24.0	25.0	26.0	27.0	28.0	29.0	30.0	31.0	32.0	33.0	34.0	35.0	36.0	37.0
ATCC1002MOCK_16S_KN48L_CGAGAAGA-CTAGTATG_S113_L001_R1	1.0	9.0	16.0	19.0	59.0	156.0	425.0	3655.0	3616.0	2735.0	1869.0	1406.0	1289.0	1399.0	1460.0	1751.0	1987.0	2413.0	2900.0	3889.0	5201.0	7084.0	10615.0	16727.0	30528.0	67870.0	70891.0
	12.0	13.0	14.0	15.0	16.0	17.0	18.0	19.0	20.0	21.0	22.0	23.0	24.0	25.0	26.0	27.0	28.0	29.0	30.0	31.0	32.0	33.0	34.0	35.0	36.0	37.0
No_Template_Control_16S_KN482_CTAGCGAA-GATAGCGT_S112_L001_R1	1.0	0.0	6.0	22.0	128.0	1305.0	37728.0	74502.0	23410.0	10478.0	6494.0	3966.0	2197.0	1583.0	1210.0	908.0	710.0	552.0	405.0	295.0	191.0	199.0	236.0	467.0	812.0	1221.0
	12.0	13.0	14.0	15.0	16.0	17.0	18.0	19.0	20.0	21.0	22.0	23.0	24.0	25.0	26.0	27.0	28.0	29.0	30.0	31.0	32.0	33.0	34.0	35.0	36.0	37.0
No_Template_Control_16S_KN482_GCGGCAAT-TCTACACT_S113_L001_R1	1.0	2.0	4.0	21.0	150.0	1199.0	34422.0	69501.0	21540.0	8832.0	4852.0	2976.0	1910.0	1438.0	1093.0	846.0	677.0	457.0	322.0	209.0	123.0	87.0	98.0	202.0	360.0	504.0
	12.0	13.0	14.0	15.0	16.0	17.0	18.0	19.0	20.0	21.0	22.0	23.0	24.0	25.0	26.0	27.0	28.0	29.0	30.0	31.0	32.0	33.0	34.0	35.0	36.0	37.0
No_Template_Control_16S_KN482_TACACGAT-ACGACGTG_S114_L001_R1	1.0	1.0	6.0	13.0	117.0	900.0	27300.0	57005.0	16974.0	7066.0	3869.0	2454.0	1503.0	1052.0	887.0	660.0	512.0	405.0	325.0	196.0	163.0	145.0	199.0	332.0	707.0	901.0
	11.0	12.0	13.0	14.0	15.0	16.0	17.0	18.0	19.0	20.0	21.0	22.0	23.0	24.0	25.0	26.0	27.0	28.0	29.0	30.0	31.0	32.0	33.0	34.0	35.0	36.0	37.0
No_Template_Control_16S_KN48L_CGAGAAGA-TCTACACT_S114_L001_R1	16.0	167.0	275.0	284.0	296.0	483.0	4814.0	69465.0	66730.0	47566.0	27950.0	17350.0	9224.0	5104.0	3146.0	1902.0	1186.0	787.0	449.0	241.0	143.0	110.0	120.0	142.0	210.0	305.0	215.0
	15.0	16.0	17.0	18.0	19.0	20.0	21.0	22.0	23.0	24.0	25.0	26.0	27.0	28.0	29.0	30.0	31.0	32.0	33.0	34.0	35.0	36.0	37.0
Soil_DNA_16S_KN482_CTAGCGAA-CTAGTATG_S115_L001_R1	2.0	19.0	174.0	5117.0	9919.0	3521.0	1795.0	1158.0	925.0	824.0	851.0	819.0	919.0	1000.0	1121.0	1305.0	1692.0	2338.0	3224.0	5098.0	8873.0	18695.0	30871.0
	15.0	16.0	17.0	18.0	19.0	20.0	21.0	22.0	23.0	24.0	25.0	26.0	27.0	28.0	29.0	30.0	31.0	32.0	33.0	34.0	35.0	36.0	37.0
Soil_DNA_16S_KN482_GCGGCAAT-GATAGCGT_S116_L001_R1	2.0	14.0	132.0	3670.0	7232.0	2358.0	1150.0	693.0	548.0	495.0	488.0	469.0	546.0	649.0	723.0	802.0	1134.0	1588.0	2326.0	3623.0	6360.0	12988.0	18497.0
	14.0	15.0	16.0	17.0	18.0	19.0	20.0	21.0	22.0	23.0	24.0	25.0	26.0	27.0	28.0	29.0	30.0	31.0	32.0	33.0	34.0	35.0	36.0	37.0
Soil_DNA_16S_KN482_TACACGAT-ACGCGTGA_S117_L001_R1	3.0	3.0	10.0	97.0	2925.0	6221.0	2141.0	1093.0	722.0	591.0	591.0	558.0	584.0	646.0	727.0	795.0	945.0	1254.0	1668.0	2475.0	3714.0	6560.0	13413.0	18967.0
	11.0	12.0	13.0	14.0	15.0	16.0	17.0	18.0	19.0	20.0	21.0	22.0	23.0	24.0	25.0	26.0	27.0	28.0	29.0	30.0	31.0	32.0	33.0	34.0	35.0	36.0	37.0
Soil_DNA_16S_KN48L_CGAGAAGA-GATAGCGT_S115_L001_R1	4.0	35.0	50.0	65.0	132.0	189.0	1131.0	14226.0	14185.0	10282.0	6649.0	4197.0	3100.0	2530.0	2207.0	2136.0	2334.0	2511.0	3002.0	3729.0	4619.0	6323.0	8970.0	14050.0	23792.0	49701.0	47109.0

