Sample	FastQC_mqc-generalstats-fastqc-percent_duplicates	FastQC_mqc-generalstats-fastqc-percent_gc	FastQC_mqc-generalstats-fastqc-avg_sequence_length	FastQC_mqc-generalstats-fastqc-percent_fails	FastQC_mqc-generalstats-fastqc-total_sequences
401954_16S_KN48L_GAACTAGT-AAGCAGCA_S1_L001_R1	83.71766160996224	57.0	300.52615649859916	36.36363636363637	106723.0
401955_16S_KN48L_GAACTAGT-ACGCGTGA_S2_L001_R1	82.48715693988059	57.0	300.474114870181	36.36363636363637	108035.0
401956_16S_KN48L_GAACTAGT-CGATCTAC_S3_L001_R1	84.52771733116955	57.0	300.486752972129	27.27272727272727	81339.0
401957_16S_KN48L_GAACTAGT-ACGACGTG_S4_L001_R1	81.99473961073119	57.0	300.470625986323	27.27272727272727	95050.0
401958_16S_KN48L_GAACTAGT-GTCTAGTG_S5_L001_R1	75.54028606017127	57.0	300.47623638075595	36.36363636363637	89212.0
401959_16S_KN48L_GAACTAGT-CTAGTATG_S6_L001_R1	80.18802669956077	57.0	300.4655937654912	36.36363636363637	173486.0
401960_16S_KN48L_GAACTAGT-GATAGCGT_S7_L001_R1	73.21703613275679	56.0	300.5238051774692	45.45454545454545	87649.0
401961_16S_KN48L_GAACTAGT-TCTACACT_S8_L001_R1	73.52794334912629	56.0	300.47766060420804	45.45454545454545	98145.0
401962_16S_KN48L_GACGGAAC-AAGCAGCA_S9_L001_R1	83.18988873067278	57.0	300.546605844475	36.36363636363637	79357.0
401963_16S_KN48L_GACGGAAC-ACGCGTGA_S10_L001_R1	76.97427280860629	56.0	300.49518842603703	45.45454545454545	91654.0
401964_16S_KN48L_GACGGAAC-CGATCTAC_S11_L001_R1	75.32419592989665	57.0	300.48908647364703	45.45454545454545	62308.0
401965_16S_KN48L_GACGGAAC-ACGACGTG_S12_L001_R1	78.02814186584425	57.0	300.45506939090205	45.45454545454545	103760.0
401966_16S_KN48L_GACGGAAC-GTCTAGTG_S13_L001_R1	74.88153053715968	57.0	300.5274613686534	45.45454545454545	67950.0
401967_16S_KN48L_GACGGAAC-CTAGTATG_S14_L001_R1	75.70125644253379	56.0	300.4670926062276	45.45454545454545	84206.0
401968_16S_KN48L_GACGGAAC-GATAGCGT_S15_L001_R1	73.4208323923642	56.0	300.4907209373381	45.45454545454545	75277.0
401969_16S_KN48L_GACGGAAC-TCTACACT_S16_L001_R1	74.5948397259947	56.0	300.43742988758146	45.45454545454545	83794.0
401970_16S_KN48L_CAAGCATG-AAGCAGCA_S17_L001_R1	85.72359789067266	57.0	300.46392665825385	36.36363636363637	119659.0
401971_16S_KN48L_CAAGCATG-ACGCGTGA_S18_L001_R1	80.06678904815843	56.0	300.4043959692224	45.45454545454545	102412.0
401972_16S_KN48L_CAAGCATG-CGATCTAC_S19_L001_R1	71.89138106699349	57.0	300.50284246120225	45.45454545454545	67723.0
401973_16S_KN48L_CAAGCATG-ACGACGTG_S20_L001_R1	80.11875356260688	57.0	300.49793843815314	36.36363636363637	105260.0
401974_16S_KN48L_CAAGCATG-GTCTAGTG_S21_L001_R1	83.47809196104004	57.0	300.5380118581828	36.36363636363637	108111.0
401975_16S_KN48L_CAAGCATG-CTAGTATG_S22_L001_R1	83.12664486801181	58.0	300.503379456097	36.36363636363637	100312.0
401976_16S_KN48L_CAAGCATG-GATAGCGT_S23_L001_R1	79.9339695258233	57.0	300.4966196477756	36.36363636363637	107829.0
401977_16S_KN48L_CAAGCATG-TCTACACT_S24_L001_R1	82.1604247455951	57.0	300.4889519298337	27.27272727272727	76846.0
401978_16S_KN48L_CCTGAACT-AAGCAGCA_S25_L001_R1	82.58410693855089	57.0	300.4949383770945	36.36363636363637	138098.0
401979_16S_KN48L_CCTGAACT-ACGCGTGA_S26_L001_R1	83.15396848714002	57.0	300.45755599695985	45.45454545454545	156571.0
401980_16S_KN48L_CCTGAACT-CGATCTAC_S27_L001_R1	75.04000522517227	56.0	300.4905348181531	36.36363636363637	91863.0
401981_16S_KN48L_CCTGAACT-ACGACGTG_S28_L001_R1	80.04903345056863	57.0	300.490578389341	36.36363636363637	77906.0
401982_16S_KN48L_CCTGAACT-GTCTAGTG_S29_L001_R1	86.258197122443	57.0	300.4582488569471	36.36363636363637	143038.0
401983_16S_KN48L_CCTGAACT-CTAGTATG_S30_L001_R1	80.43588537487433	57.0	300.44328232939506	45.45454545454545	108423.0
401984_16S_KN48L_CCTGAACT-GATAGCGT_S31_L001_R1	84.32442929271134	57.0	300.5079186984853	36.36363636363637	139038.0
401985_16S_KN48L_CCTGAACT-TCTACACT_S32_L001_R1	80.53259516427097	57.0	300.45961849237216	36.36363636363637	129329.0
401986_16S_KN48L_CTTCGGCA-AAGCAGCA_S33_L001_R1	83.98764986928694	57.0	300.50042819796266	36.36363636363637	88744.0
401987_16S_KN48L_CTTCGGCA-ACGCGTGA_S34_L001_R1	78.16431701643684	57.0	300.4291056764294	45.45454545454545	77813.0
401988_16S_KN48L_CTTCGGCA-CGATCTAC_S35_L001_R1	77.75435275220147	59.0	300.4548088231076	45.45454545454545	69726.0
401989_16S_KN48L_CTTCGGCA-ACGACGTG_S36_L001_R1	74.89685364240496	58.0	300.3378318793109	45.45454545454545	63502.0
401990_16S_KN48L_CTTCGGCA-GTCTAGTG_S37_L001_R1	79.9674124086523	57.0	300.50583942318013	36.36363636363637	102493.0
401991_16S_KN48L_CTTCGGCA-CTAGTATG_S38_L001_R1	74.80444280675897	56.0	300.43918513449495	45.45454545454545	94985.0
401992_16S_KN48L_CTTCGGCA-GATAGCGT_S39_L001_R1	76.49360813983824	58.0	300.44853341284335	45.45454545454545	134155.0
401993_16S_KN48L_CTTCGGCA-TCTACACT_S40_L001_R1	86.03727804124848	51.0	300.38683626827446	54.54545454545454	81603.0
401994_16S_KN48L_ACGGGACA-AAGCAGCA_S41_L001_R1	79.55930848406115	58.0	300.50004996502446	45.45454545454545	100070.0
401995_16S_KN48L_ACGGGACA-ACGCGTGA_S42_L001_R1	75.35903505805433	55.0	300.4268966294668	45.45454545454545	88710.0
401996_16S_KN48L_ACGGGACA-CGATCTAC_S43_L001_R1	64.5335078096723	57.0	300.48277974218337	45.45454545454545	71834.0
401997_16S_KN48L_ACGGGACA-ACGACGTG_S44_L001_R1	79.85677083333333	54.0	300.40221354166664	45.45454545454545	76800.0
401998_16S_KN48L_ACGGGACA-GTCTAGTG_S45_L001_R1	88.17140932816973	56.0	300.48961234084993	45.45454545454545	154414.0
401999_16S_KN48L_ACGGGACA-CTAGTATG_S46_L001_R1	78.80334994566643	58.0	300.5007494285607	45.45454545454545	106748.0
402000_16S_KN48L_ACGGGACA-GATAGCGT_S47_L001_R1	80.28006803846063	57.0	300.4742138959106	45.45454545454545	169316.0
402001_16S_KN48L_ACGGGACA-TCTACACT_S48_L001_R1	83.74073188232481	55.0	300.4628557761301	45.45454545454545	125430.0
402002_16S_KN48L_GTCATATC-AAGCAGCA_S49_L001_R1	86.06230291980987	59.0	300.52055215009256	45.45454545454545	107507.0
402003_16S_KN48L_GTCATATC-ACGCGTGA_S50_L001_R1	83.80763124642252	56.0	300.460866372188	45.45454545454545	92593.0
402004_16S_KN48L_GTCATATC-CGATCTAC_S51_L001_R1	60.27912407173597	56.0	300.462088814673	45.45454545454545	73659.0
402005_16S_KN48L_GTCATATC-ACGACGTG_S52_L001_R1	67.91286059578744	56.0	300.47631603729167	45.45454545454545	63714.0
402006_16S_KN48L_GTCATATC-GTCTAGTG_S53_L001_R1	77.97226091696444	57.0	300.4816183150627	45.45454545454545	99066.0
402007_16S_KN48L_GTCATATC-CTAGTATG_S54_L001_R1	64.53646052179228	56.0	299.8659485338121	45.45454545454545	78537.0
402008_16S_KN48L_GTCATATC-GATAGCGT_S55_L001_R1	81.76714652163552	58.0	300.53312961691034	45.45454545454545	142682.0
402009_16S_KN48L_GTCATATC-TCTACACT_S56_L001_R1	73.38199689227767	56.0	299.88600802225994	45.45454545454545	110692.0
402010_16S_KN48L_GGAAACCA-AAGCAGCA_S57_L001_R1	83.1598855809402	57.0	300.5434340773081	36.36363636363637	106276.0
402011_16S_KN48L_GGAAACCA-ACGCGTGA_S58_L001_R1	83.5221278249764	57.0	300.49779277028154	27.27272727272727	144072.0
402012_16S_KN48L_GGAAACCA-CGATCTAC_S59_L001_R1	73.29105643783842	57.0	300.4736799069666	45.45454545454545	110068.0
402013_16S_KN48L_GGAAACCA-ACGACGTG_S60_L001_R1	85.20361673792668	54.0	300.40397810020016	45.45454545454545	128403.0
402014_16S_KN48L_GGAAACCA-GTCTAGTG_S61_L001_R1	80.5422360024516	57.0	300.5236110610376	36.36363636363637	138685.0
402015_16S_KN48L_GGAAACCA-CTAGTATG_S62_L001_R1	74.37388029688128	56.0	300.41929911154983	45.45454545454545	109404.0
402016_16S_KN48L_GGAAACCA-GATAGCGT_S63_L001_R1	73.20337581260505	57.0	300.4934947130648	45.45454545454545	112447.0
402017_16S_KN48L_GGAAACCA-TCTACACT_S64_L001_R1	83.79586525950558	56.0	300.4314240277577	45.45454545454545	172925.0
402018_16S_KN48L_TTGCGCAT-AAGCAGCA_S65_L001_R1	83.27279017471025	57.0	300.5214841722885	36.36363636363637	57810.0
402019_16S_KN48L_TTGCGCAT-ACGCGTGA_S66_L001_R1	84.12128032327779	57.0	300.4565403649663	45.45454545454545	78199.0
402020_16S_KN48L_TTGCGCAT-CGATCTAC_S67_L001_R1	81.68703793928867	58.0	300.514245768636	45.45454545454545	47207.0
402021_16S_KN48L_TTGCGCAT-ACGACGTG_S68_L001_R1	79.22987631589481	57.0	300.4619541288076	45.45454545454545	74949.0
402022_16S_KN48L_TTGCGCAT-GTCTAGTG_S69_L001_R1	81.34282126412725	57.0	300.52842193386357	45.45454545454545	59725.0
402023_16S_KN48L_TTGCGCAT-CTAGTATG_S70_L001_R1	80.00060013202905	57.0	300.47213887055153	45.45454545454545	66652.0
402024_16S_KN48L_TTGCGCAT-GATAGCGT_S71_L001_R1	72.88914349849182	57.0	300.4792012533028	45.45454545454545	85534.0
402025_16S_KN48L_TTGCGCAT-TCTACACT_S72_L001_R1	73.22694666805282	57.0	300.46711716394634	45.45454545454545	96190.0
402026_16S_KN48L_ACATTCAG-AAGCAGCA_S73_L001_R1	82.38425339167043	58.0	300.4727398966243	45.45454545454545	90737.0
402027_16S_KN48L_ACATTCAG-ACGCGTGA_S74_L001_R1	78.89413265306122	58.0	300.43576530612245	45.45454545454545	78400.0
402028_16S_KN48L_ACATTCAG-CGATCTAC_S75_L001_R1	70.20567053785766	57.0	300.4737169921495	45.45454545454545	77065.0
402029_16S_KN48L_ACATTCAG-ACGACGTG_S76_L001_R1	80.749101553221	57.0	300.47710014329175	45.45454545454545	130503.0
402030_16S_KN48L_ACATTCAG-GTCTAGTG_S77_L001_R1	83.08059282886053	59.0	300.5030933787945	45.45454545454545	145472.0
402031_16S_KN48L_ACATTCAG-CTAGTATG_S78_L001_R1	82.20537430038539	59.0	300.4468607911289	45.45454545454545	95231.0
402032_16S_KN48L_ACATTCAG-GATAGCGT_S79_L001_R1	83.15913614835983	58.0	300.4373607722499	45.45454545454545	160259.0
402033_16S_KN48L_ACATTCAG-TCTACACT_S80_L001_R1	81.28294380905022	57.0	300.4425387640703	45.45454545454545	110605.0
402034_16S_KN48L_ACTGACAG-AAGCAGCA_S81_L001_R1	84.37908617101604	57.0	300.50185086281516	36.36363636363637	108598.0
402035_16S_KN48L_ACTGACAG-ACGCGTGA_S82_L001_R1	81.85777523918321	54.0	300.39242705507166	45.45454545454545	84036.0
402036_16S_KN48L_ACTGACAG-CGATCTAC_S83_L001_R1	77.32216254228452	57.0	300.5200965117548	36.36363636363637	82477.0
402037_16S_KN48L_ACTGACAG-ACGACGTG_S84_L001_R1	80.97732096533292	56.0	300.4822832324503	45.45454545454545	101768.0
402038_16S_KN48L_ACTGACAG-GTCTAGTG_S85_L001_R1	82.97015678360758	58.0	300.4994469885129	36.36363636363637	103072.0
402039_16S_KN48L_ACTGACAG-CTAGTATG_S86_L001_R1	80.07681895484572	57.0	300.42511887270496	45.45454545454545	86437.0
402040_16S_KN48L_ACTGACAG-GATAGCGT_S87_L001_R1	83.10686429947116	58.0	300.44242862767214	36.36363636363637	93979.0
402041_16S_KN48L_ACTGACAG-TCTACACT_S88_L001_R1	82.83051942061076	56.0	300.42099656962654	45.45454545454545	119229.0
402042_16S_KN48L_CGAGAAGA-AAGCAGCA_S89_L001_R1	86.9577340769005	57.0	300.4947534487819	36.36363636363637	136280.0
402043_16S_KN48L_CGAGAAGA-ACGCGTGA_S90_L001_R1	86.70529394513447	55.0	300.44566949105524	45.45454545454545	126163.0
402044_16S_KN48L_CGAGAAGA-CGATCTAC_S91_L001_R1	81.26896203687572	57.0	300.46161933542004	45.45454545454545	166451.0
402045_16S_KN48L_CGAGAAGA-ACGACGTG_S92_L001_R1	82.54582651391162	55.0	300.43216857610474	45.45454545454545	122200.0
402046_16S_KN48L_CGAGAAGA-GTCTAGTG_S93_L001_R1	84.6355016005315	58.0	300.493706589358	45.45454545454545	165570.0
402047_16S_KN48L_ATTCCTGT-AAGCAGCA_S94_L001_R1	79.62303296015031	55.0	300.4750645893682	45.45454545454545	102184.0
402048_16S_KN48L_ATTCCTGT-ACGCGTGA_S95_L001_R1	78.6051225132406	56.0	300.4707138462281	45.45454545454545	82889.0
402049_16S_KN48L_ATTCCTGT-CGATCTAC_S96_L001_R1	75.77554318069522	56.0	300.47101478306155	45.45454545454545	74883.0
402050_16S_KN482_GTCAATTG-AAGCAGCA_S1_L001_R1	86.14439614439614	55.0	300.6607352107352	36.36363636363637	105820.0
402051_16S_KN482_GTCAATTG-ACGCGTGA_S2_L001_R1	89.64300539643006	45.0	300.7167220146672	54.54545454545454	28908.0
402052_16S_KN482_GTCAATTG-CGATCTAC_S3_L001_R1	76.35740464232387	54.0	300.60014252748744	45.45454545454545	58936.0
402053_16S_KN482_GTCAATTG-ACGACGTG_S4_L001_R1	80.82669824632131	54.0	300.6332896593429	45.45454545454545	79376.0
402054_16S_KN482_GTCAATTG-GTCTAGTG_S5_L001_R1	83.93956351426974	56.0	300.6357328178257	36.36363636363637	98285.0
402055_16S_KN482_GTCAATTG-CTAGTATG_S6_L001_R1	87.17291026737178	53.0	300.6658538902435	45.45454545454545	94737.0
402056_16S_KN482_GTCAATTG-GATAGCGT_S7_L001_R1	80.84919296555047	56.0	300.6236689954228	36.36363636363637	83020.0
402057_16S_KN482_GTCAATTG-TCTACACT_S8_L001_R1	92.31721083709621	43.0	300.7475468912817	54.54545454545454	46064.0
402058_16S_KN482_ATGAGACT-AAGCAGCA_S9_L001_R1	77.21567999145505	56.0	300.6302170952495	36.36363636363637	74898.0
402059_16S_KN482_ATGAGACT-ACGCGTGA_S10_L001_R1	87.86359587733808	47.0	300.7048224965008	54.54545454545454	39295.0
402060_16S_KN482_ATGAGACT-CGATCTAC_S11_L001_R1	70.04041329059744	55.0	300.6518683681392	36.36363636363637	50231.0
402061_16S_KN482_ATGAGACT-ACGACGTG_S12_L001_R1	80.70964886397167	51.0	300.6351136028327	45.45454545454545	67780.0
402062_16S_KN482_ATGAGACT-GTCTAGTG_S13_L001_R1	77.59129447893719	56.0	300.6163695840844	36.36363636363637	74895.0
402063_16S_KN482_ATGAGACT-CTAGTATG_S14_L001_R1	82.1381815499788	53.0	300.64947541164975	45.45454545454545	54233.0
402064_16S_KN482_ATGAGACT-GATAGCGT_S15_L001_R1	80.90576395242452	55.0	300.6068879884982	45.45454545454545	76510.0
402065_16S_KN482_ATGAGACT-TCTACACT_S16_L001_R1	89.52653760042145	45.0	300.6950809956539	54.54545454545454	30372.0
402066_16S_KN482_GAATCTTC-AAGCAGCA_S17_L001_R1	82.14060358145304	55.0	300.64935050806156	45.45454545454545	91918.0
402067_16S_KN482_GAATCTTC-ACGCGTGA_S18_L001_R1	86.31289610140196	53.0	300.6306654503553	45.45454545454545	83312.0
402068_16S_KN482_GAATCTTC-CGATCTAC_S19_L001_R1	76.58995379668346	57.0	300.62101208310014	36.36363636363637	91119.0
402069_16S_KN482_GAATCTTC-ACGACGTG_S20_L001_R1	76.2923859086069	52.0	300.63768202882466	45.45454545454545	66679.0
402070_16S_KN482_GAATCTTC-GTCTAGTG_S21_L001_R1	83.22950997790736	51.0	300.67945746260546	45.45454545454545	55222.0
402071_16S_KN482_GAATCTTC-CTAGTATG_S22_L001_R1	90.60556385902319	45.0	300.73684971794995	54.54545454545454	41482.0
402072_16S_KN482_GAATCTTC-GATAGCGT_S23_L001_R1	79.77576654573079	54.0	300.65511008657614	45.45454545454545	76349.0
402073_16S_KN482_CCAGTGTA-ACGCGTGA_S24_L001_R1	87.05968153640453	49.0	300.68834325999757	54.54545454545454	41135.0
402074_16S_KN482_ACACGTAA-AAGCAGCA_S25_L001_R1	76.59474218334702	57.0	300.58993379403665	36.36363636363637	82772.0
402075_16S_KN482_ACACGTAA-ACGCGTGA_S26_L001_R1	84.94882708283141	54.0	300.6535945962827	45.45454545454545	112071.0
402076_16S_KN482_ACACGTAA-CGATCTAC_S27_L001_R1	77.64532625207278	57.0	300.57283996428447	36.36363636363637	86237.0
402077_16S_KN482_ACACGTAA-ACGACGTG_S28_L001_R1	87.718520012098	48.0	300.70620022179656	54.54545454545454	49595.0
402078_16S_KN482_ACACGTAA-GTCTAGTG_S29_L001_R1	79.26493604619785	59.0	300.5711263424902	36.36363636363637	92645.0
402079_16S_KN482_ACACGTAA-CTAGTATG_S30_L001_R1	77.60653875705711	57.0	300.5612618732114	36.36363636363637	89803.0
402080_16S_KN482_ACACGTAA-GATAGCGT_S31_L001_R1	76.29255989911728	57.0	300.5795530713564	36.36363636363637	88023.0
402081_16S_KN482_ACACGTAA-TCTACACT_S32_L001_R1	85.13638847943821	54.0	300.6238758508753	45.45454545454545	120758.0
402082_16S_KN482_GAGTGGTA-AAGCAGCA_S33_L001_R1	82.56247252561458	56.0	300.6113008487472	36.36363636363637	147865.0
402083_16S_KN482_GAGTGGTA-ACGCGTGA_S34_L001_R1	92.74426886267527	47.0	300.7128421989762	54.54545454545454	67395.0
402084_16S_KN482_GAGTGGTA-CGATCTAC_S35_L001_R1	74.25548732291603	58.0	300.59443059524534	36.36363636363637	82235.0
402085_16S_KN482_GAGTGGTA-ACGACGTG_S36_L001_R1	73.63970510123866	57.0	300.5704633819874	36.36363636363637	94134.0
402086_16S_KN482_GAGTGGTA-GTCTAGTG_S37_L001_R1	81.83627972173966	57.0	300.599452724819	36.36363636363637	134119.0
402087_16S_KN482_GAGTGGTA-CTAGTATG_S38_L001_R1	88.14089800822975	52.0	300.8174292121644	45.45454545454545	143139.0
402088_16S_KN482_GAGTGGTA-GATAGCGT_S39_L001_R1	82.72831241952382	54.0	300.6171613202492	45.45454545454545	125037.0
402089_16S_KN482_GAGTGGTA-TCTACACT_S40_L001_R1	91.64847010696813	47.0	300.6854943475497	54.54545454545454	72358.0
402090_16S_KN482_GAAGTTGG-AAGCAGCA_S41_L001_R1	83.97371299621888	52.0	299.91626400695935	45.45454545454545	116103.0
402091_16S_KN482_GAAGTTGG-ACGCGTGA_S42_L001_R1	84.17782877945511	49.0	300.69184654650496	54.54545454545454	50543.0
402092_16S_KN482_GAAGTTGG-CGATCTAC_S43_L001_R1	75.10353833716809	54.0	300.62164044524593	45.45454545454545	80405.0
402093_16S_KN482_GAAGTTGG-ACGACGTG_S44_L001_R1	84.64357988670628	53.0	300.6631665352763	45.45454545454545	123043.0
402094_16S_KN482_GAAGTTGG-GTCTAGTG_S45_L001_R1	80.27029483955032	56.0	300.5853762007212	36.36363636363637	132004.0
402095_16S_KN482_GAAGTTGG-CTAGTATG_S46_L001_R1	90.09299245980374	49.0	300.67505015268154	45.45454545454545	101191.0
402096_16S_KN482_GAAGTTGG-GATAGCGT_S47_L001_R1	78.79112646452874	58.0	300.58707052629387	36.36363636363637	96106.0
402097_16S_KN482_GAAGTTGG-TCTACACT_S48_L001_R1	79.29249771804781	56.0	300.60126041444136	45.45454545454545	102982.0
402098_16S_KN482_TTCCTAGG-AAGCAGCA_S49_L001_R1	76.70608227713659	58.0	300.5817177653473	36.36363636363637	70615.0
402099_16S_KN482_TTCCTAGG-ACGCGTGA_S50_L001_R1	74.39458370635631	57.0	300.57144136078784	36.36363636363637	89360.0
402100_16S_KN482_CCAGTGTA-CGATCTAC_S51_L001_R1	85.04738789707126	58.0	300.57620520796837	36.36363636363637	234026.0
402101_16S_KN482_TTCCTAGG-ACGACGTG_S52_L001_R1	80.37442532821461	54.0	300.590937959145	45.45454545454545	105495.0
402102_16S_KN482_TTCCTAGG-GTCTAGTG_S53_L001_R1	80.27304664917509	60.0	300.52651531996264	36.36363636363637	89948.0
402103_16S_KN482_TTCCTAGG-CTAGTATG_S54_L001_R1	88.82468231548533	53.0	300.5179108735059	45.45454545454545	108677.0
402104_16S_KN482_TTCCTAGG-GATAGCGT_S55_L001_R1	78.70671694474576	59.0	300.5561668130241	36.36363636363637	116154.0
402105_16S_KN482_TTCCTAGG-TCTACACT_S56_L001_R1	76.6564251940227	57.0	300.49351595076115	36.36363636363637	100246.0
402106_16S_KN482_GCACGACA-AAGCAGCA_S57_L001_R1	77.88522003250952	58.0	300.5704353191035	36.36363636363637	84283.0
402107_16S_KN482_GCACGACA-ACGCGTGA_S58_L001_R1	79.4627345844504	57.0	300.5810402144772	45.45454545454545	93250.0
402108_16S_KN482_GCACGACA-CGATCTAC_S59_L001_R1	75.93358453573508	58.0	300.6097172441258	36.36363636363637	65286.0
402109_16S_KN482_GCACGACA-ACGACGTG_S60_L001_R1	73.66854070616121	58.0	300.58378979925135	36.36363636363637	69191.0
402110_16S_KN482_GCACGACA-GTCTAGTG_S61_L001_R1	79.16737716498989	58.0	300.56378650946385	36.36363636363637	82102.0
402111_16S_KN482_GCACGACA-CTAGTATG_S62_L001_R1	86.01015978158708	53.0	300.5717450655686	45.45454545454545	89372.0
402112_16S_KN482_GCACGACA-GATAGCGT_S63_L001_R1	75.6763015820174	58.0	300.59491380682886	36.36363636363637	69089.0
402113_16S_KN482_GCACGACA-TCTACACT_S64_L001_R1	83.50342022555	51.0	300.6583287114069	45.45454545454545	54090.0
402114_16S_KN482_ATCGATCT-AAGCAGCA_S65_L001_R1	83.27769480804709	56.0	300.62980980409384	36.36363636363637	91064.0
402115_16S_KN482_ATCGATCT-ACGCGTGA_S66_L001_R1	84.08554837481358	57.0	300.61487365537374	36.36363636363637	94543.0
402116_16S_KN482_ATCGATCT-CGATCTAC_S67_L001_R1	77.88163805259562	56.0	300.6414106906627	36.36363636363637	68789.0
402117_16S_KN482_ATCGATCT-ACGACGTG_S68_L001_R1	84.85867995492994	57.0	300.6360195515211	36.36363636363637	126026.0
402118_16S_KN482_ATCGATCT-GTCTAGTG_S69_L001_R1	82.81661419175565	57.0	300.6467635491714	36.36363636363637	89249.0
402119_16S_KN482_ATCGATCT-CTAGTATG_S70_L001_R1	82.32205367561261	57.0	300.6362612159498	36.36363636363637	99412.0
402120_16S_KN482_ATCGATCT-GATAGCGT_S71_L001_R1	86.450712142229	57.0	300.6317893763429	36.36363636363637	110301.0
402121_16S_KN482_ATCGATCT-TCTACACT_S72_L001_R1	84.11508899676376	57.0	300.6171622168285	36.36363636363637	98880.0
402122_16S_KN482_CTTGTGTC-AAGCAGCA_S73_L001_R1	83.90301970215971	57.0	300.6318781429925	36.36363636363637	82326.0
402123_16S_KN482_CTTGTGTC-ACGCGTGA_S74_L001_R1	83.69750009659596	57.0	300.6222808237703	36.36363636363637	103524.0
402124_16S_KN482_CTTGTGTC-CGATCTAC_S75_L001_R1	79.48457844320603	57.0	300.6364441819256	36.36363636363637	77878.0
402125_16S_KN482_CTTGTGTC-ACGACGTG_S76_L001_R1	82.95121379148587	57.0	300.63015519330753	36.36363636363637	102324.0
402126_16S_KN482_CTTGTGTC-GTCTAGTG_S77_L001_R1	85.22866433005363	57.0	300.66818968793547	36.36363636363637	118405.0
402127_16S_KN482_CTTGTGTC-CTAGTATG_S78_L001_R1	84.74748872894091	57.0	300.64656331566874	36.36363636363637	101144.0
402128_16S_KN482_CTTGTGTC-GATAGCGT_S79_L001_R1	84.36826409188886	58.0	300.60331099103354	36.36363636363637	101601.0
402129_16S_KN482_CTTGTGTC-TCTACACT_S80_L001_R1	81.06502343412852	57.0	300.57620858883394	36.36363636363637	99641.0
402130_16S_KN482_TGAGCCGG-AAGCAGCA_S81_L001_R1	80.97565242109175	58.0	300.5949249456088	36.36363636363637	91467.0
402131_16S_KN482_TGAGCCGG-ACGCGTGA_S82_L001_R1	81.12269120340018	59.0	300.5678791852237	36.36363636363637	88466.0
402132_16S_KN482_TGAGCCGG-CGATCTAC_S83_L001_R1	80.44376629156335	58.0	300.5990481639919	36.36363636363637	110103.0
402133_16S_KN482_TGAGCCGG-ACGACGTG_S84_L001_R1	81.20207835978093	58.0	300.53767729251507	36.36363636363637	106815.0
402134_16S_KN482_TGAGCCGG-GTCTAGTG_S85_L001_R1	84.45559737906036	59.0	300.5868588403093	36.36363636363637	93249.0
402135_16S_KN482_TGAGCCGG-CTAGTATG_S86_L001_R1	81.31892347637799	59.0	300.55946461249556	36.36363636363637	104373.0
402136_16S_KN482_TGAGCCGG-GATAGCGT_S87_L001_R1	79.68477312390925	58.0	300.5891361256545	36.36363636363637	91680.0
402137_16S_KN482_TGAGCCGG-TCTACACT_S88_L001_R1	80.86266059448252	56.0	300.59684560294795	36.36363636363637	110449.0
402138_16S_KN482_GCGGCAAT-AAGCAGCA_S89_L001_R1	81.94527781111245	59.0	300.58320332813315	36.36363636363637	49998.0
402139_16S_KN482_GCGGCAAT-ACGCGTGA_S90_L001_R1	81.22476580679806	57.0	300.5748125459934	36.36363636363637	50279.0
402140_16S_KN482_GCGGCAAT-CGATCTAC_S91_L001_R1	79.73450331870852	59.0	300.5928900888739	36.36363636363637	44445.0
402141_16S_KN482_GCGGCAAT-ACGACGTG_S92_L001_R1	79.97466627691708	58.0	300.5821104940076	36.36363636363637	51315.0
402142_16S_KN482_GCGGCAAT-GTCTAGTG_S93_L001_R1	82.85854706299943	59.0	300.59539108433296	36.36363636363637	54937.0
402143_16S_KN482_ATTCCTGT-ACGACGTG_S94_L001_R1	80.79583287263972	56.0	300.5917763117483	36.36363636363637	81399.0
402144_16S_KN482_ATTCCTGT-GTCTAGTG_S95_L001_R1	81.44778100532866	58.0	300.59544466460187	36.36363636363637	51983.0
402145_16S_KN482_ATTCCTGT-CTAGTATG_S96_L001_R1	77.65073934865296	57.0	300.5504940244424	36.36363636363637	88862.0
402146_16S_KN48L_GGCCACGT-AAGCAGCA_S97_L001_R1	82.34519288707034	58.0	300.46542325855137	36.36363636363637	71363.0
402147_16S_KN48L_GGCCACGT-ACGCGTGA_S98_L001_R1	78.2921551325686	58.0	300.40660321862265	45.45454545454545	95196.0
402148_16S_KN48L_GGCCACGT-CGATCTAC_S99_L001_R1	81.875954090575	56.0	300.43468083903434	36.36363636363637	88435.0
402149_16S_KN48L_GGCCACGT-ACGACGTG_S100_L001_R1	81.39770805936502	57.0	300.42796668545304	45.45454545454545	79845.0
402150_16S_KN48L_GGCCACGT-GTCTAGTG_S101_L001_R1	86.1668826637424	58.0	300.5470940085734	27.27272727272727	100310.0
402151_16S_KN48L_GGCCACGT-CTAGTATG_S102_L001_R1	84.03399605402944	58.0	300.5104077892058	36.36363636363637	85657.0
402152_16S_KN48L_GGCCACGT-GATAGCGT_S103_L001_R1	82.79278350515463	57.0	300.55396907216493	36.36363636363637	97000.0
402153_16S_KN48L_GGCCACGT-TCTACACT_S104_L001_R1	80.3705069124424	56.0	300.50870967741935	36.36363636363637	108500.0
402154_16S_KN48L_TAGGAACT-AAGCAGCA_S105_L001_R1	83.73577840718161	57.0	300.50920263069463	36.36363636363637	104155.0
402155_16S_KN48L_TAGGAACT-ACGCGTGA_S106_L001_R1	82.08776381504752	57.0	300.48927622039633	36.36363636363637	99312.0
402156_16S_KN48L_TAGGAACT-CGATCTAC_S107_L001_R1	80.00909241196892	58.0	300.46584146139855	36.36363636363637	96784.0
402157_16S_KN48L_TAGGAACT-ACGACGTG_S108_L001_R1	82.11644911622705	57.0	300.4453409661049	36.36363636363637	121581.0
402158_16S_KN48L_TAGGAACT-GTCTAGTG_S109_L001_R1	83.37375573030177	58.0	300.4699974721769	45.45454545454545	146371.0
402159_16S_KN48L_TAGGAACT-CTAGTATG_S110_L001_R1	80.39844548437415	58.0	300.44123500618576	45.45454545454545	148728.0
402160_16S_KN48L_TAGGAACT-GATAGCGT_S111_L001_R1	82.07510528600477	57.0	300.4442726698094	45.45454545454545	131309.0
402161_16S_KN48L_TAGGAACT-TCTACACT_S112_L001_R1	80.56949739766603	57.0	300.417912410001	45.45454545454545	129307.0
402162_16S_KN482_CTAGCGAA-AAGCAGCA_S97_L001_R1	82.75793964291357	59.0	300.59220782640756	36.36363636363637	75948.0
402163_16S_KN482_CTAGCGAA-ACGCGTGA_S98_L001_R1	79.61682707514346	59.0	300.5580859427952	36.36363636363637	66393.0
402164_16S_KN482_CTAGCGAA-CGATCTAC_S99_L001_R1	76.95647471454396	58.0	300.6151944500239	36.36363636363637	64721.0
402165_16S_KN482_CTAGCGAA-ACGACGTG_S100_L001_R1	78.38811717782974	58.0	300.60270939348095	36.36363636363637	72710.0
59000_16S_KN482_GACAGGAG-AAGCAGCA_S101_L001_R1	78.95720068019065	59.0	300.5944243527411	36.36363636363637	83506.0
59001_16S_KN482_GACAGGAG-ACGCGTGA_S102_L001_R1	77.1500819347912	59.0	300.58370062722497	36.36363636363637	70788.0
59002_16S_KN482_GACAGGAG-CGATCTAC_S103_L001_R1	74.3091601166642	58.0	300.58271540857186	36.36363636363637	80916.0
59003_16S_KN482_GACAGGAG-ACGACGTG_S104_L001_R1	83.82543802725503	55.0	300.63022483490477	45.45454545454545	104788.0
59004_16S_KN482_GACAGGAG-GTCTAGTG_S105_L001_R1	81.16473492274717	59.0	300.58025456355455	36.36363636363637	98443.0
59005_16S_KN482_GACAGGAG-CTAGTATG_S106_L001_R1	84.38459482303986	58.0	300.45813135290166	36.36363636363637	138421.0
59006_16S_KN482_GACAGGAG-GATAGCGT_S107_L001_R1	80.06324967021062	58.0	300.5815649925306	36.36363636363637	114467.0
59007_16S_KN482_GACAGGAG-TCTACACT_S108_L001_R1	91.3151052587436	52.0	300.66090748972573	45.45454545454545	143076.0
ATCC1002MOCK_16S_KN482_CTAGCGAA-GTCTAGTG_S109_L001_R1	96.44955366749043	52.0	300.41700301902046	36.36363636363637	153361.0
ATCC1002MOCK_16S_KN482_GCGGCAAT-CTAGTATG_S110_L001_R1	96.57386960840091	52.0	300.4573638178259	36.36363636363637	103703.0
ATCC1002MOCK_16S_KN482_TACACGAT-AAGCAGCA_S111_L001_R1	97.18473913234583	52.0	300.4099600017582	36.36363636363637	182008.0
ATCC1002MOCK_16S_KN48L_CGAGAAGA-CTAGTATG_S113_L001_R1	97.1392257365504	52.0	300.2503729632871	36.36363636363637	239970.0
No_Template_Control_16S_KN482_CTAGCGAA-GATAGCGT_S112_L001_R1	96.69104161489949	38.0	300.7822820157846	54.54545454545454	169026.0
No_Template_Control_16S_KN482_GCGGCAAT-TCTACACT_S113_L001_R1	97.76520490561563	38.0	300.79401420046634	54.54545454545454	151826.0
No_Template_Control_16S_KN482_TACACGAT-ACGACGTG_S114_L001_R1	97.75007478191975	37.0	300.77948630884526	54.54545454545454	123693.0
No_Template_Control_16S_KN48L_CGAGAAGA-TCTACACT_S114_L001_R1	96.85866707901654	42.0	300.3506223905984	45.45454545454545	258680.0
Soil_DNA_16S_KN482_CTAGCGAA-CTAGTATG_S115_L001_R1	77.36086175942549	54.0	300.61009375623377	45.45454545454545	100260.0
Soil_DNA_16S_KN482_GCGGCAAT-GATAGCGT_S116_L001_R1	77.65127017311656	53.0	300.63203332982386	45.45454545454545	66487.0
Soil_DNA_16S_KN482_TACACGAT-ACGCGTGA_S117_L001_R1	73.96668815495555	54.0	300.62073669849934	45.45454545454545	66703.0
Soil_DNA_16S_KN48L_CGAGAAGA-GATAGCGT_S115_L001_R1	82.44418238301841	54.0	300.43558422585784	45.45454545454545	227258.0
