	291	292	293	294	295	296	297	298	299	300	301
401954_16S_KN48L_GAACTAGT-AAGCAGCA_S1_L001_R2	2.0	0.0	3.0	8.0	36.0	88.0	340.0	366.0	4903.0	43254.0	57723.0
	290	291	292	293	294	295	296	297	298	299	300	301
401955_16S_KN48L_GAACTAGT-ACGCGTGA_S2_L001_R2	2.0	0.0	0.0	3.0	8.0	38.0	93.0	385.0	599.0	4783.0	46088.0	56036.0
	294	295	296	297	298	299	300	301
401956_16S_KN48L_GAACTAGT-CGATCTAC_S3_L001_R2	4.0	16.0	62.0	198.0	269.0	3429.0	33554.0	43807.0
	293	294	295	296	297	298	299	300	301
401957_16S_KN48L_GAACTAGT-ACGACGTG_S4_L001_R2	1.0	6.0	35.0	99.0	298.0	364.0	4246.0	39603.0	50398.0
	290	291	292	293	294	295	296	297	298	299	300	301
401958_16S_KN48L_GAACTAGT-GTCTAGTG_S5_L001_R2	1.0	2.0	0.0	5.0	12.0	28.0	89.0	331.0	449.0	4535.0	34899.0	48861.0
	202	207	212	217	222	227	232	237	242	247	252	257	262	267	272	277	282	287	292	297	301
401959_16S_KN48L_GAACTAGT-CTAGTATG_S6_L001_R2	1.0	0.0	0.0	0.0	0.0	0.0	0.0	0.0	0.0	0.0	0.0	0.0	0.0	0.0	0.0	0.0	0.0	1.0	29.0	10510.0	162945.0
	290	291	292	293	294	295	296	297	298	299	300	301
401960_16S_KN48L_GAACTAGT-GATAGCGT_S7_L001_R2	2.0	0.0	1.0	4.0	3.0	26.0	98.0	274.0	413.0	4490.0	34938.0	47400.0
	290	291	292	293	294	295	296	297	298	299	300	301
401961_16S_KN48L_GAACTAGT-TCTACACT_S8_L001_R2	2.0	0.0	4.0	5.0	17.0	41.0	119.0	380.0	528.0	5532.0	37532.0	53985.0
	290	291	292	293	294	295	296	297	298	299	300	301
401962_16S_KN48L_GACGGAAC-AAGCAGCA_S9_L001_R2	1.0	0.0	1.0	3.0	4.0	32.0	57.0	242.0	341.0	3710.0	31022.0	43944.0
	292	293	294	295	296	297	298	299	300	301
401963_16S_KN48L_GACGGAAC-ACGCGTGA_S10_L001_R2	2.0	4.0	12.0	33.0	82.0	347.0	384.0	5053.0	35478.0	50259.0
	292	293	294	295	296	297	298	299	300	301
401964_16S_KN48L_GACGGAAC-CGATCTAC_S11_L001_R2	2.0	2.0	2.0	23.0	52.0	209.0	285.0	2867.0	26025.0	32841.0
	290	291	292	293	294	295	296	297	298	299	300	301
401965_16S_KN48L_GACGGAAC-ACGACGTG_S12_L001_R2	2.0	1.0	3.0	4.0	7.0	51.0	109.0	419.0	527.0	5296.0	41229.0	56112.0
	290	291	292	293	294	295	296	297	298	299	300	301
401966_16S_KN48L_GACGGAAC-GTCTAGTG_S13_L001_R2	1.0	1.0	1.0	2.0	8.0	34.0	63.0	260.0	235.0	3611.0	24513.0	39221.0
	289	290	291	292	293	294	295	296	297	298	299	300	301
401967_16S_KN48L_GACGGAAC-CTAGTATG_S14_L001_R2	1.0	1.0	0.0	3.0	1.0	4.0	37.0	91.0	439.0	418.0	4634.0	29128.0	49449.0
	292	293	294	295	296	297	298	299	300	301
401968_16S_KN48L_GACGGAAC-GATAGCGT_S15_L001_R2	3.0	2.0	9.0	25.0	75.0	289.0	279.0	3932.0	28827.0	41836.0
	290	291	292	293	294	295	296	297	298	299	300	301
401969_16S_KN48L_GACGGAAC-TCTACACT_S16_L001_R2	2.0	3.0	0.0	3.0	4.0	43.0	83.0	480.0	333.0	4800.0	28118.0	49925.0
	290	291	292	293	294	295	296	297	298	299	300	301
401970_16S_KN48L_CAAGCATG-AAGCAGCA_S17_L001_R2	1.0	0.0	4.0	6.0	15.0	40.0	108.0	356.0	759.0	5541.0	46030.0	66799.0
	290	291	292	293	294	295	296	297	298	299	300	301
401971_16S_KN48L_CAAGCATG-ACGCGTGA_S18_L001_R2	3.0	0.0	0.0	1.0	15.0	38.0	111.0	398.0	615.0	5283.0	39457.0	56491.0
	290	291	292	293	294	295	296	297	298	299	300	301
401972_16S_KN48L_CAAGCATG-CGATCTAC_S19_L001_R2	1.0	0.0	1.0	1.0	6.0	21.0	55.0	244.0	264.0	3415.0	25816.0	37899.0
	291	292	293	294	295	296	297	298	299	300	301
401973_16S_KN48L_CAAGCATG-ACGACGTG_S20_L001_R2	1.0	0.0	2.0	6.0	30.0	124.0	312.0	381.0	4939.0	39945.0	59520.0
	291	292	293	294	295	296	297	298	299	300	301
401974_16S_KN48L_CAAGCATG-GTCTAGTG_S21_L001_R2	1.0	0.0	2.0	5.0	22.0	91.0	279.0	473.0	4923.0	42948.0	59367.0
	291	292	293	294	295	296	297	298	299	300	301
401975_16S_KN48L_CAAGCATG-CTAGTATG_S22_L001_R2	1.0	0.0	5.0	4.0	33.0	76.0	356.0	479.0	4384.0	39610.0	55364.0
	290	291	292	293	294	295	296	297	298	299	300	301
401976_16S_KN48L_CAAGCATG-GATAGCGT_S23_L001_R2	2.0	0.0	2.0	3.0	8.0	22.0	110.0	369.0	399.0	5241.0	42876.0	58797.0
	290	291	292	293	294	295	296	297	298	299	300	301
401977_16S_KN48L_CAAGCATG-TCTACACT_S24_L001_R2	1.0	2.0	1.0	1.0	7.0	19.0	76.0	294.0	296.0	3642.0	29613.0	42894.0
	290	291	292	293	294	295	296	297	298	299	300	301
401978_16S_KN48L_CCTGAACT-AAGCAGCA_S25_L001_R2	4.0	1.0	1.0	5.0	11.0	38.0	166.0	471.0	595.0	6228.0	58193.0	72385.0
	290	291	292	293	294	295	296	297	298	299	300	301
401979_16S_KN48L_CCTGAACT-ACGCGTGA_S26_L001_R2	3.0	2.0	1.0	2.0	14.0	44.0	165.0	604.0	699.0	7545.0	65408.0	82084.0
	290	291	292	293	294	295	296	297	298	299	300	301
401980_16S_KN48L_CCTGAACT-CGATCTAC_S27_L001_R2	1.0	2.0	0.0	2.0	9.0	28.0	60.0	319.0	339.0	4539.0	35487.0	51077.0
	290	291	292	293	294	295	296	297	298	299	300	301
401981_16S_KN48L_CCTGAACT-ACGACGTG_S28_L001_R2	1.0	2.0	0.0	0.0	11.0	26.0	76.0	330.0	350.0	3966.0	27997.0	45147.0
	290	291	292	293	294	295	296	297	298	299	300	301
401982_16S_KN48L_CCTGAACT-GTCTAGTG_S29_L001_R2	1.0	1.0	1.0	3.0	10.0	28.0	96.0	464.0	429.0	6235.0	54760.0	81010.0
	290	291	292	293	294	295	296	297	298	299	300	301
401983_16S_KN48L_CCTGAACT-CTAGTATG_S30_L001_R2	1.0	0.0	2.0	1.0	10.0	38.0	88.0	529.0	455.0	5634.0	39163.0	62502.0
	291	292	293	294	295	296	297	298	299	300	301
401984_16S_KN48L_CCTGAACT-GATAGCGT_S31_L001_R2	1.0	1.0	2.0	12.0	44.0	112.0	477.0	610.0	7270.0	52220.0	78289.0
	290	291	292	293	294	295	296	297	298	299	300	301
401985_16S_KN48L_CCTGAACT-TCTACACT_S32_L001_R2	1.0	2.0	2.0	2.0	9.0	47.0	86.0	586.0	656.0	6693.0	47687.0	73558.0
	289	290	291	292	293	294	295	296	297	298	299	300	301
401986_16S_KN48L_CTTCGGCA-AAGCAGCA_S33_L001_R2	1.0	0.0	0.0	1.0	2.0	3.0	24.0	64.0	267.0	323.0	4069.0	35440.0	48550.0
	290	291	292	293	294	295	296	297	298	299	300	301
401987_16S_KN48L_CTTCGGCA-ACGCGTGA_S34_L001_R2	1.0	1.0	3.0	2.0	4.0	23.0	61.0	373.0	379.0	4269.0	29340.0	43357.0
	291	292	293	294	295	296	297	298	299	300	301
401988_16S_KN48L_CTTCGGCA-CGATCTAC_S35_L001_R2	2.0	0.0	1.0	6.0	16.0	61.0	332.0	401.0	3217.0	30063.0	35627.0
	290	291	292	293	294	295	296	297	298	299	300	301
401989_16S_KN48L_CTTCGGCA-ACGACGTG_S36_L001_R2	2.0	0.0	2.0	5.0	4.0	27.0	59.0	262.0	409.0	3568.0	26939.0	32225.0
	292	293	294	295	296	297	298	299	300	301
401990_16S_KN48L_CTTCGGCA-GTCTAGTG_S37_L001_R2	4.0	3.0	10.0	36.0	96.0	399.0	393.0	5258.0	38584.0	57710.0
	290	291	292	293	294	295	296	297	298	299	300	301
401991_16S_KN48L_CTTCGGCA-CTAGTATG_S38_L001_R2	2.0	4.0	0.0	4.0	6.0	47.0	118.0	489.0	455.0	5939.0	34903.0	53018.0
	291	292	293	294	295	296	297	298	299	300	301
401992_16S_KN48L_CTTCGGCA-GATAGCGT_S39_L001_R2	1.0	1.0	2.0	17.0	40.0	130.0	565.0	598.0	6794.0	56614.0	69393.0
	290	291	292	293	294	295	296	297	298	299	300	301
401993_16S_KN48L_CTTCGGCA-TCTACACT_S40_L001_R2	6.0	3.0	5.0	9.0	14.0	80.0	133.0	529.0	379.0	7160.0	27803.0	45482.0
	290	291	292	293	294	295	296	297	298	299	300	301
401994_16S_KN48L_ACGGGACA-AAGCAGCA_S41_L001_R2	2.0	1.0	0.0	3.0	5.0	24.0	82.0	320.0	448.0	4406.0	42078.0	52701.0
	289	290	291	292	293	294	295	296	297	298	299	300	301
401995_16S_KN48L_ACGGGACA-ACGCGTGA_S42_L001_R2	1.0	4.0	1.0	2.0	7.0	18.0	40.0	120.0	475.0	417.0	6022.0	34481.0	47122.0
	290	291	292	293	294	295	296	297	298	299	300	301
401996_16S_KN48L_ACGGGACA-CGATCTAC_S43_L001_R2	1.0	1.0	1.0	2.0	9.0	28.0	76.0	294.0	399.0	3995.0	28971.0	38057.0
	290	291	292	293	294	295	296	297	298	299	300	301
401997_16S_KN48L_ACGGGACA-ACGACGTG_S44_L001_R2	1.0	2.0	3.0	3.0	8.0	48.0	98.0	422.0	427.0	5543.0	28757.0	41488.0
	290	291	292	293	294	295	296	297	298	299	300	301
401998_16S_KN48L_ACGGGACA-GTCTAGTG_S45_L001_R2	4.0	5.0	5.0	11.0	12.0	71.0	181.0	567.0	1099.0	8612.0	67150.0	76697.0
	290	291	292	293	294	295	296	297	298	299	300	301
401999_16S_KN48L_ACGGGACA-CTAGTATG_S46_L001_R2	1.0	3.0	1.0	4.0	11.0	29.0	115.0	331.0	710.0	5038.0	48192.0	52313.0
	290	291	292	293	294	295	296	297	298	299	300	301
402000_16S_KN48L_ACGGGACA-GATAGCGT_S47_L001_R2	3.0	0.0	8.0	7.0	17.0	73.0	200.0	667.0	907.0	8946.0	69938.0	88550.0
	288	289	290	291	292	293	294	295	296	297	298	299	300	301
402001_16S_KN48L_ACGGGACA-TCTACACT_S48_L001_R2	1.0	0.0	4.0	2.0	5.0	2.0	11.0	57.0	173.0	568.0	731.0	7606.0	49839.0	66431.0
	290	291	292	293	294	295	296	297	298	299	300	301
402002_16S_KN48L_GTCATATC-AAGCAGCA_S49_L001_R2	1.0	0.0	0.0	2.0	10.0	31.0	132.0	298.0	618.0	4119.0	49999.0	52297.0
	291	292	293	294	295	296	297	298	299	300	301
402003_16S_KN48L_GTCATATC-ACGCGTGA_S50_L001_R2	2.0	0.0	7.0	10.0	31.0	147.0	394.0	606.0	4876.0	45032.0	41488.0
	214	216	218	220	222	224	226	228	230	232	234	236	238	240	242	244	246	248	250	252	254	256	258	260	262	264	266	268	270	272	274	276	278	280	282	284	286	288	290	292	294	296	298	300
402004_16S_KN48L_GTCATATC-CGATCTAC_S51_L001_R2	1.0	0.0	0.0	0.0	0.0	0.0	0.0	0.0	0.0	0.0	0.0	0.0	0.0	0.0	0.0	0.0	0.0	0.0	0.0	0.0	0.0	0.0	0.0	0.0	0.0	0.0	0.0	0.0	0.0	0.0	0.0	0.0	0.0	0.0	0.0	0.0	0.0	1.0	3.0	12.0	50.0	408.0	4348.0	68836.0
	290	291	292	293	294	295	296	297	298	299	300	301
402005_16S_KN48L_GTCATATC-ACGACGTG_S52_L001_R2	1.0	0.0	0.0	5.0	7.0	27.0	70.0	264.0	274.0	3580.0	24294.0	35192.0
	290	291	292	293	294	295	296	297	298	299	300	301
402006_16S_KN48L_GTCATATC-GTCTAGTG_S53_L001_R2	1.0	2.0	0.0	4.0	9.0	41.0	81.0	322.0	369.0	4432.0	40386.0	53419.0
	290	291	292	293	294	295	296	297	298	299	300	301
402007_16S_KN48L_GTCATATC-CTAGTATG_S54_L001_R2	1.0	3.0	2.0	2.0	14.0	29.0	87.0	385.0	343.0	4616.0	29129.0	43926.0
	290	291	292	293	294	295	296	297	298	299	300	301
402008_16S_KN48L_GTCATATC-GATAGCGT_S55_L001_R2	3.0	1.0	0.0	3.0	3.0	36.0	127.0	436.0	575.0	6671.0	56941.0	77886.0
	290	291	292	293	294	295	296	297	298	299	300	301
402009_16S_KN48L_GTCATATC-TCTACACT_S56_L001_R2	4.0	2.0	3.0	4.0	13.0	37.0	107.0	505.0	505.0	6389.0	39430.0	63693.0
	291	292	293	294	295	296	297	298	299	300	301
402010_16S_KN48L_GGAAACCA-AAGCAGCA_S57_L001_R2	3.0	0.0	0.0	6.0	34.0	83.0	342.0	377.0	6007.0	38645.0	60779.0
	290	291	292	293	294	295	296	297	298	299	300	301
402011_16S_KN48L_GGAAACCA-ACGCGTGA_S58_L001_R2	1.0	4.0	0.0	2.0	11.0	40.0	124.0	591.0	643.0	6857.0	52555.0	83244.0
	290	291	292	293	294	295	296	297	298	299	300	301
402012_16S_KN48L_GGAAACCA-CGATCTAC_S59_L001_R2	2.0	1.0	0.0	7.0	25.0	31.0	129.0	442.0	568.0	5636.0	45501.0	57726.0
	289	290	291	292	293	294	295	296	297	298	299	300	301
402013_16S_KN48L_GGAAACCA-ACGACGTG_S60_L001_R2	2.0	3.0	3.0	3.0	7.0	14.0	80.0	157.0	690.0	613.0	9113.0	46479.0	71239.0
	250	252	254	256	258	260	262	264	266	268	270	272	274	276	278	280	282	284	286	288	290	292	294	296	298	300
402014_16S_KN48L_GGAAACCA-GTCTAGTG_S61_L001_R2	1.0	0.0	0.0	0.0	0.0	0.0	0.0	0.0	0.0	0.0	0.0	0.0	0.0	0.0	0.0	0.0	0.0	0.0	0.0	1.0	3.0	4.0	45.0	621.0	7601.0	130409.0
	290	291	292	293	294	295	296	297	298	299	300	301
402015_16S_KN48L_GGAAACCA-CTAGTATG_S62_L001_R2	1.0	1.0	5.0	5.0	17.0	51.0	137.0	647.0	462.0	6374.0	38594.0	63110.0
	290	291	292	293	294	295	296	297	298	299	300	301
402016_16S_KN48L_GGAAACCA-GATAGCGT_S63_L001_R2	1.0	2.0	1.0	3.0	6.0	47.0	122.0	396.0	444.0	6307.0	44045.0	61073.0
	290	291	292	293	294	295	296	297	298	299	300	301
402017_16S_KN48L_GGAAACCA-TCTACACT_S64_L001_R2	3.0	4.0	4.0	3.0	19.0	51.0	172.0	903.0	726.0	9929.0	65419.0	95692.0
	291	292	293	294	295	296	297	298	299	300	301
402018_16S_KN48L_TTGCGCAT-AAGCAGCA_S65_L001_R2	1.0	0.0	0.0	1.0	17.0	68.0	212.0	246.0	3030.0	22519.0	31716.0
	291	292	293	294	295	296	297	298	299	300	301
402019_16S_KN48L_TTGCGCAT-ACGCGTGA_S66_L001_R2	1.0	0.0	2.0	1.0	27.0	198.0	364.0	412.0	4694.0	31166.0	41334.0
	290	291	292	293	294	295	296	297	298	299	300	301
402020_16S_KN48L_TTGCGCAT-CGATCTAC_S67_L001_R2	1.0	0.0	0.0	0.0	1.0	6.0	66.0	168.0	185.0	2577.0	18743.0	25460.0
	289	290	291	292	293	294	295	296	297	298	299	300	301
402021_16S_KN48L_TTGCGCAT-ACGACGTG_S68_L001_R2	1.0	1.0	1.0	1.0	1.0	8.0	26.0	172.0	374.0	392.0	4834.0	30079.0	39059.0
	293	294	295	296	297	298	299	300	301
402022_16S_KN48L_TTGCGCAT-GTCTAGTG_S69_L001_R2	1.0	4.0	16.0	76.0	229.0	260.0	3262.0	23329.0	32548.0
	293	294	295	296	297	298	299	300	301
402023_16S_KN48L_TTGCGCAT-CTAGTATG_S70_L001_R2	1.0	5.0	21.0	85.0	287.0	383.0	4800.0	26737.0	34333.0
	290	291	292	293	294	295	296	297	298	299	300	301
402024_16S_KN48L_TTGCGCAT-GATAGCGT_S71_L001_R2	8.0	0.0	1.0	3.0	15.0	26.0	103.0	361.0	424.0	4346.0	34665.0	45582.0
	290	291	292	293	294	295	296	297	298	299	300	301
402025_16S_KN48L_TTGCGCAT-TCTACACT_S72_L001_R2	3.0	2.0	2.0	4.0	16.0	36.0	117.0	448.0	531.0	4943.0	38778.0	51310.0
	290	291	292	293	294	295	296	297	298	299	300	301
402026_16S_KN48L_ACATTCAG-AAGCAGCA_S73_L001_R2	1.0	1.0	3.0	1.0	4.0	24.0	77.0	303.0	405.0	3960.0	36976.0	48982.0
	291	292	293	294	295	296	297	298	299	300	301
402027_16S_KN48L_ACATTCAG-ACGCGTGA_S74_L001_R2	4.0	0.0	2.0	5.0	22.0	61.0	283.0	395.0	3548.0	32682.0	41398.0
	291	292	293	294	295	296	297	298	299	300	301
402028_16S_KN48L_ACATTCAG-CGATCTAC_S75_L001_R2	1.0	2.0	3.0	13.0	34.0	92.0	329.0	426.0	4259.0	29259.0	42647.0
	290	291	292	293	294	295	296	297	298	299	300	301
402029_16S_KN48L_ACATTCAG-ACGACGTG_S76_L001_R2	2.0	1.0	1.0	6.0	11.0	44.0	146.0	515.0	682.0	6871.0	50851.0	71373.0
	290	291	292	293	294	295	296	297	298	299	300	301
402030_16S_KN48L_ACATTCAG-GTCTAGTG_S77_L001_R2	1.0	1.0	0.0	4.0	14.0	29.0	129.0	420.0	984.0	5181.0	62858.0	75851.0
	290	291	292	293	294	295	296	297	298	299	300	301
402031_16S_KN48L_ACATTCAG-CTAGTATG_S78_L001_R2	1.0	1.0	1.0	1.0	8.0	19.0	65.0	276.0	623.0	3286.0	45355.0	45595.0
	290	291	292	293	294	295	296	297	298	299	300	301
402032_16S_KN48L_ACATTCAG-GATAGCGT_S79_L001_R2	1.0	2.0	3.0	6.0	14.0	63.0	220.0	598.0	1469.0	7361.0	63429.0	87093.0
	290	291	292	293	294	295	296	297	298	299	300	301
402033_16S_KN48L_ACATTCAG-TCTACACT_S80_L001_R2	1.0	3.0	1.0	2.0	9.0	31.0	160.0	440.0	933.0	5000.0	40328.0	63697.0
	290	291	292	293	294	295	296	297	298	299	300	301
402034_16S_KN48L_ACTGACAG-AAGCAGCA_S81_L001_R2	3.0	2.0	1.0	1.0	6.0	33.0	114.0	329.0	562.0	5063.0	42126.0	60358.0
	290	291	292	293	294	295	296	297	298	299	300	301
402035_16S_KN48L_ACTGACAG-ACGCGTGA_S82_L001_R2	5.0	1.0	2.0	2.0	12.0	46.0	92.0	388.0	617.0	5325.0	33627.0	43919.0
	291	292	293	294	295	296	297	298	299	300	301
402036_16S_KN48L_ACTGACAG-CGATCTAC_S83_L001_R2	1.0	1.0	1.0	3.0	20.0	86.0	246.0	368.0	3659.0	33380.0	44712.0
	289	290	291	292	293	294	295	296	297	298	299	300	301
402037_16S_KN48L_ACTGACAG-ACGACGTG_S84_L001_R2	1.0	3.0	3.0	1.0	8.0	9.0	42.0	86.0	386.0	671.0	5093.0	42939.0	52526.0
	292	293	294	295	296	297	298	299	300	301
402038_16S_KN48L_ACTGACAG-GTCTAGTG_S85_L001_R2	2.0	1.0	3.0	33.0	102.0	291.0	501.0	4103.0	43420.0	54616.0
	290	291	292	293	294	295	296	297	298	299	300	301
402039_16S_KN48L_ACTGACAG-CTAGTATG_S86_L001_R2	2.0	1.0	0.0	0.0	5.0	28.0	130.0	290.0	620.0	3669.0	39109.0	42583.0
	290	291	292	293	294	295	296	297	298	299	300	301
402040_16S_KN48L_ACTGACAG-GATAGCGT_S87_L001_R2	2.0	1.0	0.0	1.0	6.0	22.0	111.0	294.0	575.0	4316.0	41835.0	46816.0
	290	291	292	293	294	295	296	297	298	299	300	301
402041_16S_KN48L_ACTGACAG-TCTACACT_S88_L001_R2	3.0	2.0	3.0	1.0	20.0	48.0	129.0	475.0	1220.0	6149.0	52163.0	59016.0
	291	292	293	294	295	296	297	298	299	300	301
402042_16S_KN48L_CGAGAAGA-AAGCAGCA_S89_L001_R2	1.0	2.0	5.0	10.0	43.0	122.0	380.0	666.0	6190.0	55358.0	73503.0
	290	291	292	293	294	295	296	297	298	299	300	301
402043_16S_KN48L_CGAGAAGA-ACGCGTGA_S90_L001_R2	3.0	4.0	3.0	5.0	15.0	70.0	151.0	460.0	1025.0	7187.0	51734.0	65506.0
	290	291	292	293	294	295	296	297	298	299	300	301
402044_16S_KN48L_CGAGAAGA-CGATCTAC_S91_L001_R2	1.0	2.0	1.0	5.0	14.0	60.0	190.0	627.0	1371.0	8270.0	68209.0	87701.0
	290	291	292	293	294	295	296	297	298	299	300	301
402045_16S_KN48L_CGAGAAGA-ACGACGTG_S92_L001_R2	3.0	6.0	1.0	3.0	11.0	54.0	160.0	545.0	1353.0	6954.0	50671.0	62439.0
	289	290	291	292	293	294	295	296	297	298	299	300	301
402046_16S_KN48L_CGAGAAGA-GTCTAGTG_S93_L001_R2	1.0	1.0	4.0	0.0	1.0	9.0	36.0	287.0	404.0	670.0	6785.0	75118.0	82254.0
	290	291	292	293	294	295	296	297	298	299	300	301
402047_16S_KN48L_ATTCCTGT-AAGCAGCA_S94_L001_R2	1.0	2.0	3.0	9.0	9.0	46.0	102.0	457.0	408.0	6011.0	42049.0	53087.0
	289	290	291	292	293	294	295	296	297	298	299	300	301
402048_16S_KN48L_ATTCCTGT-ACGCGTGA_S95_L001_R2	2.0	1.0	2.0	1.0	5.0	10.0	38.0	95.0	342.0	346.0	4524.0	33438.0	44085.0
	289	290	291	292	293	294	295	296	297	298	299	300	301
402049_16S_KN48L_ATTCCTGT-CGATCTAC_S96_L001_R2	1.0	3.0	3.0	0.0	1.0	12.0	31.0	73.0	294.0	424.0	4302.0	29215.0	40524.0
	291	292	293	294	295	296	297	298	299	300	301
402050_16S_KN482_GTCAATTG-AAGCAGCA_S1_L001_R2	1.0	1.0	0.0	3.0	14.0	34.0	242.0	615.0	3269.0	20361.0	81280.0
	291	292	293	294	295	296	297	298	299	300	301
402051_16S_KN482_GTCAATTG-ACGCGTGA_S2_L001_R2	1.0	0.0	2.0	0.0	7.0	6.0	58.0	121.0	834.0	3284.0	24595.0
	248	250	252	254	256	258	260	262	264	266	268	270	272	274	276	278	280	282	284	286	288	290	292	294	296	298	300
402052_16S_KN482_GTCAATTG-CGATCTAC_S3_L001_R2	1.0	0.0	0.0	0.0	0.0	0.0	0.0	0.0	0.0	0.0	0.0	0.0	0.0	0.0	0.0	0.0	0.0	0.0	0.0	0.0	0.0	1.0	0.0	4.0	133.0	2213.0	56584.0
	291	292	293	294	295	296	297	298	299	300	301
402053_16S_KN482_GTCAATTG-ACGACGTG_S4_L001_R2	3.0	0.0	0.0	0.0	14.0	28.0	153.0	460.0	2466.0	13104.0	63148.0
	290	291	292	293	294	295	296	297	298	299	300	301
402054_16S_KN482_GTCAATTG-GTCTAGTG_S5_L001_R2	1.0	1.0	0.0	1.0	2.0	6.0	24.0	213.0	515.0	2721.0	18554.0	76247.0
	289	290	291	292	293	294	295	296	297	298	299	300	301
402055_16S_KN482_GTCAATTG-CTAGTATG_S6_L001_R2	1.0	0.0	2.0	0.0	1.0	1.0	10.0	14.0	203.0	507.0	2921.0	15181.0	75896.0
	293	294	295	296	297	298	299	300	301
402056_16S_KN482_GTCAATTG-GATAGCGT_S7_L001_R2	1.0	0.0	6.0	32.0	158.0	403.0	2386.0	15681.0	64353.0
	291	292	293	294	295	296	297	298	299	300	301
402057_16S_KN482_GTCAATTG-TCTACACT_S8_L001_R2	3.0	0.0	0.0	3.0	2.0	14.0	86.0	166.0	1319.0	4109.0	40362.0
	293	294	295	296	297	298	299	300	301
402058_16S_KN482_ATGAGACT-AAGCAGCA_S9_L001_R2	1.0	1.0	9.0	20.0	167.0	419.0	2300.0	14130.0	57851.0
	293	294	295	296	297	298	299	300	301
402059_16S_KN482_ATGAGACT-ACGCGTGA_S10_L001_R2	1.0	2.0	13.0	6.0	92.0	172.0	1176.0	5287.0	32546.0
	293	294	295	296	297	298	299	300	301
402060_16S_KN482_ATGAGACT-CGATCTAC_S11_L001_R2	1.0	2.0	8.0	12.0	88.0	243.0	1535.0	9217.0	39125.0
	290	291	292	293	294	295	296	297	298	299	300	301
402061_16S_KN482_ATGAGACT-ACGACGTG_S12_L001_R2	1.0	1.0	0.0	2.0	1.0	9.0	24.0	162.0	617.0	2073.0	11253.0	53637.0
	291	292	293	294	295	296	297	298	299	300	301
402062_16S_KN482_ATGAGACT-GTCTAGTG_S13_L001_R2	1.0	0.0	0.0	2.0	7.0	24.0	140.0	518.0	2165.0	13516.0	58522.0
	291	292	293	294	295	296	297	298	299	300	301
402063_16S_KN482_ATGAGACT-CTAGTATG_S14_L001_R2	1.0	0.0	1.0	2.0	11.0	19.0	99.0	499.0	1589.0	9666.0	42346.0
	250	252	254	256	258	260	262	264	266	268	270	272	274	276	278	280	282	284	286	288	290	292	294	296	298	300
402064_16S_KN482_ATGAGACT-GATAGCGT_S15_L001_R2	1.0	0.0	0.0	0.0	0.0	0.0	0.0	0.0	0.0	0.0	0.0	0.0	0.0	0.0	0.0	0.0	0.0	0.0	0.0	0.0	2.0	1.0	11.0	201.0	2806.0	73488.0
	290	291	292	293	294	295	296	297	298	299	300	301
402065_16S_KN482_ATGAGACT-TCTACACT_S16_L001_R2	1.0	2.0	0.0	1.0	3.0	2.0	5.0	50.0	139.0	887.0	3479.0	25803.0
	288	289	290	291	292	293	294	295	296	297	298	299	300	301
402066_16S_KN482_GAATCTTC-AAGCAGCA_S17_L001_R2	1.0	0.0	2.0	1.0	0.0	2.0	2.0	15.0	44.0	216.0	609.0	2741.0	17070.0	71215.0
	291	292	293	294	295	296	297	298	299	300	301
402067_16S_KN482_GAATCTTC-ACGCGTGA_S18_L001_R2	2.0	1.0	0.0	0.0	13.0	30.0	215.0	1083.0	2373.0	16008.0	63587.0
	289	290	291	292	293	294	295	296	297	298	299	300	301
402068_16S_KN482_GAATCTTC-CGATCTAC_S19_L001_R2	1.0	0.0	0.0	0.0	1.0	0.0	8.0	19.0	163.0	477.0	2673.0	17616.0	70161.0
	291	292	293	294	295	296	297	298	299	300	301
402069_16S_KN482_GAATCTTC-ACGACGTG_S20_L001_R2	2.0	1.0	1.0	1.0	13.0	20.0	127.0	311.0	2150.0	11199.0	52854.0
	291	292	293	294	295	296	297	298	299	300	301
402070_16S_KN482_GAATCTTC-GTCTAGTG_S21_L001_R2	2.0	0.0	0.0	1.0	7.0	16.0	93.0	247.0	1674.0	8229.0	44953.0
	295	296	297	298	299	300	301
402071_16S_KN482_GAATCTTC-CTAGTATG_S22_L001_R2	8.0	6.0	78.0	179.0	1218.0	4930.0	35063.0
	290	291	292	293	294	295	296	297	298	299	300	301
402072_16S_KN482_GAATCTTC-GATAGCGT_S23_L001_R2	1.0	1.0	0.0	2.0	2.0	8.0	18.0	156.0	354.0	2343.0	12864.0	60600.0
	291	292	293	294	295	296	297	298	299	300	301
402073_16S_KN482_CCAGTGTA-ACGCGTGA_S24_L001_R2	1.0	0.0	0.0	1.0	9.0	11.0	97.0	194.0	1313.0	5801.0	33708.0
	293	294	295	296	297	298	299	300	301
402074_16S_KN482_ACACGTAA-AAGCAGCA_S25_L001_R2	2.0	3.0	8.0	26.0	142.0	465.0	2446.0	17422.0	62258.0
	289	290	291	292	293	294	295	296	297	298	299	300	301
402075_16S_KN482_ACACGTAA-ACGCGTGA_S26_L001_R2	2.0	1.0	4.0	0.0	6.0	2.0	13.0	29.0	207.0	564.0	3287.0	19502.0	88454.0
	294	295	296	297	298	299	300	301
402076_16S_KN482_ACACGTAA-CGATCTAC_S27_L001_R2	2.0	12.0	11.0	180.0	400.0	2291.0	17088.0	66253.0
	291	292	293	294	295	296	297	298	299	300	301
402077_16S_KN482_ACACGTAA-ACGACGTG_S28_L001_R2	9.0	0.0	1.0	0.0	8.0	6.0	122.0	267.0	1397.0	6705.0	41080.0
	292	293	294	295	296	297	298	299	300	301
402078_16S_KN482_ACACGTAA-GTCTAGTG_S29_L001_R2	1.0	1.0	6.0	10.0	96.0	181.0	509.0	2501.0	19556.0	69784.0
	291	292	293	294	295	296	297	298	299	300	301
402079_16S_KN482_ACACGTAA-CTAGTATG_S30_L001_R2	2.0	0.0	0.0	2.0	8.0	44.0	163.0	516.0	2331.0	18377.0	68360.0
	290	291	292	293	294	295	296	297	298	299	300	301
402080_16S_KN482_ACACGTAA-GATAGCGT_S31_L001_R2	1.0	1.0	0.0	0.0	2.0	14.0	89.0	141.0	419.0	2434.0	18646.0	66276.0
	288	289	290	291	292	293	294	295	296	297	298	299	300	301
402081_16S_KN482_ACACGTAA-TCTACACT_S32_L001_R2	1.0	0.0	0.0	2.0	0.0	0.0	2.0	14.0	43.0	188.0	710.0	3404.0	21240.0	95154.0
	290	291	292	293	294	295	296	297	298	299	300	301
402082_16S_KN482_GAGTGGTA-AAGCAGCA_S33_L001_R2	1.0	0.0	0.0	0.0	1.0	18.0	180.0	287.0	687.0	4379.0	27935.0	114377.0
	291	292	293	294	295	296	297	298	299	300	301
402083_16S_KN482_GAGTGGTA-ACGCGTGA_S34_L001_R2	3.0	2.0	0.0	4.0	5.0	17.0	154.0	327.0	1916.0	8414.0	56553.0
	289	290	291	292	293	294	295	296	297	298	299	300	301
402084_16S_KN482_GAGTGGTA-CGATCTAC_S35_L001_R2	1.0	0.0	2.0	2.0	0.0	1.0	17.0	57.0	144.0	402.0	2418.0	16922.0	62269.0
	294	295	296	297	298	299	300	301
402085_16S_KN482_GAGTGGTA-ACGACGTG_S36_L001_R2	2.0	10.0	36.0	219.0	661.0	2847.0	19108.0	71251.0
	290	291	292	293	294	295	296	297	298	299	300	301
402086_16S_KN482_GAGTGGTA-GTCTAGTG_S37_L001_R2	3.0	3.0	0.0	2.0	2.0	16.0	48.0	291.0	682.0	3729.0	26027.0	103316.0
	289	290	291	292	293	294	295	296	297	298	299	300	301
402087_16S_KN482_GAGTGGTA-CTAGTATG_S38_L001_R2	1.0	0.0	3.0	0.0	3.0	4.0	14.0	41.0	284.0	786.0	4033.0	24070.0	113900.0
	289	290	291	292	293	294	295	296	297	298	299	300	301
402088_16S_KN482_GAGTGGTA-GATAGCGT_S39_L001_R2	2.0	1.0	6.0	1.0	1.0	6.0	14.0	67.0	211.0	618.0	3469.0	22935.0	97706.0
	289	290	291	292	293	294	295	296	297	298	299	300	301
402089_16S_KN482_GAGTGGTA-TCTACACT_S40_L001_R2	2.0	1.0	2.0	0.0	1.0	2.0	4.0	23.0	148.0	323.0	1878.0	9269.0	60705.0
	290	291	292	293	294	295	296	297	298	299	300	301
402090_16S_KN482_GAAGTTGG-AAGCAGCA_S41_L001_R2	1.0	5.0	0.0	0.0	2.0	24.0	33.0	246.0	561.0	3385.0	18595.0	93251.0
	291	292	293	294	295	296	297	298	299	300	301
402091_16S_KN482_GAAGTTGG-ACGCGTGA_S42_L001_R2	2.0	0.0	2.0	0.0	5.0	13.0	99.0	251.0	1361.0	7571.0	41239.0
	291	292	293	294	295	296	297	298	299	300	301
402092_16S_KN482_GAAGTTGG-CGATCTAC_S43_L001_R2	1.0	0.0	3.0	2.0	10.0	29.0	157.0	336.0	2223.0	14453.0	63191.0
	291	292	293	294	295	296	297	298	299	300	301
402093_16S_KN482_GAAGTTGG-ACGACGTG_S44_L001_R2	3.0	0.0	4.0	1.0	28.0	26.0	255.0	615.0	3490.0	20560.0	98061.0
	291	292	293	294	295	296	297	298	299	300	301
402094_16S_KN482_GAAGTTGG-GTCTAGTG_S45_L001_R2	3.0	0.0	2.0	3.0	9.0	73.0	206.0	588.0	3624.0	25206.0	102290.0
	289	290	291	292	293	294	295	296	297	298	299	300	301
402095_16S_KN482_GAAGTTGG-CTAGTATG_S46_L001_R2	1.0	1.0	1.0	0.0	1.0	3.0	10.0	22.0	165.0	483.0	2718.0	14376.0	83410.0
	290	291	292	293	294	295	296	297	298	299	300	301
402096_16S_KN482_GAAGTTGG-GATAGCGT_S47_L001_R2	1.0	0.0	1.0	0.0	1.0	10.0	25.0	163.0	480.0	2921.0	19258.0	73246.0
	293	294	295	296	297	298	299	300	301
402097_16S_KN482_GAAGTTGG-TCTACACT_S48_L001_R2	1.0	4.0	15.0	21.0	210.0	600.0	3148.0	20221.0	78762.0
	295	296	297	298	299	300	301
402098_16S_KN482_TTCCTAGG-AAGCAGCA_S49_L001_R2	17.0	101.0	152.0	396.0	2053.0	15281.0	52615.0
	290	291	292	293	294	295	296	297	298	299	300	301
402099_16S_KN482_TTCCTAGG-ACGCGTGA_S50_L001_R2	2.0	1.0	0.0	1.0	1.0	18.0	55.0	184.0	544.0	2545.0	18396.0	67613.0
	291	292	293	294	295	296	297	298	299	300	301
402100_16S_KN482_CCAGTGTA-CGATCTAC_S51_L001_R2	10.0	2.0	2.0	2.0	29.0	148.0	456.0	1343.0	6719.0	48157.0	177158.0
	291	292	293	294	295	296	297	298	299	300	301
402101_16S_KN482_TTCCTAGG-ACGACGTG_S52_L001_R2	3.0	0.0	4.0	1.0	13.0	38.0	217.0	713.0	3058.0	19986.0	81462.0
	295	296	297	298	299	300	301
402102_16S_KN482_TTCCTAGG-GTCTAGTG_S53_L001_R2	10.0	92.0	226.0	566.0	2408.0	21149.0	65497.0
	289	290	291	292	293	294	295	296	297	298	299	300	301
402103_16S_KN482_TTCCTAGG-CTAGTATG_S54_L001_R2	1.0	1.0	0.0	0.0	2.0	1.0	16.0	27.0	331.0	726.0	2716.0	18917.0	85939.0
	292	293	294	295	296	297	298	299	300	301
402104_16S_KN482_TTCCTAGG-GATAGCGT_S55_L001_R2	1.0	0.0	1.0	12.0	110.0	255.0	679.0	3357.0	25545.0	86194.0
	290	291	292	293	294	295	296	297	298	299	300	301
402105_16S_KN482_TTCCTAGG-TCTACACT_S56_L001_R2	1.0	2.0	1.0	1.0	1.0	18.0	107.0	228.0	622.0	2665.0	20131.0	76469.0
	291	292	293	294	295	296	297	298	299	300	301
402106_16S_KN482_GCACGACA-AAGCAGCA_S57_L001_R2	2.0	0.0	1.0	4.0	8.0	79.0	195.0	486.0	2402.0	18917.0	62189.0
	290	291	292	293	294	295	296	297	298	299	300	301
402107_16S_KN482_GCACGACA-ACGCGTGA_S58_L001_R2	1.0	0.0	1.0	0.0	3.0	20.0	48.0	212.0	546.0	2710.0	19613.0	70096.0
	294	295	296	297	298	299	300	301
402108_16S_KN482_GCACGACA-CGATCTAC_S59_L001_R2	2.0	9.0	36.0	142.0	351.0	1986.0	13569.0	49191.0
	291	292	293	294	295	296	297	298	299	300	301
402109_16S_KN482_GCACGACA-ACGACGTG_S60_L001_R2	2.0	0.0	0.0	1.0	11.0	47.0	153.0	385.0	2226.0	15012.0	51354.0
	248	250	252	254	256	258	260	262	264	266	268	270	272	274	276	278	280	282	284	286	288	290	292	294	296	298	300
402110_16S_KN482_GCACGACA-GTCTAGTG_S61_L001_R2	1.0	0.0	0.0	0.0	0.0	0.0	0.0	0.0	0.0	0.0	0.0	0.0	0.0	0.0	0.0	0.0	0.0	0.0	0.0	0.0	0.0	0.0	1.0	9.0	187.0	2977.0	78927.0
	292	293	294	295	296	297	298	299	300	301
402111_16S_KN482_GCACGACA-CTAGTATG_S62_L001_R2	1.0	2.0	0.0	17.0	30.0	151.0	540.0	2473.0	15855.0	70303.0
	291	292	293	294	295	296	297	298	299	300	301
402112_16S_KN482_GCACGACA-GATAGCGT_S63_L001_R2	1.0	0.0	0.0	0.0	7.0	25.0	194.0	491.0	2400.0	14976.0	50995.0
	291	292	293	294	295	296	297	298	299	300	301
402113_16S_KN482_GCACGACA-TCTACACT_S64_L001_R2	2.0	0.0	0.0	1.0	3.0	13.0	103.0	278.0	1578.0	8363.0	43749.0
	290	291	292	293	294	295	296	297	298	299	300	301
402114_16S_KN482_ATCGATCT-AAGCAGCA_S65_L001_R2	1.0	2.0	0.0	1.0	0.0	13.0	28.0	223.0	494.0	3638.0	17484.0	69180.0
	286	287	288	289	290	291	292	293	294	295	296	297	298	299	300	301
402115_16S_KN482_ATCGATCT-ACGCGTGA_S66_L001_R2	1.0	0.0	0.0	0.0	0.0	3.0	0.0	1.0	2.0	15.0	52.0	249.0	600.0	4475.0	20264.0	68881.0
	291	292	293	294	295	296	297	298	299	300	301
402116_16S_KN482_ATCGATCT-CGATCTAC_S67_L001_R2	2.0	0.0	2.0	1.0	12.0	20.0	147.0	303.0	2357.0	14301.0	51644.0
	290	291	292	293	294	295	296	297	298	299	300	301
402117_16S_KN482_ATCGATCT-ACGACGTG_S68_L001_R2	1.0	1.0	1.0	2.0	2.0	16.0	42.0	341.0	687.0	5223.0	29242.0	90468.0
	289	290	291	292	293	294	295	296	297	298	299	300	301
402118_16S_KN482_ATCGATCT-GTCTAGTG_S69_L001_R2	1.0	0.0	2.0	0.0	5.0	2.0	11.0	23.0	158.0	402.0	3100.0	17805.0	67740.0
	292	293	294	295	296	297	298	299	300	301
402119_16S_KN482_ATCGATCT-CTAGTATG_S70_L001_R2	1.0	3.0	2.0	12.0	30.0	192.0	459.0	3709.0	19603.0	75401.0
	291	292	293	294	295	296	297	298	299	300	301
402120_16S_KN482_ATCGATCT-GATAGCGT_S71_L001_R2	2.0	0.0	0.0	2.0	16.0	46.0	219.0	657.0	4065.0	24222.0	81072.0
	294	295	296	297	298	299	300	301
402121_16S_KN482_ATCGATCT-TCTACACT_S72_L001_R2	2.0	22.0	33.0	249.0	634.0	3591.0	21225.0	73124.0
	293	294	295	296	297	298	299	300	301
402122_16S_KN482_CTTGTGTC-AAGCAGCA_S73_L001_R2	1.0	1.0	13.0	32.0	143.0	327.0	2789.0	17284.0	61736.0
	291	292	293	294	295	296	297	298	299	300	301
402123_16S_KN482_CTTGTGTC-ACGCGTGA_S74_L001_R2	1.0	0.0	0.0	0.0	9.0	45.0	219.0	617.0	3692.0	21403.0	77538.0
	290	291	292	293	294	295	296	297	298	299	300	301
402124_16S_KN482_CTTGTGTC-CGATCTAC_S75_L001_R2	1.0	2.0	0.0	1.0	1.0	10.0	27.0	160.0	359.0	2598.0	15022.0	59697.0
	292	293	294	295	296	297	298	299	300	301
402125_16S_KN482_CTTGTGTC-ACGACGTG_S76_L001_R2	1.0	1.0	2.0	12.0	41.0	274.0	505.0	3769.0	20577.0	77142.0
	291	292	293	294	295	296	297	298	299	300	301
402126_16S_KN482_CTTGTGTC-GTCTAGTG_S77_L001_R2	2.0	1.0	2.0	3.0	16.0	25.0	233.0	676.0	4408.0	22733.0	90306.0
	291	292	293	294	295	296	297	298	299	300	301
402127_16S_KN482_CTTGTGTC-CTAGTATG_S78_L001_R2	2.0	0.0	2.0	1.0	14.0	19.0	224.0	742.0	4920.0	19155.0	76065.0
	290	291	292	293	294	295	296	297	298	299	300	301
402128_16S_KN482_CTTGTGTC-GATAGCGT_S79_L001_R2	1.0	1.0	0.0	0.0	1.0	11.0	39.0	215.0	586.0	3432.0	21420.0	75895.0
	291	292	293	294	295	296	297	298	299	300	301
402129_16S_KN482_CTTGTGTC-TCTACACT_S80_L001_R2	2.0	0.0	2.0	2.0	14.0	34.0	218.0	593.0	4089.0	19626.0	75061.0
	293	294	295	296	297	298	299	300	301
402130_16S_KN482_TGAGCCGG-AAGCAGCA_S81_L001_R2	1.0	2.0	13.0	24.0	175.0	505.0	2892.0	19029.0	68826.0
	293	294	295	296	297	298	299	300	301
402131_16S_KN482_TGAGCCGG-ACGCGTGA_S82_L001_R2	4.0	3.0	9.0	16.0	178.0	569.0	2544.0	20243.0	64900.0
	291	292	293	294	295	296	297	298	299	300	301
402132_16S_KN482_TGAGCCGG-CGATCTAC_S83_L001_R2	4.0	1.0	0.0	0.0	9.0	54.0	203.0	568.0	3149.0	24132.0	81983.0
	290	291	292	293	294	295	296	297	298	299	300	301
402133_16S_KN482_TGAGCCGG-ACGACGTG_S84_L001_R2	1.0	0.0	2.0	2.0	2.0	5.0	45.0	239.0	758.0	3095.0	23080.0	79586.0
	294	295	296	297	298	299	300	301
402134_16S_KN482_TGAGCCGG-GTCTAGTG_S85_L001_R2	2.0	5.0	105.0	209.0	544.0	2607.0	21312.0	68465.0
	290	291	292	293	294	295	296	297	298	299	300	301
402135_16S_KN482_TGAGCCGG-CTAGTATG_S86_L001_R2	1.0	0.0	1.0	2.0	2.0	12.0	84.0	240.0	627.0	2974.0	23938.0	76492.0
	291	292	293	294	295	296	297	298	299	300	301
402136_16S_KN482_TGAGCCGG-GATAGCGT_S87_L001_R2	1.0	0.0	0.0	2.0	5.0	29.0	179.0	549.0	2761.0	19126.0	69028.0
	291	292	293	294	295	296	297	298	299	300	301
402137_16S_KN482_TGAGCCGG-TCTACACT_S88_L001_R2	3.0	2.0	2.0	1.0	10.0	25.0	240.0	650.0	3163.0	19980.0	86373.0
	294	295	296	297	298	299	300	301
402138_16S_KN482_GCGGCAAT-AAGCAGCA_S89_L001_R2	1.0	12.0	6.0	118.0	262.0	1598.0	11532.0	36469.0
	290	291	292	293	294	295	296	297	298	299	300	301
402139_16S_KN482_GCGGCAAT-ACGCGTGA_S90_L001_R2	1.0	1.0	0.0	1.0	0.0	11.0	20.0	98.0	292.0	1611.0	10996.0	37248.0
	292	293	294	295	296	297	298	299	300	301
402140_16S_KN482_GCGGCAAT-CGATCTAC_S91_L001_R2	1.0	0.0	1.0	6.0	34.0	75.0	224.0	1416.0	9817.0	32871.0
	290	291	292	293	294	295	296	297	298	299	300	301
402141_16S_KN482_GCGGCAAT-ACGACGTG_S92_L001_R2	1.0	0.0	0.0	0.0	2.0	7.0	20.0	96.0	311.0	1477.0	11928.0	37473.0
	291	292	293	294	295	296	297	298	299	300	301
402142_16S_KN482_GCGGCAAT-GTCTAGTG_S93_L001_R2	2.0	0.0	1.0	2.0	5.0	26.0	144.0	353.0	2202.0	12889.0	39313.0
	290	291	292	293	294	295	296	297	298	299	300	301
402143_16S_KN482_ATTCCTGT-ACGACGTG_S94_L001_R2	1.0	1.0	0.0	2.0	2.0	7.0	25.0	192.0	464.0	2884.0	16919.0	60902.0
	293	294	295	296	297	298	299	300	301
402144_16S_KN482_ATTCCTGT-GTCTAGTG_S95_L001_R2	1.0	0.0	3.0	9.0	109.0	259.0	1513.0	10974.0	39115.0
	290	291	292	293	294	295	296	297	298	299	300	301
402145_16S_KN482_ATTCCTGT-CTAGTATG_S96_L001_R2	1.0	5.0	0.0	0.0	3.0	8.0	23.0	219.0	574.0	2812.0	17045.0	68172.0
	292	293	294	295	296	297	298	299	300	301
402146_16S_KN48L_GGCCACGT-AAGCAGCA_S97_L001_R2	1.0	0.0	6.0	16.0	67.0	189.0	264.0	2669.0	29916.0	38235.0
	288	289	290	291	292	293	294	295	296	297	298	299	300	301
402147_16S_KN48L_GGCCACGT-ACGCGTGA_S98_L001_R2	1.0	0.0	0.0	1.0	1.0	1.0	7.0	27.0	86.0	390.0	539.0	4556.0	38607.0	50980.0
	291	292	293	294	295	296	297	298	299	300	301
402148_16S_KN48L_GGCCACGT-CGATCTAC_S99_L001_R2	2.0	0.0	0.0	6.0	23.0	79.0	279.0	524.0	3310.0	31688.0	52524.0
	290	291	292	293	294	295	296	297	298	299	300	301
402149_16S_KN48L_GGCCACGT-ACGACGTG_S100_L001_R2	1.0	4.0	1.0	1.0	8.0	21.0	81.0	259.0	509.0	3173.0	32163.0	43624.0
	290	291	292	293	294	295	296	297	298	299	300	301
402150_16S_KN48L_GGCCACGT-GTCTAGTG_S101_L001_R2	2.0	2.0	1.0	1.0	3.0	22.0	74.0	275.0	394.0	3839.0	39987.0	55710.0
	292	293	294	295	296	297	298	299	300	301
402151_16S_KN48L_GGCCACGT-CTAGTATG_S102_L001_R2	1.0	0.0	4.0	25.0	79.0	248.0	327.0	3160.0	34698.0	47115.0
	290	291	292	293	294	295	296	297	298	299	300	301
402152_16S_KN48L_GGCCACGT-GATAGCGT_S103_L001_R2	2.0	1.0	0.0	2.0	7.0	27.0	92.0	284.0	425.0	4374.0	36980.0	54806.0
	290	291	292	293	294	295	296	297	298	299	300	301
402153_16S_KN48L_GGCCACGT-TCTACACT_S104_L001_R2	1.0	1.0	0.0	3.0	9.0	43.0	120.0	380.0	540.0	5569.0	40642.0	61192.0
	291	292	293	294	295	296	297	298	299	300	301
402154_16S_KN48L_TAGGAACT-AAGCAGCA_S105_L001_R2	1.0	0.0	1.0	8.0	37.0	90.0	327.0	477.0	5205.0	41594.0	56415.0
	292	293	294	295	296	297	298	299	300	301
402155_16S_KN48L_TAGGAACT-ACGCGTGA_S106_L001_R2	1.0	3.0	9.0	27.0	109.0	356.0	479.0	5636.0	39599.0	53093.0
	290	291	292	293	294	295	296	297	298	299	300	301
402156_16S_KN48L_TAGGAACT-CGATCTAC_S107_L001_R2	2.0	4.0	0.0	1.0	2.0	35.0	102.0	349.0	498.0	4984.0	37448.0	53359.0
	289	290	291	292	293	294	295	296	297	298	299	300	301
402157_16S_KN48L_TAGGAACT-ACGACGTG_S108_L001_R2	1.0	1.0	0.0	2.0	3.0	8.0	45.0	147.0	536.0	662.0	7478.0	46657.0	66041.0
	290	291	292	293	294	295	296	297	298	299	300	301
402158_16S_KN48L_TAGGAACT-GTCTAGTG_S109_L001_R2	2.0	1.0	2.0	2.0	12.0	36.0	111.0	502.0	615.0	6530.0	60956.0	77602.0
	290	291	292	293	294	295	296	297	298	299	300	301
402159_16S_KN48L_TAGGAACT-CTAGTATG_S110_L001_R2	1.0	1.0	3.0	2.0	9.0	39.0	155.0	610.0	756.0	7455.0	61870.0	77827.0
	290	291	292	293	294	295	296	297	298	299	300	301
402160_16S_KN48L_TAGGAACT-GATAGCGT_S111_L001_R2	1.0	2.0	2.0	3.0	11.0	34.0	124.0	461.0	606.0	5992.0	52545.0	71528.0
	290	291	292	293	294	295	296	297	298	299	300	301
402161_16S_KN48L_TAGGAACT-TCTACACT_S112_L001_R2	2.0	2.0	2.0	4.0	11.0	44.0	107.0	494.0	590.0	6444.0	49985.0	71622.0
	291	292	293	294	295	296	297	298	299	300	301
402162_16S_KN482_CTAGCGAA-AAGCAGCA_S97_L001_R2	1.0	0.0	0.0	2.0	8.0	11.0	194.0	463.0	2821.0	17991.0	54457.0
	291	292	293	294	295	296	297	298	299	300	301
402163_16S_KN482_CTAGCGAA-ACGCGTGA_S98_L001_R2	1.0	0.0	0.0	1.0	9.0	13.0	141.0	408.0	2009.0	15635.0	48176.0
	291	292	293	294	295	296	297	298	299	300	301
402164_16S_KN482_CTAGCGAA-CGATCTAC_S99_L001_R2	2.0	0.0	0.0	1.0	9.0	22.0	139.0	442.0	2389.0	13971.0	47746.0
	291	292	293	294	295	296	297	298	299	300	301
402165_16S_KN482_CTAGCGAA-ACGACGTG_S100_L001_R2	4.0	0.0	0.0	2.0	7.0	18.0	197.0	513.0	2692.0	16332.0	52945.0
	291	292	293	294	295	296	297	298	299	300	301
59000_16S_KN482_GACAGGAG-AAGCAGCA_S101_L001_R2	2.0	0.0	1.0	3.0	12.0	6.0	182.0	445.0	2474.0	18719.0	61662.0
	291	292	293	294	295	296	297	298	299	300	301
59001_16S_KN482_GACAGGAG-ACGCGTGA_S102_L001_R2	4.0	0.0	0.0	2.0	10.0	16.0	195.0	397.0	1978.0	14923.0	53263.0
	290	291	292	293	294	295	296	297	298	299	300	301
59002_16S_KN482_GACAGGAG-CGATCTAC_S103_L001_R2	1.0	1.0	0.0	1.0	1.0	8.0	13.0	188.0	413.0	2221.0	16815.0	61254.0
	289	290	291	292	293	294	295	296	297	298	299	300	301
59003_16S_KN482_GACAGGAG-ACGACGTG_S104_L001_R2	1.0	1.0	4.0	2.0	6.0	1.0	12.0	17.0	213.0	660.0	3162.0	19529.0	81180.0
	290	291	292	293	294	295	296	297	298	299	300	301
59004_16S_KN482_GACAGGAG-GTCTAGTG_S105_L001_R2	1.0	0.0	0.0	0.0	3.0	10.0	29.0	314.0	810.0	3667.0	24235.0	69374.0
	290	291	292	293	294	295	296	297	298	299	300	301
59005_16S_KN482_GACAGGAG-CTAGTATG_S106_L001_R2	1.0	3.0	0.0	2.0	5.0	23.0	36.0	948.0	1466.0	6762.0	41232.0	87943.0
	291	292	293	294	295	296	297	298	299	300	301
59006_16S_KN482_GACAGGAG-GATAGCGT_S107_L001_R2	2.0	0.0	4.0	0.0	10.0	27.0	216.0	598.0	2820.0	22203.0	88587.0
	291	292	293	294	295	296	297	298	299	300	301
59007_16S_KN482_GACAGGAG-TCTACACT_S108_L001_R2	3.0	0.0	9.0	1.0	17.0	30.0	291.0	902.0	3834.0	23311.0	114678.0
	291	292	293	294	295	296	297	298	299	300	301
ATCC1002MOCK_16S_KN482_CTAGCGAA-GTCTAGTG_S109_L001_R2	2.0	0.0	0.0	1.0	10.0	12.0	100.0	535.0	4599.0	16262.0	131840.0
	291	292	293	294	295	296	297	298	299	300	301
ATCC1002MOCK_16S_KN482_GCGGCAAT-CTAGTATG_S110_L001_R2	3.0	1.0	0.0	1.0	5.0	10.0	89.0	372.0	2993.0	10444.0	89785.0
	285	286	287	288	289	290	291	292	293	294	295	296	297	298	299	300	301
ATCC1002MOCK_16S_KN482_TACACGAT-AAGCAGCA_S111_L001_R2	1.0	0.0	0.0	0.0	0.0	0.0	3.0	0.0	0.0	1.0	18.0	6.0	132.0	573.0	5838.0	20727.0	154709.0
	291	292	293	294	295	296	297	298	299	300	301
ATCC1002MOCK_16S_KN48L_CGAGAAGA-CTAGTATG_S113_L001_R2	1.0	1.0	5.0	10.0	52.0	95.0	453.0	559.0	10659.0	71468.0	156667.0
	246	248	250	252	254	256	258	260	262	264	266	268	270	272	274	276	278	280	282	284	286	288	290	292	294	296	298	300
No_Template_Control_16S_KN482_CTAGCGAA-GATAGCGT_S112_L001_R2	1.0	0.0	0.0	0.0	0.0	0.0	0.0	0.0	0.0	0.0	0.0	0.0	0.0	0.0	0.0	0.0	0.0	0.0	0.0	0.0	0.0	1.0	17.0	5.0	39.0	402.0	5997.0	162564.0
	244	246	248	250	252	254	256	258	260	262	264	266	268	270	272	274	276	278	280	282	284	286	288	290	292	294	296	298	300
No_Template_Control_16S_KN482_GCGGCAAT-TCTACACT_S113_L001_R2	2.0	0.0	0.0	0.0	0.0	0.0	0.0	0.0	0.0	0.0	0.0	0.0	0.0	0.0	0.0	0.0	0.0	0.0	0.0	0.0	0.0	0.0	2.0	11.0	5.0	30.0	323.0	5049.0	146404.0
	285	286	287	288	289	290	291	292	293	294	295	296	297	298	299	300	301
No_Template_Control_16S_KN482_TACACGAT-ACGACGTG_S114_L001_R2	1.0	0.0	0.0	0.0	1.0	3.0	3.0	0.0	1.0	5.0	22.0	40.0	298.0	431.0	3897.0	8525.0	110466.0
	162	167	172	177	182	187	192	197	202	207	212	217	222	227	232	237	242	247	252	257	262	267	272	277	282	287	292	297	301
No_Template_Control_16S_KN48L_CGAGAAGA-TCTACACT_S114_L001_R2	1.0	0.0	0.0	0.0	0.0	0.0	0.0	0.0	0.0	0.0	0.0	0.0	0.0	0.0	0.0	0.0	0.0	0.0	0.0	0.0	0.0	0.0	0.0	0.0	0.0	5.0	189.0	39385.0	219100.0
	291	292	293	294	295	296	297	298	299	300	301
Soil_DNA_16S_KN482_CTAGCGAA-CTAGTATG_S115_L001_R2	1.0	1.0	3.0	4.0	8.0	31.0	186.0	542.0	3093.0	18702.0	77689.0
	291	292	293	294	295	296	297	298	299	300	301
Soil_DNA_16S_KN482_GCGGCAAT-GATAGCGT_S116_L001_R2	2.0	1.0	2.0	1.0	7.0	19.0	149.0	326.0	2139.0	11892.0	51949.0
	291	292	293	294	295	296	297	298	299	300	301
Soil_DNA_16S_KN482_TACACGAT-ACGCGTGA_S117_L001_R2	1.0	0.0	4.0	2.0	8.0	12.0	146.0	319.0	2202.0	12297.0	51712.0
	290	291	292	293	294	295	296	297	298	299	300	301
Soil_DNA_16S_KN48L_CGAGAAGA-GATAGCGT_S115_L001_R2	5.0	6.0	5.0	10.0	37.0	95.0	292.0	953.0	880.0	14471.0	93385.0	117119.0

