	9.0	10.0	11.0	12.0	13.0	14.0	15.0	16.0	17.0	18.0	19.0	20.0	21.0	22.0	23.0	24.0	25.0	26.0	27.0	28.0	29.0	30.0	31.0	32.0	33.0	34.0	35.0	36.0
401954_16S_KN48L_GAACTAGT-AAGCAGCA_S1_L001_R2	1.0	13.0	259.0	1413.0	2769.0	2333.0	1446.0	1342.0	1988.0	1811.0	1407.0	1415.0	1454.0	1681.0	1884.0	2175.0	2666.0	3528.0	4601.0	6023.0	8058.0	10655.0	12868.0	14132.0	12157.0	6822.0	1746.0	76.0
	10.0	11.0	12.0	13.0	14.0	15.0	16.0	17.0	18.0	19.0	20.0	21.0	22.0	23.0	24.0	25.0	26.0	27.0	28.0	29.0	30.0	31.0	32.0	33.0	34.0	35.0	36.0
401955_16S_KN48L_GAACTAGT-ACGCGTGA_S2_L001_R2	10.0	263.0	1401.0	2899.0	2473.0	1825.0	2286.0	1930.0	1490.0	1392.0	1450.0	1538.0	1739.0	2022.0	2380.0	2911.0	3816.0	4883.0	6419.0	8449.0	10823.0	12912.0	13950.0	11605.0	5888.0	1241.0	40.0
	10.0	11.0	12.0	13.0	14.0	15.0	16.0	17.0	18.0	19.0	20.0	21.0	22.0	23.0	24.0	25.0	26.0	27.0	28.0	29.0	30.0	31.0	32.0	33.0	34.0	35.0	36.0
401956_16S_KN48L_GAACTAGT-CGATCTAC_S3_L001_R2	2.0	46.0	300.0	644.0	695.0	533.0	493.0	694.0	858.0	840.0	991.0	1019.0	1245.0	1407.0	1735.0	2129.0	2716.0	3603.0	4935.0	6433.0	8626.0	11125.0	11987.0	10543.0	6012.0	1622.0	106.0
	10.0	11.0	12.0	13.0	14.0	15.0	16.0	17.0	18.0	19.0	20.0	21.0	22.0	23.0	24.0	25.0	26.0	27.0	28.0	29.0	30.0	31.0	32.0	33.0	34.0	35.0	36.0
401957_16S_KN48L_GAACTAGT-ACGACGTG_S4_L001_R2	7.0	147.0	786.0	1471.0	1375.0	1088.0	1249.0	1185.0	1133.0	1233.0	1287.0	1446.0	1644.0	1777.0	2238.0	2833.0	3441.0	4722.0	6039.0	8204.0	10629.0	12493.0	12982.0	9848.0	4782.0	966.0	45.0
	9.0	10.0	11.0	12.0	13.0	14.0	15.0	16.0	17.0	18.0	19.0	20.0	21.0	22.0	23.0	24.0	25.0	26.0	27.0	28.0	29.0	30.0	31.0	32.0	33.0	34.0	35.0	36.0
401958_16S_KN48L_GAACTAGT-GTCTAGTG_S5_L001_R2	1.0	11.0	268.0	1715.0	3316.0	2770.0	1682.0	1744.0	2112.0	1485.0	1256.0	1310.0	1371.0	1467.0	1637.0	1955.0	2275.0	2906.0	3615.0	4841.0	6510.0	8546.0	10267.0	10875.0	9136.0	4968.0	1114.0	59.0
	9.0	10.0	11.0	12.0	13.0	14.0	15.0	16.0	17.0	18.0	19.0	20.0	21.0	22.0	23.0	24.0	25.0	26.0	27.0	28.0	29.0	30.0	31.0	32.0	33.0	34.0	35.0	36.0
401959_16S_KN48L_GAACTAGT-CTAGTATG_S6_L001_R2	2.0	27.0	457.0	2438.0	5502.0	4824.0	2909.0	2266.0	3291.0	4751.0	2884.0	2533.0	2549.0	2771.0	3241.0	3721.0	4479.0	5547.0	7537.0	9578.0	12865.0	16557.0	19945.0	21392.0	18504.0	10284.0	2511.0	121.0
	9.0	10.0	11.0	12.0	13.0	14.0	15.0	16.0	17.0	18.0	19.0	20.0	21.0	22.0	23.0	24.0	25.0	26.0	27.0	28.0	29.0	30.0	31.0	32.0	33.0	34.0	35.0	36.0
401960_16S_KN48L_GAACTAGT-GATAGCGT_S7_L001_R2	1.0	20.0	395.0	2098.0	4142.0	3562.0	2108.0	2004.0	2225.0	1651.0	1455.0	1344.0	1435.0	1559.0	1654.0	1942.0	2242.0	2724.0	3456.0	4588.0	5878.0	7897.0	9502.0	10041.0	8143.0	4492.0	1039.0	52.0
	9.0	10.0	11.0	12.0	13.0	14.0	15.0	16.0	17.0	18.0	19.0	20.0	21.0	22.0	23.0	24.0	25.0	26.0	27.0	28.0	29.0	30.0	31.0	32.0	33.0	34.0	35.0	36.0
401961_16S_KN48L_GAACTAGT-TCTACACT_S8_L001_R2	1.0	19.0	440.0	2591.0	5355.0	4237.0	2572.0	2460.0	3926.0	2731.0	1757.0	1603.0	1626.0	1793.0	1946.0	2208.0	2503.0	3100.0	3909.0	5026.0	6568.0	8691.0	10172.0	10367.0	7891.0	3839.0	779.0	35.0
	10.0	11.0	12.0	13.0	14.0	15.0	16.0	17.0	18.0	19.0	20.0	21.0	22.0	23.0	24.0	25.0	26.0	27.0	28.0	29.0	30.0	31.0	32.0	33.0	34.0	35.0	36.0
401962_16S_KN48L_GACGGAAC-AAGCAGCA_S9_L001_R2	11.0	266.0	966.0	1246.0	941.0	672.0	780.0	1178.0	1159.0	973.0	959.0	1058.0	1177.0	1363.0	1600.0	1971.0	2445.0	3111.0	4244.0	5637.0	7626.0	9697.0	11646.0	10544.0	6367.0	1640.0	80.0
	10.0	11.0	12.0	13.0	14.0	15.0	16.0	17.0	18.0	19.0	20.0	21.0	22.0	23.0	24.0	25.0	26.0	27.0	28.0	29.0	30.0	31.0	32.0	33.0	34.0	35.0	36.0
401963_16S_KN48L_GACGGAAC-ACGCGTGA_S10_L001_R2	27.0	456.0	2237.0	3595.0	2296.0	1789.0	3001.0	2353.0	1485.0	1303.0	1310.0	1331.0	1476.0	1631.0	1882.0	2333.0	2783.0	3634.0	4782.0	6176.0	8282.0	9983.0	11298.0	9670.0	5337.0	1161.0	43.0
	10.0	11.0	12.0	13.0	14.0	15.0	16.0	17.0	18.0	19.0	20.0	21.0	22.0	23.0	24.0	25.0	26.0	27.0	28.0	29.0	30.0	31.0	32.0	33.0	34.0	35.0	36.0
401964_16S_KN48L_GACGGAAC-CGATCTAC_S11_L001_R2	17.0	397.0	1683.0	2192.0	1523.0	942.0	805.0	1095.0	1503.0	1158.0	971.0	1007.0	1009.0	1169.0	1283.0	1492.0	1905.0	2298.0	3053.0	3907.0	5483.0	6841.0	7531.0	7142.0	4552.0	1270.0	80.0
	10.0	11.0	12.0	13.0	14.0	15.0	16.0	17.0	18.0	19.0	20.0	21.0	22.0	23.0	24.0	25.0	26.0	27.0	28.0	29.0	30.0	31.0	32.0	33.0	34.0	35.0	36.0
401965_16S_KN48L_GACGGAAC-ACGACGTG_S12_L001_R2	34.0	597.0	2534.0	3636.0	2436.0	2080.0	2837.0	2286.0	1655.0	1492.0	1500.0	1512.0	1681.0	1953.0	2285.0	2617.0	3238.0	4085.0	5396.0	7187.0	9414.0	11676.0	12961.0	11239.0	6068.0	1317.0	44.0
	10.0	11.0	12.0	13.0	14.0	15.0	16.0	17.0	18.0	19.0	20.0	21.0	22.0	23.0	24.0	25.0	26.0	27.0	28.0	29.0	30.0	31.0	32.0	33.0	34.0	35.0	36.0
401966_16S_KN48L_GACGGAAC-GTCTAGTG_S13_L001_R2	14.0	451.0	1739.0	2396.0	1609.0	1063.0	1069.0	1331.0	1119.0	1023.0	1016.0	1032.0	1157.0	1268.0	1468.0	1767.0	2054.0	2756.0	3624.0	4661.0	6104.0	7711.0	8425.0	7534.0	4429.0	1077.0	53.0
	9.0	10.0	11.0	12.0	13.0	14.0	15.0	16.0	17.0	18.0	19.0	20.0	21.0	22.0	23.0	24.0	25.0	26.0	27.0	28.0	29.0	30.0	31.0	32.0	33.0	34.0	35.0	36.0
401967_16S_KN48L_GACGGAAC-CTAGTATG_S14_L001_R2	1.0	32.0	575.0	2428.0	3995.0	2529.0	1452.0	1299.0	1897.0	2613.0	1665.0	1322.0	1431.0	1452.0	1539.0	1927.0	2146.0	2633.0	3329.0	4124.0	5486.0	7214.0	8625.0	9590.0	8723.0	4928.0	1199.0	52.0
	9.0	10.0	11.0	12.0	13.0	14.0	15.0	16.0	17.0	18.0	19.0	20.0	21.0	22.0	23.0	24.0	25.0	26.0	27.0	28.0	29.0	30.0	31.0	32.0	33.0	34.0	35.0	36.0
401968_16S_KN48L_GACGGAAC-GATAGCGT_S15_L001_R2	1.0	21.0	517.0	2465.0	3357.0	2243.0	1447.0	1475.0	1743.0	1420.0	1276.0	1189.0	1279.0	1326.0	1474.0	1648.0	1993.0	2454.0	3022.0	3924.0	5137.0	6421.0	7904.0	8454.0	7577.0	4385.0	1077.0	48.0
	9.0	10.0	11.0	12.0	13.0	14.0	15.0	16.0	17.0	18.0	19.0	20.0	21.0	22.0	23.0	24.0	25.0	26.0	27.0	28.0	29.0	30.0	31.0	32.0	33.0	34.0	35.0	36.0
401969_16S_KN48L_GACGGAAC-TCTACACT_S16_L001_R2	1.0	36.0	637.0	2792.0	4265.0	2892.0	1841.0	1741.0	2278.0	1889.0	1628.0	1503.0	1620.0	1694.0	1939.0	2197.0	2514.0	3079.0	3704.0	4688.0	5851.0	7114.0	8382.0	8549.0	6841.0	3453.0	644.0	22.0
	10.0	11.0	12.0	13.0	14.0	15.0	16.0	17.0	18.0	19.0	20.0	21.0	22.0	23.0	24.0	25.0	26.0	27.0	28.0	29.0	30.0	31.0	32.0	33.0	34.0	35.0	36.0
401970_16S_KN48L_CAAGCATG-AAGCAGCA_S17_L001_R2	17.0	409.0	1627.0	2365.0	1733.0	1260.0	1445.0	2170.0	2048.0	1776.0	1710.0	1829.0	1900.0	2196.0	2563.0	3080.0	3684.0	4997.0	6794.0	9112.0	12098.0	15434.0	16550.0	14051.0	7194.0	1557.0	60.0
	9.0	10.0	11.0	12.0	13.0	14.0	15.0	16.0	17.0	18.0	19.0	20.0	21.0	22.0	23.0	24.0	25.0	26.0	27.0	28.0	29.0	30.0	31.0	32.0	33.0	34.0	35.0	36.0
401971_16S_KN48L_CAAGCATG-ACGCGTGA_S18_L001_R2	1.0	26.0	406.0	2252.0	3933.0	2636.0	2009.0	3258.0	2521.0	1745.0	1537.0	1442.0	1619.0	1699.0	1933.0	2331.0	2775.0	3428.0	4448.0	6022.0	7651.0	9612.0	11691.0	12196.0	9806.0	4565.0	842.0	28.0
	10.0	11.0	12.0	13.0	14.0	15.0	16.0	17.0	18.0	19.0	20.0	21.0	22.0	23.0	24.0	25.0	26.0	27.0	28.0	29.0	30.0	31.0	32.0	33.0	34.0	35.0	36.0
401972_16S_KN48L_CAAGCATG-CGATCTAC_S19_L001_R2	20.0	374.0	1657.0	2354.0	1626.0	1064.0	898.0	1152.0	1496.0	1200.0	1109.0	1094.0	1152.0	1359.0	1471.0	1691.0	2153.0	2658.0	3366.0	4569.0	5929.0	7356.0	8617.0	7720.0	4528.0	1070.0	40.0
	10.0	11.0	12.0	13.0	14.0	15.0	16.0	17.0	18.0	19.0	20.0	21.0	22.0	23.0	24.0	25.0	26.0	27.0	28.0	29.0	30.0	31.0	32.0	33.0	34.0	35.0	36.0	37.0
401973_16S_KN48L_CAAGCATG-ACGACGTG_S20_L001_R2	20.0	319.0	1387.0	2050.0	1497.0	1392.0	1849.0	1730.0	1496.0	1381.0	1524.0	1620.0	1844.0	1986.0	2435.0	2936.0	3655.0	4719.0	6274.0	8301.0	10772.0	13043.0	14141.0	11783.0	5909.0	1154.0	42.0	1.0
	9.0	10.0	11.0	12.0	13.0	14.0	15.0	16.0	17.0	18.0	19.0	20.0	21.0	22.0	23.0	24.0	25.0	26.0	27.0	28.0	29.0	30.0	31.0	32.0	33.0	34.0	35.0	36.0
401974_16S_KN48L_CAAGCATG-GTCTAGTG_S21_L001_R2	1.0	7.0	296.0	1191.0	1619.0	1221.0	1017.0	1275.0	1630.0	1464.0	1483.0	1403.0	1634.0	1761.0	1975.0	2343.0	2890.0	3563.0	4773.0	6233.0	8472.0	10930.0	13961.0	15170.0	12951.0	7228.0	1544.0	76.0
	10.0	11.0	12.0	13.0	14.0	15.0	16.0	17.0	18.0	19.0	20.0	21.0	22.0	23.0	24.0	25.0	26.0	27.0	28.0	29.0	30.0	31.0	32.0	33.0	34.0	35.0	36.0
401975_16S_KN48L_CAAGCATG-CTAGTATG_S22_L001_R2	17.0	224.0	1068.0	1531.0	1206.0	895.0	984.0	1361.0	1570.0	1393.0	1472.0	1590.0	1823.0	2026.0	2388.0	2920.0	3593.0	4556.0	6129.0	7955.0	10310.0	12853.0	13775.0	11472.0	5924.0	1240.0	37.0
	10.0	11.0	12.0	13.0	14.0	15.0	16.0	17.0	18.0	19.0	20.0	21.0	22.0	23.0	24.0	25.0	26.0	27.0	28.0	29.0	30.0	31.0	32.0	33.0	34.0	35.0	36.0
401976_16S_KN48L_CAAGCATG-GATAGCGT_S23_L001_R2	19.0	405.0	1758.0	2532.0	1860.0	1348.0	1599.0	1986.0	1718.0	1627.0	1659.0	1726.0	1900.0	2161.0	2603.0	3198.0	3918.0	4825.0	6402.0	8424.0	10727.0	13237.0	13650.0	11346.0	5806.0	1348.0	47.0
	10.0	11.0	12.0	13.0	14.0	15.0	16.0	17.0	18.0	19.0	20.0	21.0	22.0	23.0	24.0	25.0	26.0	27.0	28.0	29.0	30.0	31.0	32.0	33.0	34.0	35.0	36.0
401977_16S_KN48L_CAAGCATG-TCTACACT_S24_L001_R2	10.0	176.0	703.0	1061.0	958.0	789.0	888.0	1346.0	1221.0	1168.0	1328.0	1327.0	1563.0	1785.0	2052.0	2409.0	2938.0	3774.0	4958.0	6397.0	8368.0	9960.0	9930.0	7533.0	3494.0	689.0	21.0
	9.0	10.0	11.0	12.0	13.0	14.0	15.0	16.0	17.0	18.0	19.0	20.0	21.0	22.0	23.0	24.0	25.0	26.0	27.0	28.0	29.0	30.0	31.0	32.0	33.0	34.0	35.0	36.0
401978_16S_KN48L_CCTGAACT-AAGCAGCA_S25_L001_R2	3.0	26.0	381.0	2289.0	4324.0	3351.0	2077.0	1903.0	2814.0	2452.0	1996.0	1778.0	1910.0	2190.0	2379.0	2774.0	3488.0	4349.0	5576.0	7416.0	9929.0	13227.0	16087.0	18360.0	16039.0	8930.0	1989.0	61.0
	9.0	10.0	11.0	12.0	13.0	14.0	15.0	16.0	17.0	18.0	19.0	20.0	21.0	22.0	23.0	24.0	25.0	26.0	27.0	28.0	29.0	30.0	31.0	32.0	33.0	34.0	35.0	36.0
401979_16S_KN48L_CCTGAACT-ACGCGTGA_S26_L001_R2	2.0	28.0	455.0	2798.0	6218.0	4462.0	3062.0	4033.0	3106.0	2336.0	2086.0	2128.0	2273.0	2505.0	2866.0	3402.0	4117.0	5210.0	6802.0	8832.0	11550.0	14879.0	17953.0	19130.0	16266.0	8315.0	1694.0	63.0
	10.0	11.0	12.0	13.0	14.0	15.0	16.0	17.0	18.0	19.0	20.0	21.0	22.0	23.0	24.0	25.0	26.0	27.0	28.0	29.0	30.0	31.0	32.0	33.0	34.0	35.0	36.0
401980_16S_KN48L_CCTGAACT-CGATCTAC_S27_L001_R2	15.0	393.0	2151.0	3828.0	3015.0	1859.0	1310.0	1496.0	1718.0	1445.0	1329.0	1356.0	1529.0	1714.0	1930.0	2291.0	2718.0	3569.0	4671.0	6007.0	7864.0	9904.0	11356.0	10356.0	6318.0	1657.0	64.0
	10.0	11.0	12.0	13.0	14.0	15.0	16.0	17.0	18.0	19.0	20.0	21.0	22.0	23.0	24.0	25.0	26.0	27.0	28.0	29.0	30.0	31.0	32.0	33.0	34.0	35.0	36.0
401981_16S_KN48L_CCTGAACT-ACGACGTG_S28_L001_R2	16.0	260.0	1315.0	2400.0	1957.0	1371.0	1523.0	1196.0	1046.0	1070.0	1083.0	1099.0	1357.0	1495.0	1793.0	2151.0	2670.0	3314.0	4434.0	5982.0	7481.0	9221.0	9921.0	8448.0	4412.0	869.0	22.0
	10.0	11.0	12.0	13.0	14.0	15.0	16.0	17.0	18.0	19.0	20.0	21.0	22.0	23.0	24.0	25.0	26.0	27.0	28.0	29.0	30.0	31.0	32.0	33.0	34.0	35.0	36.0
401982_16S_KN48L_CCTGAACT-GTCTAGTG_S29_L001_R2	6.0	248.0	1483.0	2741.0	2276.0	1553.0	1708.0	2049.0	1776.0	1639.0	1864.0	1969.0	2332.0	2569.0	3103.0	3688.0	4688.0	6195.0	8366.0	11590.0	14693.0	18185.0	19797.0	17051.0	9416.0	1994.0	59.0
	10.0	11.0	12.0	13.0	14.0	15.0	16.0	17.0	18.0	19.0	20.0	21.0	22.0	23.0	24.0	25.0	26.0	27.0	28.0	29.0	30.0	31.0	32.0	33.0	34.0	35.0	36.0
401983_16S_KN48L_CCTGAACT-CTAGTATG_S30_L001_R2	18.0	346.0	1954.0	3794.0	3154.0	1812.0	1469.0	1593.0	1933.0	1604.0	1556.0	1728.0	1868.0	2192.0	2437.0	2996.0	3650.0	4841.0	6209.0	8082.0	10376.0	12441.0	13405.0	11390.0	6296.0	1249.0	30.0
	9.0	10.0	11.0	12.0	13.0	14.0	15.0	16.0	17.0	18.0	19.0	20.0	21.0	22.0	23.0	24.0	25.0	26.0	27.0	28.0	29.0	30.0	31.0	32.0	33.0	34.0	35.0	36.0
401984_16S_KN48L_CCTGAACT-GATAGCGT_S31_L001_R2	1.0	20.0	267.0	1525.0	2979.0	2424.0	1726.0	1770.0	2012.0	1799.0	1761.0	1827.0	2037.0	2317.0	2653.0	3038.0	3775.0	4880.0	6184.0	8124.0	11188.0	14135.0	17324.0	18653.0	16026.0	8715.0	1822.0	56.0
	9.0	10.0	11.0	12.0	13.0	14.0	15.0	16.0	17.0	18.0	19.0	20.0	21.0	22.0	23.0	24.0	25.0	26.0	27.0	28.0	29.0	30.0	31.0	32.0	33.0	34.0	35.0	36.0
401985_16S_KN48L_CCTGAACT-TCTACACT_S32_L001_R2	1.0	19.0	421.0	2188.0	3880.0	3135.0	2074.0	1930.0	2612.0	2390.0	2025.0	2051.0	2191.0	2413.0	2804.0	3143.0	3849.0	4812.0	6042.0	7952.0	10174.0	12625.0	14790.0	15455.0	12632.0	6345.0	1331.0	45.0
	10.0	11.0	12.0	13.0	14.0	15.0	16.0	17.0	18.0	19.0	20.0	21.0	22.0	23.0	24.0	25.0	26.0	27.0	28.0	29.0	30.0	31.0	32.0	33.0	34.0	35.0	36.0
401986_16S_KN48L_CTTCGGCA-AAGCAGCA_S33_L001_R2	9.0	170.0	844.0	1492.0	1182.0	889.0	908.0	1238.0	1224.0	1169.0	1180.0	1348.0	1483.0	1737.0	1991.0	2418.0	3149.0	4115.0	5528.0	7008.0	9145.0	11553.0	12409.0	10337.0	5114.0	1072.0	32.0
	10.0	11.0	12.0	13.0	14.0	15.0	16.0	17.0	18.0	19.0	20.0	21.0	22.0	23.0	24.0	25.0	26.0	27.0	28.0	29.0	30.0	31.0	32.0	33.0	34.0	35.0	36.0
401987_16S_KN48L_CTTCGGCA-ACGCGTGA_S34_L001_R2	16.0	248.0	1470.0	2518.0	1930.0	1326.0	1508.0	1368.0	1151.0	1190.0	1134.0	1276.0	1461.0	1540.0	1959.0	2327.0	2861.0	3744.0	4942.0	6551.0	7890.0	9271.0	9334.0	7048.0	3154.0	580.0	16.0
	10.0	11.0	12.0	13.0	14.0	15.0	16.0	17.0	18.0	19.0	20.0	21.0	22.0	23.0	24.0	25.0	26.0	27.0	28.0	29.0	30.0	31.0	32.0	33.0	34.0	35.0	36.0
401988_16S_KN48L_CTTCGGCA-CGATCTAC_S35_L001_R2	8.0	198.0	1003.0	1606.0	1287.0	833.0	798.0	911.0	1211.0	1113.0	1026.0	1091.0	1227.0	1491.0	1671.0	2073.0	2556.0	3206.0	4286.0	5709.0	7126.0	8510.0	9013.0	7345.0	3715.0	694.0	19.0
	10.0	11.0	12.0	13.0	14.0	15.0	16.0	17.0	18.0	19.0	20.0	21.0	22.0	23.0	24.0	25.0	26.0	27.0	28.0	29.0	30.0	31.0	32.0	33.0	34.0	35.0	36.0
401989_16S_KN48L_CTTCGGCA-ACGACGTG_S36_L001_R2	7.0	282.0	1407.0	2385.0	1695.0	1323.0	1522.0	1199.0	1040.0	906.0	968.0	1028.0	1149.0	1383.0	1647.0	1899.0	2388.0	3109.0	3953.0	5091.0	6601.0	7446.0	7384.0	5356.0	1999.0	329.0	6.0
	10.0	11.0	12.0	13.0	14.0	15.0	16.0	17.0	18.0	19.0	20.0	21.0	22.0	23.0	24.0	25.0	26.0	27.0	28.0	29.0	30.0	31.0	32.0	33.0	34.0	35.0	36.0
401990_16S_KN48L_CTTCGGCA-GTCTAGTG_S37_L001_R2	13.0	384.0	1775.0	3049.0	2272.0	1566.0	1495.0	1744.0	1498.0	1495.0	1575.0	1652.0	1716.0	1923.0	2383.0	2764.0	3641.0	4676.0	6033.0	8167.0	10599.0	12379.0	13166.0	10551.0	5039.0	907.0	31.0
	9.0	10.0	11.0	12.0	13.0	14.0	15.0	16.0	17.0	18.0	19.0	20.0	21.0	22.0	23.0	24.0	25.0	26.0	27.0	28.0	29.0	30.0	31.0	32.0	33.0	34.0	35.0	36.0
401991_16S_KN48L_CTTCGGCA-CTAGTATG_S38_L001_R2	2.0	21.0	557.0	2876.0	5415.0	3816.0	2125.0	1731.0	2394.0	3112.0	1974.0	1690.0	1622.0	1691.0	1979.0	2177.0	2615.0	3221.0	3981.0	5107.0	6665.0	8161.0	9568.0	9797.0	7892.0	4002.0	771.0	23.0
	10.0	11.0	12.0	13.0	14.0	15.0	16.0	17.0	18.0	19.0	20.0	21.0	22.0	23.0	24.0	25.0	26.0	27.0	28.0	29.0	30.0	31.0	32.0	33.0	34.0	35.0	36.0
401992_16S_KN48L_CTTCGGCA-GATAGCGT_S39_L001_R2	37.0	566.0	2752.0	4556.0	3326.0	2246.0	2624.0	3127.0	2496.0	2165.0	2170.0	2300.0	2460.0	2777.0	3258.0	3837.0	4871.0	6336.0	8107.0	10610.0	13118.0	15978.0	16188.0	11925.0	5360.0	942.0	23.0
	9.0	10.0	11.0	12.0	13.0	14.0	15.0	16.0	17.0	18.0	19.0	20.0	21.0	22.0	23.0	24.0	25.0	26.0	27.0	28.0	29.0	30.0	31.0	32.0	33.0	34.0	35.0	36.0
401993_16S_KN48L_CTTCGGCA-TCTACACT_S40_L001_R2	5.0	53.0	314.0	3902.0	9849.0	5489.0	3597.0	4639.0	9932.0	5111.0	1715.0	1045.0	931.0	968.0	1072.0	1172.0	1431.0	1843.0	2219.0	2907.0	3544.0	4538.0	5202.0	5077.0	3440.0	1358.0	240.0	10.0
	10.0	11.0	12.0	13.0	14.0	15.0	16.0	17.0	18.0	19.0	20.0	21.0	22.0	23.0	24.0	25.0	26.0	27.0	28.0	29.0	30.0	31.0	32.0	33.0	34.0	35.0	36.0
401994_16S_KN48L_ACGGGACA-AAGCAGCA_S41_L001_R2	12.0	240.0	1183.0	2116.0	1724.0	1181.0	1211.0	1822.0	1669.0	1430.0	1457.0	1506.0	1678.0	1874.0	2178.0	2698.0	3307.0	4355.0	5824.0	7791.0	10243.0	12914.0	13958.0	11107.0	5420.0	1133.0	39.0
	9.0	10.0	11.0	12.0	13.0	14.0	15.0	16.0	17.0	18.0	19.0	20.0	21.0	22.0	23.0	24.0	25.0	26.0	27.0	28.0	29.0	30.0	31.0	32.0	33.0	34.0	35.0	36.0
401995_16S_KN48L_ACGGGACA-ACGCGTGA_S42_L001_R2	3.0	32.0	459.0	2910.0	6834.0	4567.0	3148.0	5712.0	3686.0	1739.0	1309.0	1250.0	1195.0	1284.0	1487.0	1668.0	2112.0	2532.0	3263.0	4254.0	5485.0	6986.0	8408.0	8497.0	6485.0	2874.0	506.0	25.0
	10.0	11.0	12.0	13.0	14.0	15.0	16.0	17.0	18.0	19.0	20.0	21.0	22.0	23.0	24.0	25.0	26.0	27.0	28.0	29.0	30.0	31.0	32.0	33.0	34.0	35.0	36.0
401996_16S_KN48L_ACGGGACA-CGATCTAC_S43_L001_R2	20.0	452.0	2586.0	4398.0	3412.0	2014.0	1428.0	1595.0	1955.0	1363.0	1228.0	1239.0	1291.0	1364.0	1560.0	1782.0	2160.0	2556.0	3412.0	4429.0	5732.0	6964.0	7681.0	6661.0	3671.0	848.0	33.0
	10.0	11.0	12.0	13.0	14.0	15.0	16.0	17.0	18.0	19.0	20.0	21.0	22.0	23.0	24.0	25.0	26.0	27.0	28.0	29.0	30.0	31.0	32.0	33.0	34.0	35.0	36.0
401997_16S_KN48L_ACGGGACA-ACGACGTG_S44_L001_R2	29.0	317.0	2287.0	6303.0	4251.0	3408.0	5915.0	3348.0	1560.0	1076.0	1002.0	1074.0	1063.0	1241.0	1353.0	1627.0	2086.0	2630.0	3437.0	4550.0	5740.0	6757.0	7032.0	5612.0	2623.0	466.0	13.0
	9.0	10.0	11.0	12.0	13.0	14.0	15.0	16.0	17.0	18.0	19.0	20.0	21.0	22.0	23.0	24.0	25.0	26.0	27.0	28.0	29.0	30.0	31.0	32.0	33.0	34.0	35.0	36.0
401998_16S_KN48L_ACGGGACA-GTCTAGTG_S45_L001_R2	1.0	60.0	537.0	3637.0	10031.0	6929.0	4277.0	7793.0	10261.0	3851.0	2190.0	1878.0	1865.0	2019.0	2232.0	2645.0	3228.0	3941.0	5461.0	6949.0	9551.0	12726.0	15917.0	16683.0	12719.0	5860.0	1133.0	40.0
	9.0	10.0	11.0	12.0	13.0	14.0	15.0	16.0	17.0	18.0	19.0	20.0	21.0	22.0	23.0	24.0	25.0	26.0	27.0	28.0	29.0	30.0	31.0	32.0	33.0	34.0	35.0	36.0	37.0
401999_16S_KN48L_ACGGGACA-CTAGTATG_S46_L001_R2	3.0	24.0	516.0	2540.0	4716.0	3466.0	2039.0	1627.0	2455.0	3029.0	1961.0	1731.0	1746.0	1872.0	2014.0	2349.0	2828.0	3495.0	4360.0	5668.0	7628.0	9602.0	12083.0	12769.0	10193.0	4959.0	1036.0	38.0	1.0
	10.0	11.0	12.0	13.0	14.0	15.0	16.0	17.0	18.0	19.0	20.0	21.0	22.0	23.0	24.0	25.0	26.0	27.0	28.0	29.0	30.0	31.0	32.0	33.0	34.0	35.0	36.0	37.0
402000_16S_KN48L_ACGGGACA-GATAGCGT_S47_L001_R2	47.0	867.0	4395.0	8563.0	6393.0	4034.0	5819.0	7478.0	4012.0	2978.0	2682.0	2672.0	2821.0	3177.0	3521.0	4260.0	5220.0	6627.0	8562.0	11485.0	14480.0	17581.0	18153.0	14496.0	7380.0	1560.0	52.0	1.0
	9.0	10.0	11.0	12.0	13.0	14.0	15.0	16.0	17.0	18.0	19.0	20.0	21.0	22.0	23.0	24.0	25.0	26.0	27.0	28.0	29.0	30.0	31.0	32.0	33.0	34.0	35.0	36.0
402001_16S_KN48L_ACGGGACA-TCTACACT_S48_L001_R2	2.0	42.0	514.0	3494.0	8330.0	5502.0	3391.0	4457.0	9081.0	5274.0	2428.0	1852.0	1859.0	1885.0	2072.0	2446.0	2872.0	3545.0	4680.0	6112.0	7963.0	10301.0	12020.0	11751.0	8906.0	3883.0	739.0	29.0
	9.0	10.0	11.0	12.0	13.0	14.0	15.0	16.0	17.0	18.0	19.0	20.0	21.0	22.0	23.0	24.0	25.0	26.0	27.0	28.0	29.0	30.0	31.0	32.0	33.0	34.0	35.0	36.0	37.0
402002_16S_KN48L_GTCATATC-AAGCAGCA_S49_L001_R2	2.0	23.0	313.0	1389.0	2055.0	1505.0	1118.0	1150.0	1774.0	1846.0	1534.0	1463.0	1517.0	1788.0	1847.0	2138.0	2693.0	3264.0	4261.0	5837.0	7888.0	10817.0	13896.0	15389.0	13278.0	7154.0	1504.0	62.0	2.0
	9.0	10.0	11.0	12.0	13.0	14.0	15.0	16.0	17.0	18.0	19.0	20.0	21.0	22.0	23.0	24.0	25.0	26.0	27.0	28.0	29.0	30.0	31.0	32.0	33.0	34.0	35.0	36.0
402003_16S_KN48L_GTCATATC-ACGCGTGA_S50_L001_R2	2.0	27.0	410.0	2556.0	5558.0	3683.0	2650.0	5010.0	3511.0	1657.0	1309.0	1191.0	1270.0	1406.0	1459.0	1633.0	2091.0	2491.0	3356.0	4431.0	5822.0	7667.0	9618.0	10371.0	8529.0	4079.0	785.0	21.0
	10.0	11.0	12.0	13.0	14.0	15.0	16.0	17.0	18.0	19.0	20.0	21.0	22.0	23.0	24.0	25.0	26.0	27.0	28.0	29.0	30.0	31.0	32.0	33.0	34.0	35.0	36.0	37.0
402004_16S_KN48L_GTCATATC-CGATCTAC_S51_L001_R2	35.0	567.0	2806.0	4575.0	3260.0	2041.0	1492.0	1809.0	2381.0	1628.0	1377.0	1383.0	1410.0	1480.0	1513.0	1824.0	2217.0	2744.0	3403.0	4366.0	5484.0	6830.0	7427.0	6603.0	3935.0	1012.0	56.0	1.0
	10.0	11.0	12.0	13.0	14.0	15.0	16.0	17.0	18.0	19.0	20.0	21.0	22.0	23.0	24.0	25.0	26.0	27.0	28.0	29.0	30.0	31.0	32.0	33.0	34.0	35.0	36.0
402005_16S_KN48L_GTCATATC-ACGACGTG_S52_L001_R2	16.0	359.0	1746.0	2929.0	2162.0	1600.0	2121.0	1590.0	1151.0	972.0	1027.0	1011.0	1058.0	1212.0	1382.0	1618.0	2003.0	2668.0	3458.0	4342.0	5621.0	6814.0	7171.0	5883.0	3106.0	667.0	27.0
	9.0	10.0	11.0	12.0	13.0	14.0	15.0	16.0	17.0	18.0	19.0	20.0	21.0	22.0	23.0	24.0	25.0	26.0	27.0	28.0	29.0	30.0	31.0	32.0	33.0	34.0	35.0	36.0
402006_16S_KN48L_GTCATATC-GTCTAGTG_S53_L001_R2	1.0	12.0	310.0	1476.0	2435.0	1796.0	1312.0	1325.0	1695.0	1447.0	1326.0	1405.0	1539.0	1695.0	1942.0	2214.0	2624.0	3327.0	4288.0	5697.0	7757.0	9979.0	12442.0	12983.0	11001.0	5670.0	1318.0	50.0
	10.0	11.0	12.0	13.0	14.0	15.0	16.0	17.0	18.0	19.0	20.0	21.0	22.0	23.0	24.0	25.0	26.0	27.0	28.0	29.0	30.0	31.0	32.0	33.0	34.0	35.0	36.0
402007_16S_KN48L_GTCATATC-CTAGTATG_S54_L001_R2	16.0	499.0	2529.0	4318.0	3070.0	1920.0	1485.0	1810.0	2379.0	1664.0	1515.0	1535.0	1580.0	1812.0	1916.0	2224.0	2631.0	3106.0	3984.0	4994.0	6371.0	7542.0	8027.0	6895.0	3745.0	925.0	45.0
	10.0	11.0	12.0	13.0	14.0	15.0	16.0	17.0	18.0	19.0	20.0	21.0	22.0	23.0	24.0	25.0	26.0	27.0	28.0	29.0	30.0	31.0	32.0	33.0	34.0	35.0	36.0
402008_16S_KN48L_GTCATATC-GATAGCGT_S55_L001_R2	9.0	320.0	1782.0	2898.0	2261.0	1648.0	1915.0	2477.0	2013.0	2049.0	1995.0	2204.0	2446.0	2687.0	3106.0	3843.0	4665.0	6161.0	8074.0	10926.0	13976.0	17644.0	19175.0	16722.0	9210.0	2382.0	94.0
	9.0	10.0	11.0	12.0	13.0	14.0	15.0	16.0	17.0	18.0	19.0	20.0	21.0	22.0	23.0	24.0	25.0	26.0	27.0	28.0	29.0	30.0	31.0	32.0	33.0	34.0	35.0	36.0
402009_16S_KN48L_GTCATATC-TCTACACT_S56_L001_R2	3.0	28.0	562.0	2840.0	4786.0	3529.0	2331.0	2369.0	3783.0	2961.0	2099.0	1885.0	1990.0	2141.0	2351.0	2640.0	3107.0	3779.0	4756.0	6049.0	7611.0	9604.0	11526.0	11916.0	9850.0	5055.0	1098.0	43.0
	10.0	11.0	12.0	13.0	14.0	15.0	16.0	17.0	18.0	19.0	20.0	21.0	22.0	23.0	24.0	25.0	26.0	27.0	28.0	29.0	30.0	31.0	32.0	33.0	34.0	35.0	36.0
402010_16S_KN48L_GGAAACCA-AAGCAGCA_S57_L001_R2	9.0	224.0	889.0	1582.0	1326.0	1072.0	1052.0	1630.0	1598.0	1470.0	1429.0	1542.0	1784.0	1949.0	2319.0	2862.0	3653.0	4717.0	6324.0	8442.0	11162.0	13717.0	14869.0	12331.0	6628.0	1633.0	63.0
	10.0	11.0	12.0	13.0	14.0	15.0	16.0	17.0	18.0	19.0	20.0	21.0	22.0	23.0	24.0	25.0	26.0	27.0	28.0	29.0	30.0	31.0	32.0	33.0	34.0	35.0	36.0	37.0
402011_16S_KN48L_GGAAACCA-ACGCGTGA_S58_L001_R2	26.0	282.0	1350.0	2254.0	1876.0	1561.0	2011.0	2036.0	1838.0	1804.0	1913.0	2129.0	2404.0	2812.0	3546.0	4226.0	5275.0	6908.0	9220.0	12214.0	15508.0	18649.0	19435.0	15488.0	7638.0	1603.0	65.0	1.0
	10.0	11.0	12.0	13.0	14.0	15.0	16.0	17.0	18.0	19.0	20.0	21.0	22.0	23.0	24.0	25.0	26.0	27.0	28.0	29.0	30.0	31.0	32.0	33.0	34.0	35.0	36.0
402012_16S_KN48L_GGAAACCA-CGATCTAC_S59_L001_R2	38.0	668.0	2880.0	5026.0	3894.0	2280.0	1790.0	2588.0	3728.0	2400.0	1881.0	1874.0	1931.0	2108.0	2400.0	2850.0	3277.0	4219.0	5634.0	7268.0	9471.0	11803.0	12343.0	10454.0	5752.0	1430.0	81.0
	9.0	10.0	11.0	12.0	13.0	14.0	15.0	16.0	17.0	18.0	19.0	20.0	21.0	22.0	23.0	24.0	25.0	26.0	27.0	28.0	29.0	30.0	31.0	32.0	33.0	34.0	35.0	36.0
402013_16S_KN48L_GGAAACCA-ACGACGTG_S60_L001_R2	2.0	36.0	480.0	2889.0	8331.0	6455.0	6019.0	11950.0	6997.0	2838.0	1881.0	1612.0	1581.0	1724.0	1932.0	2176.0	2582.0	3297.0	4262.0	5712.0	7361.0	9610.0	11460.0	12045.0	9431.0	4769.0	941.0	30.0
	10.0	11.0	12.0	13.0	14.0	15.0	16.0	17.0	18.0	19.0	20.0	21.0	22.0	23.0	24.0	25.0	26.0	27.0	28.0	29.0	30.0	31.0	32.0	33.0	34.0	35.0	36.0
402014_16S_KN48L_GGAAACCA-GTCTAGTG_S61_L001_R2	23.0	441.0	2090.0	3820.0	3209.0	2120.0	2375.0	2989.0	2187.0	1989.0	1932.0	2076.0	2352.0	2661.0	2937.0	3640.0	4490.0	6009.0	7823.0	10592.0	13645.0	16671.0	17690.0	15137.0	7893.0	1815.0	79.0
	10.0	11.0	12.0	13.0	14.0	15.0	16.0	17.0	18.0	19.0	20.0	21.0	22.0	23.0	24.0	25.0	26.0	27.0	28.0	29.0	30.0	31.0	32.0	33.0	34.0	35.0	36.0
402015_16S_KN48L_GGAAACCA-CTAGTATG_S62_L001_R2	32.0	519.0	2785.0	5821.0	4676.0	2594.0	1969.0	2373.0	3179.0	2291.0	1985.0	1994.0	2133.0	2317.0	2603.0	3071.0	3688.0	4641.0	5929.0	7620.0	9353.0	11146.0	11512.0	9465.0	4694.0	973.0	41.0
	10.0	11.0	12.0	13.0	14.0	15.0	16.0	17.0	18.0	19.0	20.0	21.0	22.0	23.0	24.0	25.0	26.0	27.0	28.0	29.0	30.0	31.0	32.0	33.0	34.0	35.0	36.0
402016_16S_KN48L_GGAAACCA-GATAGCGT_S63_L001_R2	20.0	587.0	2680.0	4645.0	3872.0	2531.0	2521.0	2948.0	2179.0	2009.0	1947.0	1996.0	2120.0	2268.0	2598.0	3221.0	3734.0	4861.0	6231.0	8191.0	10010.0	12024.0	12672.0	10120.0	5195.0	1211.0	56.0
	9.0	10.0	11.0	12.0	13.0	14.0	15.0	16.0	17.0	18.0	19.0	20.0	21.0	22.0	23.0	24.0	25.0	26.0	27.0	28.0	29.0	30.0	31.0	32.0	33.0	34.0	35.0	36.0
402017_16S_KN48L_GGAAACCA-TCTACACT_S64_L001_R2	2.0	32.0	569.0	3182.0	7070.0	5424.0	3452.0	4145.0	7736.0	5487.0	3274.0	2839.0	2890.0	3145.0	3561.0	3986.0	4915.0	6049.0	7683.0	9729.0	12814.0	15616.0	17934.0	18119.0	14406.0	7253.0	1554.0	59.0
	9.0	10.0	11.0	12.0	13.0	14.0	15.0	16.0	17.0	18.0	19.0	20.0	21.0	22.0	23.0	24.0	25.0	26.0	27.0	28.0	29.0	30.0	31.0	32.0	33.0	34.0	35.0	36.0
402018_16S_KN48L_TTGCGCAT-AAGCAGCA_S65_L001_R2	1.0	6.0	95.0	487.0	848.0	693.0	558.0	613.0	948.0	911.0	823.0	865.0	889.0	1060.0	1151.0	1376.0	1786.0	2264.0	2892.0	3783.0	4838.0	6390.0	7532.0	7662.0	6029.0	2790.0	501.0	19.0
	10.0	11.0	12.0	13.0	14.0	15.0	16.0	17.0	18.0	19.0	20.0	21.0	22.0	23.0	24.0	25.0	26.0	27.0	28.0	29.0	30.0	31.0	32.0	33.0	34.0	35.0	36.0	37.0
402019_16S_KN48L_TTGCGCAT-ACGCGTGA_S66_L001_R2	6.0	145.0	693.0	1112.0	928.0	787.0	1111.0	1093.0	1100.0	1049.0	1134.0	1285.0	1501.0	1780.0	2048.0	2678.0	3401.0	4166.0	5691.0	7194.0	9035.0	10200.0	9988.0	6874.0	2756.0	433.0	10.0	1.0
	10.0	11.0	12.0	13.0	14.0	15.0	16.0	17.0	18.0	19.0	20.0	21.0	22.0	23.0	24.0	25.0	26.0	27.0	28.0	29.0	30.0	31.0	32.0	33.0	34.0	35.0	36.0
402020_16S_KN48L_TTGCGCAT-CGATCTAC_S67_L001_R2	4.0	100.0	497.0	835.0	610.0	509.0	475.0	632.0	759.0	729.0	722.0	762.0	879.0	1045.0	1165.0	1552.0	1768.0	2353.0	3171.0	4146.0	5132.0	5856.0	6092.0	4642.0	2296.0	454.0	22.0
	9.0	10.0	11.0	12.0	13.0	14.0	15.0	16.0	17.0	18.0	19.0	20.0	21.0	22.0	23.0	24.0	25.0	26.0	27.0	28.0	29.0	30.0	31.0	32.0	33.0	34.0	35.0	36.0
402021_16S_KN48L_TTGCGCAT-ACGACGTG_S68_L001_R2	1.0	19.0	379.0	1668.0	2276.0	1630.0	1197.0	1444.0	1380.0	1213.0	1197.0	1211.0	1358.0	1539.0	1690.0	2034.0	2455.0	3091.0	3898.0	5020.0	6412.0	8047.0	8806.0	8555.0	5886.0	2177.0	356.0	10.0
	10.0	11.0	12.0	13.0	14.0	15.0	16.0	17.0	18.0	19.0	20.0	21.0	22.0	23.0	24.0	25.0	26.0	27.0	28.0	29.0	30.0	31.0	32.0	33.0	34.0	35.0	36.0
402022_16S_KN48L_TTGCGCAT-GTCTAGTG_S69_L001_R2	9.0	142.0	676.0	1016.0	769.0	638.0	747.0	1015.0	929.0	903.0	915.0	990.0	1047.0	1303.0	1472.0	1947.0	2362.0	3095.0	4077.0	5482.0	6812.0	7697.0	7650.0	5347.0	2285.0	393.0	7.0
	10.0	11.0	12.0	13.0	14.0	15.0	16.0	17.0	18.0	19.0	20.0	21.0	22.0	23.0	24.0	25.0	26.0	27.0	28.0	29.0	30.0	31.0	32.0	33.0	34.0	35.0	36.0
402023_16S_KN48L_TTGCGCAT-CTAGTATG_S70_L001_R2	11.0	169.0	950.0	1395.0	1068.0	836.0	723.0	940.0	1095.0	1044.0	1065.0	1196.0	1283.0	1553.0	1836.0	2234.0	2808.0	3535.0	4611.0	5891.0	7240.0	8275.0	8252.0	5734.0	2485.0	411.0	12.0
	10.0	11.0	12.0	13.0	14.0	15.0	16.0	17.0	18.0	19.0	20.0	21.0	22.0	23.0	24.0	25.0	26.0	27.0	28.0	29.0	30.0	31.0	32.0	33.0	34.0	35.0	36.0
402024_16S_KN48L_TTGCGCAT-GATAGCGT_S71_L001_R2	25.0	471.0	2108.0	3064.0	2275.0	1554.0	1747.0	2079.0	1697.0	1635.0	1598.0	1721.0	1822.0	2067.0	2317.0	2824.0	3419.0	4431.0	5744.0	7294.0	8643.0	9650.0	8764.0	5893.0	2335.0	353.0	4.0
	10.0	11.0	12.0	13.0	14.0	15.0	16.0	17.0	18.0	19.0	20.0	21.0	22.0	23.0	24.0	25.0	26.0	27.0	28.0	29.0	30.0	31.0	32.0	33.0	34.0	35.0	36.0
402025_16S_KN48L_TTGCGCAT-TCTACACT_S72_L001_R2	31.0	568.0	2538.0	3510.0	2501.0	1771.0	2117.0	2972.0	2304.0	1970.0	1952.0	2069.0	2237.0	2530.0	2937.0	3587.0	4323.0	5443.0	6923.0	8417.0	9849.0	10031.0	8528.0	5044.0	1755.0	279.0	4.0
	10.0	11.0	12.0	13.0	14.0	15.0	16.0	17.0	18.0	19.0	20.0	21.0	22.0	23.0	24.0	25.0	26.0	27.0	28.0	29.0	30.0	31.0	32.0	33.0	34.0	35.0	36.0
402026_16S_KN48L_ACATTCAG-AAGCAGCA_S73_L001_R2	4.0	178.0	842.0	1335.0	1203.0	968.0	1005.0	1359.0	1418.0	1278.0	1216.0	1294.0	1536.0	1745.0	2120.0	2550.0	3236.0	4303.0	5555.0	7349.0	9667.0	11546.0	12334.0	10183.0	5311.0	1161.0	41.0
	9.0	10.0	11.0	12.0	13.0	14.0	15.0	16.0	17.0	18.0	19.0	20.0	21.0	22.0	23.0	24.0	25.0	26.0	27.0	28.0	29.0	30.0	31.0	32.0	33.0	34.0	35.0	36.0
402027_16S_KN48L_ACATTCAG-ACGCGTGA_S74_L001_R2	1.0	6.0	186.0	885.0	1673.0	1391.0	1097.0	1381.0	1247.0	1099.0	1067.0	1159.0	1159.0	1395.0	1616.0	1857.0	2297.0	2789.0	3707.0	4817.0	6444.0	8280.0	9878.0	10294.0	8119.0	3804.0	725.0	27.0
	10.0	11.0	12.0	13.0	14.0	15.0	16.0	17.0	18.0	19.0	20.0	21.0	22.0	23.0	24.0	25.0	26.0	27.0	28.0	29.0	30.0	31.0	32.0	33.0	34.0	35.0	36.0	37.0
402028_16S_KN48L_ACATTCAG-CGATCTAC_S75_L001_R2	32.0	417.0	2102.0	3655.0	2760.0	1694.0	1337.0	1636.0	2302.0	1713.0	1412.0	1395.0	1368.0	1539.0	1654.0	2060.0	2361.0	3003.0	3795.0	4867.0	6463.0	7953.0	8739.0	7589.0	4129.0	1039.0	50.0	1.0
	9.0	10.0	11.0	12.0	13.0	14.0	15.0	16.0	17.0	18.0	19.0	20.0	21.0	22.0	23.0	24.0	25.0	26.0	27.0	28.0	29.0	30.0	31.0	32.0	33.0	34.0	35.0	36.0
402029_16S_KN48L_ACATTCAG-ACGACGTG_S76_L001_R2	1.0	22.0	417.0	2223.0	4118.0	3203.0	2531.0	3815.0	2919.0	2100.0	1846.0	1862.0	2016.0	2145.0	2442.0	2766.0	3451.0	4379.0	5757.0	7394.0	10125.0	12978.0	15684.0	16225.0	12784.0	6013.0	1250.0	37.0
	10.0	11.0	12.0	13.0	14.0	15.0	16.0	17.0	18.0	19.0	20.0	21.0	22.0	23.0	24.0	25.0	26.0	27.0	28.0	29.0	30.0	31.0	32.0	33.0	34.0	35.0	36.0
402030_16S_KN48L_ACATTCAG-GTCTAGTG_S77_L001_R2	15.0	436.0	1764.0	3035.0	2371.0	1703.0	1970.0	2486.0	2214.0	1975.0	2086.0	2322.0	2508.0	2871.0	3399.0	4146.0	5262.0	6924.0	9156.0	12087.0	15705.0	18675.0	19344.0	14900.0	6755.0	1313.0	50.0
	10.0	11.0	12.0	13.0	14.0	15.0	16.0	17.0	18.0	19.0	20.0	21.0	22.0	23.0	24.0	25.0	26.0	27.0	28.0	29.0	30.0	31.0	32.0	33.0	34.0	35.0	36.0
402031_16S_KN48L_ACATTCAG-CTAGTATG_S78_L001_R2	19.0	289.0	1307.0	2311.0	1790.0	1231.0	1133.0	1607.0	2007.0	1589.0	1559.0	1606.0	1756.0	2134.0	2363.0	2925.0	3696.0	4701.0	6090.0	7996.0	10217.0	12349.0	11910.0	8464.0	3544.0	617.0	21.0
	10.0	11.0	12.0	13.0	14.0	15.0	16.0	17.0	18.0	19.0	20.0	21.0	22.0	23.0	24.0	25.0	26.0	27.0	28.0	29.0	30.0	31.0	32.0	33.0	34.0	35.0	36.0
402032_16S_KN48L_ACATTCAG-GATAGCGT_S79_L001_R2	37.0	596.0	2940.0	5499.0	4051.0	2726.0	2848.0	3319.0	2590.0	2425.0	2557.0	2690.0	3005.0	3228.0	3823.0	4583.0	5799.0	7329.0	9828.0	12578.0	15725.0	18183.0	19236.0	15524.0	7577.0	1505.0	58.0
	10.0	11.0	12.0	13.0	14.0	15.0	16.0	17.0	18.0	19.0	20.0	21.0	22.0	23.0	24.0	25.0	26.0	27.0	28.0	29.0	30.0	31.0	32.0	33.0	34.0	35.0	36.0
402033_16S_KN48L_ACATTCAG-TCTACACT_S80_L001_R2	22.0	435.0	2326.0	4144.0	3223.0	2077.0	1911.0	2657.0	2226.0	1940.0	1935.0	2152.0	2264.0	2502.0	2941.0	3459.0	4461.0	5685.0	7080.0	8818.0	10587.0	11882.0	11688.0	9023.0	4304.0	844.0	19.0
	9.0	10.0	11.0	12.0	13.0	14.0	15.0	16.0	17.0	18.0	19.0	20.0	21.0	22.0	23.0	24.0	25.0	26.0	27.0	28.0	29.0	30.0	31.0	32.0	33.0	34.0	35.0	36.0
402034_16S_KN48L_ACTGACAG-AAGCAGCA_S81_L001_R2	2.0	22.0	422.0	1593.0	2489.0	1641.0	1211.0	1420.0	2319.0	2016.0	1543.0	1441.0	1608.0	1632.0	1832.0	2175.0	2731.0	3341.0	4323.0	5639.0	7724.0	10294.0	13253.0	14873.0	13328.0	7754.0	1891.0	81.0
	9.0	10.0	11.0	12.0	13.0	14.0	15.0	16.0	17.0	18.0	19.0	20.0	21.0	22.0	23.0	24.0	25.0	26.0	27.0	28.0	29.0	30.0	31.0	32.0	33.0	34.0	35.0	36.0
402035_16S_KN48L_ACTGACAG-ACGCGTGA_S82_L001_R2	1.0	37.0	582.0	2857.0	5425.0	3164.0	2736.0	5827.0	4009.0	1652.0	1192.0	1110.0	1119.0	1128.0	1245.0	1395.0	1750.0	2169.0	2672.0	3606.0	4711.0	6446.0	8071.0	9056.0	7508.0	3762.0	776.0	30.0
	10.0	11.0	12.0	13.0	14.0	15.0	16.0	17.0	18.0	19.0	20.0	21.0	22.0	23.0	24.0	25.0	26.0	27.0	28.0	29.0	30.0	31.0	32.0	33.0	34.0	35.0	36.0
402036_16S_KN48L_ACTGACAG-CGATCTAC_S83_L001_R2	29.0	498.0	1743.0	2442.0	1648.0	1104.0	1051.0	1235.0	1636.0	1276.0	1193.0	1345.0	1336.0	1520.0	1664.0	2104.0	2519.0	3203.0	4106.0	5528.0	7312.0	9385.0	10764.0	10005.0	6114.0	1618.0	99.0
	9.0	10.0	11.0	12.0	13.0	14.0	15.0	16.0	17.0	18.0	19.0	20.0	21.0	22.0	23.0	24.0	25.0	26.0	27.0	28.0	29.0	30.0	31.0	32.0	33.0	34.0	35.0	36.0
402037_16S_KN48L_ACTGACAG-ACGACGTG_S84_L001_R2	1.0	39.0	609.0	2495.0	3714.0	2405.0	2182.0	3846.0	2636.0	1662.0	1530.0	1379.0	1476.0	1680.0	1788.0	2051.0	2438.0	3077.0	3829.0	5118.0	6718.0	9024.0	11459.0	12808.0	10870.0	5605.0	1266.0	63.0
	10.0	11.0	12.0	13.0	14.0	15.0	16.0	17.0	18.0	19.0	20.0	21.0	22.0	23.0	24.0	25.0	26.0	27.0	28.0	29.0	30.0	31.0	32.0	33.0	34.0	35.0	36.0
402038_16S_KN48L_ACTGACAG-GTCTAGTG_S85_L001_R2	17.0	362.0	1369.0	1834.0	1295.0	1016.0	1146.0	1436.0	1329.0	1348.0	1356.0	1432.0	1688.0	1784.0	2257.0	2610.0	3400.0	4438.0	5872.0	7956.0	10439.0	13252.0	14682.0	12533.0	6737.0	1428.0	56.0
	9.0	10.0	11.0	12.0	13.0	14.0	15.0	16.0	17.0	18.0	19.0	20.0	21.0	22.0	23.0	24.0	25.0	26.0	27.0	28.0	29.0	30.0	31.0	32.0	33.0	34.0	35.0	36.0
402039_16S_KN48L_ACTGACAG-CTAGTATG_S86_L001_R2	1.0	21.0	473.0	1783.0	2645.0	1814.0	1237.0	1136.0	1528.0	2046.0	1480.0	1282.0	1360.0	1464.0	1562.0	1773.0	2249.0	2740.0	3485.0	4621.0	6026.0	7946.0	10093.0	11351.0	9924.0	5185.0	1168.0	44.0
	10.0	11.0	12.0	13.0	14.0	15.0	16.0	17.0	18.0	19.0	20.0	21.0	22.0	23.0	24.0	25.0	26.0	27.0	28.0	29.0	30.0	31.0	32.0	33.0	34.0	35.0	36.0
402040_16S_KN48L_ACTGACAG-GATAGCGT_S87_L001_R2	29.0	431.0	1689.0	2405.0	1710.0	1243.0	1557.0	2036.0	1511.0	1358.0	1390.0	1426.0	1548.0	1814.0	2039.0	2511.0	3155.0	4154.0	5309.0	7310.0	9437.0	11421.0	12238.0	10004.0	5105.0	1108.0	41.0
	9.0	10.0	11.0	12.0	13.0	14.0	15.0	16.0	17.0	18.0	19.0	20.0	21.0	22.0	23.0	24.0	25.0	26.0	27.0	28.0	29.0	30.0	31.0	32.0	33.0	34.0	35.0	36.0
402041_16S_KN48L_ACTGACAG-TCTACACT_S88_L001_R2	2.0	50.0	780.0	3538.0	5417.0	3434.0	2496.0	3260.0	6578.0	4298.0	2229.0	1773.0	1809.0	1894.0	2137.0	2446.0	2784.0	3541.0	4614.0	6009.0	7775.0	10207.0	12282.0	13340.0	10458.0	5025.0	1019.0	34.0
	10.0	11.0	12.0	13.0	14.0	15.0	16.0	17.0	18.0	19.0	20.0	21.0	22.0	23.0	24.0	25.0	26.0	27.0	28.0	29.0	30.0	31.0	32.0	33.0	34.0	35.0	36.0
402042_16S_KN48L_CGAGAAGA-AAGCAGCA_S89_L001_R2	12.0	233.0	1333.0	2630.0	2390.0	1727.0	1689.0	2406.0	2353.0	1928.0	1877.0	2004.0	2104.0	2338.0	2980.0	3407.0	4541.0	5962.0	8212.0	10910.0	14407.0	17588.0	18825.0	15024.0	7677.0	1670.0	53.0
	9.0	10.0	11.0	12.0	13.0	14.0	15.0	16.0	17.0	18.0	19.0	20.0	21.0	22.0	23.0	24.0	25.0	26.0	27.0	28.0	29.0	30.0	31.0	32.0	33.0	34.0	35.0	36.0
402043_16S_KN48L_CGAGAAGA-ACGCGTGA_S90_L001_R2	2.0	33.0	351.0	2420.0	6260.0	4928.0	3579.0	6676.0	4782.0	2268.0	1709.0	1645.0	1676.0	1740.0	2053.0	2431.0	2957.0	3709.0	4824.0	6393.0	8590.0	11205.0	13720.0	14733.0	11209.0	5207.0	1030.0	33.0
	10.0	11.0	12.0	13.0	14.0	15.0	16.0	17.0	18.0	19.0	20.0	21.0	22.0	23.0	24.0	25.0	26.0	27.0	28.0	29.0	30.0	31.0	32.0	33.0	34.0	35.0	36.0
402044_16S_KN48L_CGAGAAGA-CGATCTAC_S91_L001_R2	30.0	514.0	2860.0	6165.0	5448.0	3309.0	2611.0	3473.0	5250.0	3288.0	2600.0	2596.0	2730.0	2940.0	3460.0	4023.0	5125.0	6280.0	8525.0	11368.0	14888.0	18562.0	20348.0	17755.0	9765.0	2420.0	118.0
	9.0	10.0	11.0	12.0	13.0	14.0	15.0	16.0	17.0	18.0	19.0	20.0	21.0	22.0	23.0	24.0	25.0	26.0	27.0	28.0	29.0	30.0	31.0	32.0	33.0	34.0	35.0	36.0
402045_16S_KN48L_CGAGAAGA-ACGACGTG_S92_L001_R2	3.0	39.0	442.0	2820.0	6478.0	4987.0	3978.0	6887.0	4542.0	2295.0	1821.0	1675.0	1631.0	1808.0	1936.0	2248.0	2715.0	3431.0	4506.0	5859.0	7965.0	10323.0	12841.0	13418.0	10968.0	5396.0	1132.0	56.0
	9.0	10.0	11.0	12.0	13.0	14.0	15.0	16.0	17.0	18.0	19.0	20.0	21.0	22.0	23.0	24.0	25.0	26.0	27.0	28.0	29.0	30.0	31.0	32.0	33.0	34.0	35.0	36.0
402046_16S_KN48L_CGAGAAGA-GTCTAGTG_S93_L001_R2	1.0	14.0	355.0	2061.0	4084.0	3596.0	2410.0	3047.0	4059.0	2785.0	2452.0	2293.0	2464.0	2739.0	3117.0	3788.0	4395.0	5578.0	7598.0	9942.0	13296.0	17268.0	21015.0	21519.0	16265.0	7676.0	1665.0	88.0
	9.0	10.0	11.0	12.0	13.0	14.0	15.0	16.0	17.0	18.0	19.0	20.0	21.0	22.0	23.0	24.0	25.0	26.0	27.0	28.0	29.0	30.0	31.0	32.0	33.0	34.0	35.0	36.0
402047_16S_KN48L_ATTCCTGT-AAGCAGCA_S94_L001_R2	2.0	27.0	304.0	2112.0	5598.0	4097.0	2267.0	2990.0	6566.0	4132.0	1730.0	1438.0	1441.0	1554.0	1675.0	1994.0	2318.0	2978.0	3831.0	5045.0	6677.0	8488.0	10508.0	10788.0	8497.0	4163.0	927.0	37.0
	9.0	10.0	11.0	12.0	13.0	14.0	15.0	16.0	17.0	18.0	19.0	20.0	21.0	22.0	23.0	24.0	25.0	26.0	27.0	28.0	29.0	30.0	31.0	32.0	33.0	34.0	35.0	36.0
402048_16S_KN48L_ATTCCTGT-ACGCGTGA_S95_L001_R2	4.0	20.0	268.0	1692.0	4070.0	3039.0	2189.0	4294.0	2910.0	1430.0	1140.0	1100.0	1123.0	1213.0	1539.0	1702.0	2154.0	2707.0	3447.0	4566.0	5960.0	7572.0	8828.0	8941.0	6820.0	3368.0	764.0	29.0
	9.0	10.0	11.0	12.0	13.0	14.0	15.0	16.0	17.0	18.0	19.0	20.0	21.0	22.0	23.0	24.0	25.0	26.0	27.0	28.0	29.0	30.0	31.0	32.0	33.0	34.0	35.0	36.0
402049_16S_KN48L_ATTCCTGT-CGATCTAC_S96_L001_R2	1.0	17.0	303.0	1817.0	4251.0	3309.0	1742.0	1385.0	2517.0	3891.0	1691.0	1275.0	1078.0	1155.0	1272.0	1543.0	1719.0	2181.0	2770.0	3644.0	4642.0	6082.0	7248.0	7809.0	6651.0	3862.0	977.0	51.0
	10.0	11.0	12.0	13.0	14.0	15.0	16.0	17.0	18.0	19.0	20.0	21.0	22.0	23.0	24.0	25.0	26.0	27.0	28.0	29.0	30.0	31.0	32.0	33.0	34.0	35.0	36.0	37.0
402050_16S_KN482_GTCAATTG-AAGCAGCA_S1_L001_R2	7.0	137.0	1065.0	3789.0	3908.0	1796.0	1601.0	4066.0	6588.0	1869.0	1153.0	1109.0	1193.0	1349.0	1549.0	1885.0	2398.0	3224.0	4379.0	6141.0	8131.0	10652.0	13082.0	12918.0	8636.0	2939.0	254.0	2.0
	10.0	11.0	12.0	13.0	14.0	15.0	16.0	17.0	18.0	19.0	20.0	21.0	22.0	23.0	24.0	25.0	26.0	27.0	28.0	29.0	30.0	31.0	32.0	33.0	34.0	35.0	36.0
402051_16S_KN482_GTCAATTG-ACGCGTGA_S2_L001_R2	4.0	36.0	559.0	2914.0	2966.0	1385.0	4367.0	5936.0	1071.0	293.0	187.0	173.0	148.0	169.0	199.0	249.0	288.0	388.0	522.0	748.0	946.0	1262.0	1521.0	1407.0	888.0	264.0	18.0
	10.0	11.0	12.0	13.0	14.0	15.0	16.0	17.0	18.0	19.0	20.0	21.0	22.0	23.0	24.0	25.0	26.0	27.0	28.0	29.0	30.0	31.0	32.0	33.0	34.0	35.0	36.0	37.0
402052_16S_KN482_GTCAATTG-CGATCTAC_S3_L001_R2	10.0	144.0	1031.0	2955.0	2964.0	1564.0	970.0	1451.0	4510.0	2535.0	857.0	799.0	728.0	773.0	896.0	1044.0	1274.0	1592.0	2047.0	2874.0	3891.0	5366.0	6318.0	6429.0	4381.0	1390.0	142.0	1.0
	10.0	11.0	12.0	13.0	14.0	15.0	16.0	17.0	18.0	19.0	20.0	21.0	22.0	23.0	24.0	25.0	26.0	27.0	28.0	29.0	30.0	31.0	32.0	33.0	34.0	35.0	36.0	37.0
402053_16S_KN482_GTCAATTG-ACGACGTG_S4_L001_R2	9.0	154.0	1112.0	3499.0	3428.0	1998.0	4856.0	5484.0	1442.0	916.0	865.0	892.0	967.0	1074.0	1249.0	1547.0	1884.0	2489.0	3318.0	4542.0	5910.0	7543.0	8759.0	8251.0	5310.0	1745.0	132.0	1.0
	10.0	11.0	12.0	13.0	14.0	15.0	16.0	17.0	18.0	19.0	20.0	21.0	22.0	23.0	24.0	25.0	26.0	27.0	28.0	29.0	30.0	31.0	32.0	33.0	34.0	35.0	36.0
402054_16S_KN482_GTCAATTG-GTCTAGTG_S5_L001_R2	11.0	113.0	912.0	2914.0	3038.0	1571.0	1918.0	5211.0	3078.0	1110.0	998.0	1045.0	1153.0	1333.0	1516.0	1890.0	2476.0	3404.0	4563.0	6288.0	8210.0	10618.0	12370.0	12043.0	7713.0	2544.0	245.0
	10.0	11.0	12.0	13.0	14.0	15.0	16.0	17.0	18.0	19.0	20.0	21.0	22.0	23.0	24.0	25.0	26.0	27.0	28.0	29.0	30.0	31.0	32.0	33.0	34.0	35.0	36.0	37.0
402055_16S_KN482_GTCAATTG-CTAGTATG_S6_L001_R2	7.0	109.0	876.0	3954.0	4776.0	2025.0	1368.0	2708.0	10810.0	6049.0	1145.0	926.0	943.0	981.0	1263.0	1460.0	1826.0	2627.0	3418.0	4676.0	6371.0	8090.0	9766.0	9868.0	6339.0	2138.0	217.0	1.0
	10.0	11.0	12.0	13.0	14.0	15.0	16.0	17.0	18.0	19.0	20.0	21.0	22.0	23.0	24.0	25.0	26.0	27.0	28.0	29.0	30.0	31.0	32.0	33.0	34.0	35.0	36.0
402056_16S_KN482_GTCAATTG-GATAGCGT_S7_L001_R2	6.0	161.0	1008.0	3079.0	3231.0	1655.0	1900.0	5120.0	3089.0	1103.0	956.0	986.0	1045.0	1144.0	1300.0	1631.0	2120.0	2784.0	3687.0	5064.0	6656.0	8475.0	9580.0	9061.0	6017.0	1985.0	177.0
	11.0	12.0	13.0	14.0	15.0	16.0	17.0	18.0	19.0	20.0	21.0	22.0	23.0	24.0	25.0	26.0	27.0	28.0	29.0	30.0	31.0	32.0	33.0	34.0	35.0	36.0
402057_16S_KN482_GTCAATTG-TCTACACT_S8_L001_R2	72.0	1001.0	4638.0	4041.0	1609.0	1920.0	7450.0	12362.0	2187.0	452.0	259.0	209.0	236.0	222.0	266.0	353.0	464.0	662.0	872.0	1143.0	1400.0	1602.0	1442.0	910.0	272.0	20.0
	10.0	11.0	12.0	13.0	14.0	15.0	16.0	17.0	18.0	19.0	20.0	21.0	22.0	23.0	24.0	25.0	26.0	27.0	28.0	29.0	30.0	31.0	32.0	33.0	34.0	35.0	36.0	37.0
402058_16S_KN482_ATGAGACT-AAGCAGCA_S9_L001_R2	6.0	177.0	1220.0	2984.0	2319.0	1062.0	928.0	1782.0	2878.0	1260.0	911.0	905.0	918.0	1048.0	1254.0	1445.0	1946.0	2310.0	3244.0	4231.0	6063.0	8034.0	9495.0	9726.0	6577.0	2030.0	143.0	2.0
	10.0	11.0	12.0	13.0	14.0	15.0	16.0	17.0	18.0	19.0	20.0	21.0	22.0	23.0	24.0	25.0	26.0	27.0	28.0	29.0	30.0	31.0	32.0	33.0	34.0	35.0	36.0	37.0
402059_16S_KN482_ATGAGACT-ACGCGTGA_S10_L001_R2	8.0	84.0	1034.0	4414.0	3305.0	1484.0	4039.0	5974.0	1266.0	340.0	265.0	243.0	293.0	336.0	349.0	399.0	532.0	685.0	954.0	1339.0	1776.0	2362.0	2837.0	2784.0	1671.0	491.0	30.0	1.0
	10.0	11.0	12.0	13.0	14.0	15.0	16.0	17.0	18.0	19.0	20.0	21.0	22.0	23.0	24.0	25.0	26.0	27.0	28.0	29.0	30.0	31.0	32.0	33.0	34.0	35.0	36.0
402060_16S_KN482_ATGAGACT-CGATCTAC_S11_L001_R2	12.0	240.0	1461.0	2961.0	2313.0	1125.0	783.0	825.0	1665.0	1298.0	718.0	718.0	678.0	780.0	833.0	927.0	1147.0	1387.0	1845.0	2589.0	3410.0	4498.0	5661.0	6092.0	4542.0	1577.0	146.0
	9.0	10.0	11.0	12.0	13.0	14.0	15.0	16.0	17.0	18.0	19.0	20.0	21.0	22.0	23.0	24.0	25.0	26.0	27.0	28.0	29.0	30.0	31.0	32.0	33.0	34.0	35.0	36.0
402061_16S_KN482_ATGAGACT-ACGACGTG_S12_L001_R2	1.0	10.0	270.0	2103.0	6394.0	4542.0	2160.0	5694.0	6392.0	1565.0	794.0	677.0	686.0	706.0	779.0	795.0	1029.0	1295.0	1485.0	2033.0	2857.0	3726.0	4959.0	5975.0	6012.0	3716.0	1063.0	62.0
	10.0	11.0	12.0	13.0	14.0	15.0	16.0	17.0	18.0	19.0	20.0	21.0	22.0	23.0	24.0	25.0	26.0	27.0	28.0	29.0	30.0	31.0	32.0	33.0	34.0	35.0	36.0	37.0
402062_16S_KN482_ATGAGACT-GTCTAGTG_S13_L001_R2	10.0	225.0	1431.0	3155.0	2507.0	1238.0	1248.0	2634.0	1868.0	957.0	899.0	884.0	959.0	1049.0	1235.0	1450.0	1745.0	2329.0	3105.0	4283.0	6039.0	7789.0	9782.0	9584.0	6444.0	1893.0	152.0	1.0
	8.0	9.0	10.0	11.0	12.0	13.0	14.0	15.0	16.0	17.0	18.0	19.0	20.0	21.0	22.0	23.0	24.0	25.0	26.0	27.0	28.0	29.0	30.0	31.0	32.0	33.0	34.0	35.0	36.0	37.0
402063_16S_KN482_ATGAGACT-CTAGTATG_S14_L001_R2	1.0	0.0	5.0	192.0	1174.0	3884.0	3140.0	1205.0	831.0	1192.0	4143.0	2513.0	626.0	579.0	580.0	640.0	702.0	775.0	984.0	1298.0	1641.0	2306.0	3372.0	4586.0	6045.0	6264.0	4199.0	1251.0	104.0	1.0
	9.0	10.0	11.0	12.0	13.0	14.0	15.0	16.0	17.0	18.0	19.0	20.0	21.0	22.0	23.0	24.0	25.0	26.0	27.0	28.0	29.0	30.0	31.0	32.0	33.0	34.0	35.0	36.0	37.0
402064_16S_KN482_ATGAGACT-GATAGCGT_S15_L001_R2	1.0	8.0	224.0	1500.0	3880.0	3130.0	1519.0	1423.0	3461.0	2373.0	1042.0	954.0	945.0	997.0	1050.0	1246.0	1494.0	1850.0	2451.0	3369.0	4499.0	6050.0	7571.0	8836.0	8736.0	5898.0	1877.0	124.0	2.0
	10.0	11.0	12.0	13.0	14.0	15.0	16.0	17.0	18.0	19.0	20.0	21.0	22.0	23.0	24.0	25.0	26.0	27.0	28.0	29.0	30.0	31.0	32.0	33.0	34.0	35.0	36.0	37.0
402065_16S_KN482_ATGAGACT-TCTACACT_S16_L001_R2	8.0	94.0	1150.0	3951.0	2541.0	940.0	961.0	3088.0	5498.0	1116.0	263.0	256.0	217.0	240.0	274.0	299.0	369.0	531.0	663.0	828.0	1132.0	1453.0	1717.0	1556.0	962.0	240.0	24.0	1.0
	9.0	10.0	11.0	12.0	13.0	14.0	15.0	16.0	17.0	18.0	19.0	20.0	21.0	22.0	23.0	24.0	25.0	26.0	27.0	28.0	29.0	30.0	31.0	32.0	33.0	34.0	35.0	36.0
402066_16S_KN482_GAATCTTC-AAGCAGCA_S17_L001_R2	1.0	3.0	107.0	959.0	3008.0	3171.0	1810.0	1538.0	3426.0	5220.0	1794.0	1218.0	1232.0	1363.0	1401.0	1604.0	1805.0	2253.0	2942.0	3857.0	5399.0	7422.0	9576.0	11117.0	10864.0	6689.0	1970.0	169.0
	10.0	11.0	12.0	13.0	14.0	15.0	16.0	17.0	18.0	19.0	20.0	21.0	22.0	23.0	24.0	25.0	26.0	27.0	28.0	29.0	30.0	31.0	32.0	33.0	34.0	35.0	36.0
402067_16S_KN482_GAATCTTC-ACGCGTGA_S18_L001_R2	12.0	120.0	1235.0	4829.0	4851.0	2329.0	4893.0	6192.0	1611.0	887.0	838.0	886.0	964.0	1054.0	1195.0	1478.0	1919.0	2500.0	3398.0	4683.0	6157.0	8090.0	9408.0	8132.0	4549.0	1035.0	67.0
	8.0	9.0	10.0	11.0	12.0	13.0	14.0	15.0	16.0	17.0	18.0	19.0	20.0	21.0	22.0	23.0	24.0	25.0	26.0	27.0	28.0	29.0	30.0	31.0	32.0	33.0	34.0	35.0	36.0
402068_16S_KN482_GAATCTTC-CGATCTAC_S19_L001_R2	1.0	0.0	3.0	115.0	881.0	2301.0	2444.0	1451.0	1062.0	1266.0	2646.0	1993.0	1265.0	1244.0	1269.0	1420.0	1652.0	2022.0	2432.0	3065.0	4106.0	5785.0	7810.0	10236.0	12475.0	12126.0	7615.0	2256.0	178.0
	10.0	11.0	12.0	13.0	14.0	15.0	16.0	17.0	18.0	19.0	20.0	21.0	22.0	23.0	24.0	25.0	26.0	27.0	28.0	29.0	30.0	31.0	32.0	33.0	34.0	35.0	36.0
402069_16S_KN482_GAATCTTC-ACGACGTG_S20_L001_R2	7.0	138.0	1244.0	4487.0	4634.0	2458.0	5048.0	5059.0	1305.0	882.0	744.0	817.0	789.0	856.0	1006.0	1195.0	1512.0	1906.0	2560.0	3376.0	4511.0	5867.0	6442.0	5736.0	3195.0	835.0	70.0
	10.0	11.0	12.0	13.0	14.0	15.0	16.0	17.0	18.0	19.0	20.0	21.0	22.0	23.0	24.0	25.0	26.0	27.0	28.0	29.0	30.0	31.0	32.0	33.0	34.0	35.0	36.0
402070_16S_KN482_GAATCTTC-GTCTAGTG_S21_L001_R2	7.0	87.0	804.0	3782.0	4284.0	1795.0	2187.0	6292.0	3115.0	689.0	512.0	478.0	546.0	606.0	713.0	786.0	1018.0	1336.0	1784.0	2559.0	3399.0	4359.0	5241.0	5055.0	2884.0	842.0	62.0
	10.0	11.0	12.0	13.0	14.0	15.0	16.0	17.0	18.0	19.0	20.0	21.0	22.0	23.0	24.0	25.0	26.0	27.0	28.0	29.0	30.0	31.0	32.0	33.0	34.0	35.0	36.0
402071_16S_KN482_GAATCTTC-CTAGTATG_S22_L001_R2	2.0	52.0	678.0	4134.0	4898.0	1968.0	1011.0	2106.0	8346.0	4180.0	466.0	281.0	249.0	254.0	284.0	339.0	434.0	597.0	763.0	1073.0	1453.0	1811.0	2286.0	2133.0	1300.0	356.0	28.0
	10.0	11.0	12.0	13.0	14.0	15.0	16.0	17.0	18.0	19.0	20.0	21.0	22.0	23.0	24.0	25.0	26.0	27.0	28.0	29.0	30.0	31.0	32.0	33.0	34.0	35.0	36.0
402072_16S_KN482_GAATCTTC-GATAGCGT_S23_L001_R2	6.0	126.0	1103.0	3912.0	4477.0	2185.0	2228.0	6113.0	3464.0	1048.0	879.0	908.0	897.0	1003.0	1178.0	1463.0	1748.0	2318.0	3058.0	4223.0	5453.0	6818.0	7976.0	7531.0	4661.0	1452.0	121.0
	10.0	11.0	12.0	13.0	14.0	15.0	16.0	17.0	18.0	19.0	20.0	21.0	22.0	23.0	24.0	25.0	26.0	27.0	28.0	29.0	30.0	31.0	32.0	33.0	34.0	35.0	36.0
402073_16S_KN482_CCAGTGTA-ACGCGTGA_S24_L001_R2	4.0	80.0	1163.0	5077.0	3720.0	1395.0	2796.0	3985.0	879.0	371.0	305.0	319.0	307.0	356.0	425.0	511.0	615.0	907.0	1264.0	1659.0	2279.0	3041.0	3542.0	3526.0	2059.0	526.0	24.0
	10.0	11.0	12.0	13.0	14.0	15.0	16.0	17.0	18.0	19.0	20.0	21.0	22.0	23.0	24.0	25.0	26.0	27.0	28.0	29.0	30.0	31.0	32.0	33.0	34.0	35.0	36.0	37.0
402074_16S_KN482_ACACGTAA-AAGCAGCA_S25_L001_R2	8.0	230.0	1247.0	2595.0	1792.0	1055.0	957.0	1726.0	2531.0	1313.0	1036.0	1134.0	1235.0	1285.0	1389.0	1705.0	2126.0	2784.0	3669.0	4964.0	6865.0	9116.0	11200.0	11472.0	7105.0	2072.0	159.0	2.0
	9.0	10.0	11.0	12.0	13.0	14.0	15.0	16.0	17.0	18.0	19.0	20.0	21.0	22.0	23.0	24.0	25.0	26.0	27.0	28.0	29.0	30.0	31.0	32.0	33.0	34.0	35.0	36.0	37.0
402075_16S_KN482_ACACGTAA-ACGCGTGA_S26_L001_R2	1.0	16.0	307.0	2349.0	6933.0	4641.0	2428.0	6020.0	8658.0	2243.0	1236.0	1122.0	1146.0	1305.0	1407.0	1617.0	1862.0	2474.0	3080.0	4336.0	6077.0	8339.0	10918.0	12837.0	11819.0	6942.0	1839.0	117.0	2.0
	10.0	11.0	12.0	13.0	14.0	15.0	16.0	17.0	18.0	19.0	20.0	21.0	22.0	23.0	24.0	25.0	26.0	27.0	28.0	29.0	30.0	31.0	32.0	33.0	34.0	35.0	36.0
402076_16S_KN482_ACACGTAA-CGATCTAC_S27_L001_R2	11.0	266.0	1561.0	3338.0	2535.0	1221.0	945.0	1356.0	3325.0	2129.0	1129.0	1119.0	1178.0	1227.0	1403.0	1754.0	2173.0	2787.0	3608.0	5085.0	6823.0	8918.0	10977.0	11338.0	7484.0	2377.0	170.0
	10.0	11.0	12.0	13.0	14.0	15.0	16.0	17.0	18.0	19.0	20.0	21.0	22.0	23.0	24.0	25.0	26.0	27.0	28.0	29.0	30.0	31.0	32.0	33.0	34.0	35.0	36.0
402077_16S_KN482_ACACGTAA-ACGACGTG_S28_L001_R2	10.0	127.0	1523.0	5477.0	3683.0	1859.0	5503.0	6005.0	1271.0	533.0	391.0	381.0	393.0	476.0	533.0	569.0	743.0	933.0	1356.0	1813.0	2458.0	3343.0	3950.0	3615.0	2113.0	501.0	36.0
	10.0	11.0	12.0	13.0	14.0	15.0	16.0	17.0	18.0	19.0	20.0	21.0	22.0	23.0	24.0	25.0	26.0	27.0	28.0	29.0	30.0	31.0	32.0	33.0	34.0	35.0	36.0	37.0
402078_16S_KN482_ACACGTAA-GTCTAGTG_S29_L001_R2	9.0	210.0	1053.0	1947.0	1480.0	965.0	911.0	1443.0	1393.0	1061.0	1112.0	1168.0	1301.0	1360.0	1706.0	1965.0	2586.0	3318.0	4589.0	6382.0	8807.0	11631.0	14006.0	13028.0	7243.0	1844.0	126.0	1.0
	10.0	11.0	12.0	13.0	14.0	15.0	16.0	17.0	18.0	19.0	20.0	21.0	22.0	23.0	24.0	25.0	26.0	27.0	28.0	29.0	30.0	31.0	32.0	33.0	34.0	35.0	36.0	37.0
402079_16S_KN482_ACACGTAA-CTAGTATG_S30_L001_R2	17.0	232.0	1409.0	2752.0	2207.0	1192.0	1048.0	1345.0	2789.0	2208.0	1283.0	1242.0	1339.0	1440.0	1663.0	1847.0	2331.0	2924.0	4079.0	5567.0	7787.0	10253.0	12625.0	11588.0	6731.0	1790.0	113.0	2.0
	10.0	11.0	12.0	13.0	14.0	15.0	16.0	17.0	18.0	19.0	20.0	21.0	22.0	23.0	24.0	25.0	26.0	27.0	28.0	29.0	30.0	31.0	32.0	33.0	34.0	35.0	36.0
402080_16S_KN482_ACACGTAA-GATAGCGT_S31_L001_R2	15.0	322.0	1608.0	2873.0	2307.0	1306.0	1238.0	2354.0	1832.0	1250.0	1159.0	1167.0	1263.0	1336.0	1552.0	1878.0	2332.0	2974.0	3913.0	5371.0	7262.0	9665.0	11900.0	11578.0	7312.0	2112.0	144.0
	10.0	11.0	12.0	13.0	14.0	15.0	16.0	17.0	18.0	19.0	20.0	21.0	22.0	23.0	24.0	25.0	26.0	27.0	28.0	29.0	30.0	31.0	32.0	33.0	34.0	35.0	36.0
402081_16S_KN482_ACACGTAA-TCTACACT_S32_L001_R2	19.0	349.0	2792.0	7845.0	4881.0	2224.0	2134.0	5520.0	9133.0	2601.0	1388.0	1358.0	1421.0	1612.0	1814.0	2176.0	2884.0	3624.0	4972.0	6827.0	9571.0	12182.0	13577.0	11915.0	6314.0	1520.0	105.0
	10.0	11.0	12.0	13.0	14.0	15.0	16.0	17.0	18.0	19.0	20.0	21.0	22.0	23.0	24.0	25.0	26.0	27.0	28.0	29.0	30.0	31.0	32.0	33.0	34.0	35.0	36.0
402082_16S_KN482_GAGTGGTA-AAGCAGCA_S33_L001_R2	7.0	198.0	1678.0	6170.0	5378.0	2415.0	2238.0	4666.0	7046.0	2657.0	1933.0	1889.0	2181.0	2304.0	2750.0	3305.0	4071.0	5482.0	7353.0	9843.0	12714.0	16061.0	18320.0	15747.0	8985.0	2327.0	147.0
	10.0	11.0	12.0	13.0	14.0	15.0	16.0	17.0	18.0	19.0	20.0	21.0	22.0	23.0	24.0	25.0	26.0	27.0	28.0	29.0	30.0	31.0	32.0	33.0	34.0	35.0	36.0
402083_16S_KN482_GAGTGGTA-ACGCGTGA_S34_L001_R2	5.0	93.0	1469.0	8282.0	6729.0	2973.0	8011.0	10205.0	1945.0	664.0	569.0	503.0	539.0	565.0	684.0	786.0	1051.0	1351.0	1981.0	2558.0	3323.0	3914.0	4141.0	3243.0	1438.0	355.0	18.0
	9.0	10.0	11.0	12.0	13.0	14.0	15.0	16.0	17.0	18.0	19.0	20.0	21.0	22.0	23.0	24.0	25.0	26.0	27.0	28.0	29.0	30.0	31.0	32.0	33.0	34.0	35.0	36.0
402084_16S_KN482_GAGTGGTA-CGATCTAC_S35_L001_R2	1.0	6.0	114.0	1091.0	2577.0	2282.0	1388.0	1105.0	1323.0	2577.0	2039.0	1400.0	1363.0	1373.0	1544.0	1700.0	2054.0	2519.0	3369.0	4341.0	5647.0	7561.0	9309.0	10456.0	8978.0	4828.0	1208.0	82.0
	9.0	10.0	11.0	12.0	13.0	14.0	15.0	16.0	17.0	18.0	19.0	20.0	21.0	22.0	23.0	24.0	25.0	26.0	27.0	28.0	29.0	30.0	31.0	32.0	33.0	34.0	35.0	36.0	37.0
402085_16S_KN482_GAGTGGTA-ACGACGTG_S36_L001_R2	1.0	11.0	250.0	1802.0	4554.0	3896.0	2260.0	3332.0	3551.0	1935.0	1455.0	1469.0	1478.0	1653.0	1761.0	2076.0	2458.0	3006.0	3933.0	5057.0	6869.0	8807.0	10504.0	10423.0	7534.0	3293.0	715.0	50.0	1.0
	9.0	10.0	11.0	12.0	13.0	14.0	15.0	16.0	17.0	18.0	19.0	20.0	21.0	22.0	23.0	24.0	25.0	26.0	27.0	28.0	29.0	30.0	31.0	32.0	33.0	34.0	35.0	36.0	37.0
402086_16S_KN482_GAGTGGTA-GTCTAGTG_S37_L001_R2	1.0	8.0	212.0	1665.0	5847.0	5466.0	2505.0	2937.0	6975.0	4234.0	1990.0	1802.0	1966.0	2013.0	2168.0	2554.0	3068.0	3836.0	5243.0	6958.0	9248.0	11761.0	14667.0	15761.0	13027.0	6590.0	1527.0	87.0	3.0
	9.0	10.0	11.0	12.0	13.0	14.0	15.0	16.0	17.0	18.0	19.0	20.0	21.0	22.0	23.0	24.0	25.0	26.0	27.0	28.0	29.0	30.0	31.0	32.0	33.0	34.0	35.0	36.0	37.0
402087_16S_KN482_GAGTGGTA-CTAGTATG_S38_L001_R2	1.0	10.0	189.0	1822.0	9531.0	10057.0	3554.0	2439.0	4409.0	14625.0	7885.0	1823.0	1567.0	1621.0	1774.0	2037.0	2469.0	3156.0	4210.0	5766.0	7695.0	10297.0	12864.0	14073.0	11670.0	6018.0	1477.0	99.0	1.0
	10.0	11.0	12.0	13.0	14.0	15.0	16.0	17.0	18.0	19.0	20.0	21.0	22.0	23.0	24.0	25.0	26.0	27.0	28.0	29.0	30.0	31.0	32.0	33.0	34.0	35.0	36.0
402088_16S_KN482_GAGTGGTA-GATAGCGT_S39_L001_R2	9.0	191.0	1765.0	7637.0	7313.0	2985.0	3562.0	9718.0	5458.0	1759.0	1524.0	1558.0	1678.0	1814.0	2068.0	2510.0	3223.0	4264.0	5749.0	7666.0	9779.0	11999.0	12961.0	10744.0	5596.0	1410.0	97.0
	10.0	11.0	12.0	13.0	14.0	15.0	16.0	17.0	18.0	19.0	20.0	21.0	22.0	23.0	24.0	25.0	26.0	27.0	28.0	29.0	30.0	31.0	32.0	33.0	34.0	35.0	36.0
402089_16S_KN482_GAGTGGTA-TCTACACT_S40_L001_R2	6.0	118.0	1823.0	8904.0	6003.0	2388.0	2782.0	7849.0	10535.0	1953.0	723.0	643.0	667.0	692.0	753.0	1002.0	1269.0	1604.0	2158.0	2903.0	3805.0	4383.0	4388.0	3222.0	1455.0	319.0	11.0
	10.0	11.0	12.0	13.0	14.0	15.0	16.0	17.0	18.0	19.0	20.0	21.0	22.0	23.0	24.0	25.0	26.0	27.0	28.0	29.0	30.0	31.0	32.0	33.0	34.0	35.0	36.0	37.0
402090_16S_KN482_GAAGTTGG-AAGCAGCA_S41_L001_R2	7.0	205.0	1875.0	7635.0	7343.0	2849.0	2638.0	7378.0	12462.0	2903.0	1318.0	1284.0	1242.0	1388.0	1564.0	1899.0	2443.0	3267.0	4353.0	5700.0	7555.0	9744.0	11193.0	10118.0	5870.0	1741.0	127.0	2.0
	9.0	10.0	11.0	12.0	13.0	14.0	15.0	16.0	17.0	18.0	19.0	20.0	21.0	22.0	23.0	24.0	25.0	26.0	27.0	28.0	29.0	30.0	31.0	32.0	33.0	34.0	35.0	36.0
402091_16S_KN482_GAAGTTGG-ACGCGTGA_S42_L001_R2	2.0	1.0	73.0	879.0	4477.0	4139.0	1809.0	4730.0	6634.0	1436.0	561.0	523.0	420.0	437.0	509.0	582.0	673.0	848.0	1167.0	1640.0	2224.0	2968.0	3750.0	4113.0	3482.0	1919.0	514.0	33.0
	10.0	11.0	12.0	13.0	14.0	15.0	16.0	17.0	18.0	19.0	20.0	21.0	22.0	23.0	24.0	25.0	26.0	27.0	28.0	29.0	30.0	31.0	32.0	33.0	34.0	35.0	36.0
402092_16S_KN482_GAAGTTGG-CGATCTAC_S43_L001_R2	8.0	189.0	1370.0	4751.0	4762.0	1948.0	1287.0	1952.0	6207.0	3678.0	1163.0	1039.0	1040.0	1131.0	1248.0	1491.0	1877.0	2359.0	3124.0	4315.0	5677.0	7262.0	8486.0	7643.0	4739.0	1529.0	130.0
	10.0	11.0	12.0	13.0	14.0	15.0	16.0	17.0	18.0	19.0	20.0	21.0	22.0	23.0	24.0	25.0	26.0	27.0	28.0	29.0	30.0	31.0	32.0	33.0	34.0	35.0	36.0	37.0
402093_16S_KN482_GAAGTTGG-ACGACGTG_S44_L001_R2	8.0	176.0	1677.0	6850.0	6632.0	3240.0	9222.0	10368.0	2530.0	1452.0	1314.0	1327.0	1358.0	1614.0	1851.0	2230.0	2818.0	3825.0	5131.0	6890.0	9158.0	11616.0	12798.0	11053.0	6120.0	1643.0	141.0	1.0
	10.0	11.0	12.0	13.0	14.0	15.0	16.0	17.0	18.0	19.0	20.0	21.0	22.0	23.0	24.0	25.0	26.0	27.0	28.0	29.0	30.0	31.0	32.0	33.0	34.0	35.0	36.0	37.0
402094_16S_KN482_GAAGTTGG-GTCTAGTG_S45_L001_R2	9.0	185.0	1507.0	4533.0	4508.0	2342.0	2879.0	7269.0	4646.0	2013.0	1823.0	1829.0	1842.0	2066.0	2318.0	2692.0	3340.0	4556.0	6134.0	8314.0	11158.0	14052.0	16379.0	14495.0	8545.0	2396.0	173.0	1.0
	9.0	10.0	11.0	12.0	13.0	14.0	15.0	16.0	17.0	18.0	19.0	20.0	21.0	22.0	23.0	24.0	25.0	26.0	27.0	28.0	29.0	30.0	31.0	32.0	33.0	34.0	35.0	36.0
402095_16S_KN482_GAAGTTGG-CTAGTATG_S46_L001_R2	1.0	7.0	84.0	1127.0	7068.0	8332.0	2985.0	1879.0	3803.0	15082.0	8535.0	1255.0	905.0	955.0	1004.0	1111.0	1333.0	1618.0	2111.0	3015.0	4051.0	5592.0	7269.0	8472.0	7627.0	4508.0	1341.0	121.0
	9.0	10.0	11.0	12.0	13.0	14.0	15.0	16.0	17.0	18.0	19.0	20.0	21.0	22.0	23.0	24.0	25.0	26.0	27.0	28.0	29.0	30.0	31.0	32.0	33.0	34.0	35.0	36.0
402096_16S_KN482_GAAGTTGG-GATAGCGT_S47_L001_R2	1.0	3.0	129.0	977.0	2382.0	2236.0	1359.0	1211.0	2329.0	1835.0	1314.0	1272.0	1361.0	1418.0	1582.0	1875.0	2136.0	2583.0	3405.0	4556.0	6310.0	8896.0	11672.0	13600.0	12294.0	7226.0	2020.0	124.0
	10.0	11.0	12.0	13.0	14.0	15.0	16.0	17.0	18.0	19.0	20.0	21.0	22.0	23.0	24.0	25.0	26.0	27.0	28.0	29.0	30.0	31.0	32.0	33.0	34.0	35.0	36.0
402097_16S_KN482_GAAGTTGG-TCTACACT_S48_L001_R2	7.0	209.0	1817.0	5129.0	4309.0	2054.0	1833.0	3798.0	5910.0	2243.0	1451.0	1415.0	1584.0	1681.0	1860.0	2281.0	2796.0	3600.0	4895.0	6434.0	8411.0	10714.0	12130.0	9739.0	5286.0	1312.0	84.0
	9.0	10.0	11.0	12.0	13.0	14.0	15.0	16.0	17.0	18.0	19.0	20.0	21.0	22.0	23.0	24.0	25.0	26.0	27.0	28.0	29.0	30.0	31.0	32.0	33.0	34.0	35.0	36.0
402098_16S_KN482_TTCCTAGG-AAGCAGCA_S49_L001_R2	1.0	3.0	84.0	548.0	1372.0	1413.0	968.0	902.0	1485.0	2223.0	1378.0	1130.0	1173.0	1227.0	1366.0	1548.0	1691.0	2146.0	2858.0	3992.0	5151.0	6868.0	8728.0	9141.0	7809.0	4209.0	1124.0	77.0
	10.0	11.0	12.0	13.0	14.0	15.0	16.0	17.0	18.0	19.0	20.0	21.0	22.0	23.0	24.0	25.0	26.0	27.0	28.0	29.0	30.0	31.0	32.0	33.0	34.0	35.0	36.0	37.0
402099_16S_KN482_TTCCTAGG-ACGCGTGA_S50_L001_R2	7.0	199.0	1512.0	3966.0	3590.0	2001.0	3181.0	4076.0	1769.0	1380.0	1292.0	1315.0	1462.0	1624.0	1803.0	2145.0	2717.0	3689.0	4879.0	6341.0	8308.0	9909.0	10189.0	7524.0	3671.0	759.0	51.0	1.0
	10.0	11.0	12.0	13.0	14.0	15.0	16.0	17.0	18.0	19.0	20.0	21.0	22.0	23.0	24.0	25.0	26.0	27.0	28.0	29.0	30.0	31.0	32.0	33.0	34.0	35.0	36.0
402100_16S_KN482_CCAGTGTA-CGATCTAC_S51_L001_R2	6.0	336.0	2172.0	5768.0	4829.0	2473.0	1828.0	2305.0	4492.0	3697.0	2831.0	2984.0	3185.0	3633.0	4085.0	5013.0	6398.0	8503.0	11813.0	16333.0	22315.0	29683.0	35211.0	32045.0	17442.0	4390.0	256.0
	10.0	11.0	12.0	13.0	14.0	15.0	16.0	17.0	18.0	19.0	20.0	21.0	22.0	23.0	24.0	25.0	26.0	27.0	28.0	29.0	30.0	31.0	32.0	33.0	34.0	35.0	36.0
402101_16S_KN482_TTCCTAGG-ACGACGTG_S52_L001_R2	13.0	215.0	1779.0	6042.0	5115.0	2853.0	7089.0	7786.0	2341.0	1475.0	1330.0	1381.0	1398.0	1546.0	1823.0	2218.0	2802.0	3601.0	4843.0	6391.0	8328.0	10256.0	10839.0	8718.0	4265.0	983.0	65.0
	10.0	11.0	12.0	13.0	14.0	15.0	16.0	17.0	18.0	19.0	20.0	21.0	22.0	23.0	24.0	25.0	26.0	27.0	28.0	29.0	30.0	31.0	32.0	33.0	34.0	35.0	36.0
402102_16S_KN482_TTCCTAGG-GTCTAGTG_S53_L001_R2	4.0	83.0	675.0	1635.0	1589.0	1007.0	983.0	1495.0	1440.0	1154.0	1218.0	1305.0	1426.0	1616.0	1951.0	2320.0	2979.0	4068.0	5591.0	7439.0	10091.0	11936.0	12458.0	9668.0	4632.0	1109.0	76.0
	10.0	11.0	12.0	13.0	14.0	15.0	16.0	17.0	18.0	19.0	20.0	21.0	22.0	23.0	24.0	25.0	26.0	27.0	28.0	29.0	30.0	31.0	32.0	33.0	34.0	35.0	36.0
402103_16S_KN482_TTCCTAGG-CTAGTATG_S54_L001_R2	5.0	120.0	1254.0	6229.0	6553.0	2429.0	1705.0	3294.0	12110.0	6581.0	1436.0	1200.0	1222.0	1362.0	1522.0	1852.0	2387.0	3226.0	4430.0	6157.0	8416.0	10398.0	11091.0	8672.0	4033.0	941.0	52.0
	9.0	10.0	11.0	12.0	13.0	14.0	15.0	16.0	17.0	18.0	19.0	20.0	21.0	22.0	23.0	24.0	25.0	26.0	27.0	28.0	29.0	30.0	31.0	32.0	33.0	34.0	35.0	36.0	37.0
402104_16S_KN482_TTCCTAGG-GATAGCGT_S55_L001_R2	1.0	4.0	156.0	1050.0	2491.0	2364.0	1614.0	1597.0	2692.0	2410.0	1703.0	1592.0	1675.0	1878.0	2209.0	2366.0	2872.0	3789.0	4895.0	6751.0	8899.0	11789.0	14419.0	15594.0	12667.0	6677.0	1872.0	127.0	1.0
	10.0	11.0	12.0	13.0	14.0	15.0	16.0	17.0	18.0	19.0	20.0	21.0	22.0	23.0	24.0	25.0	26.0	27.0	28.0	29.0	30.0	31.0	32.0	33.0	34.0	35.0	36.0	37.0
402105_16S_KN482_TTCCTAGG-TCTACACT_S56_L001_R2	3.0	201.0	1591.0	3962.0	3192.0	1776.0	1546.0	3056.0	4526.0	2138.0	1507.0	1609.0	1700.0	1862.0	2205.0	2588.0	3170.0	4277.0	5719.0	7547.0	9645.0	11496.0	11474.0	8501.0	3989.0	910.0	55.0	1.0
	10.0	11.0	12.0	13.0	14.0	15.0	16.0	17.0	18.0	19.0	20.0	21.0	22.0	23.0	24.0	25.0	26.0	27.0	28.0	29.0	30.0	31.0	32.0	33.0	34.0	35.0	36.0
402106_16S_KN482_GCACGACA-AAGCAGCA_S57_L001_R2	4.0	130.0	826.0	1862.0	1650.0	1074.0	936.0	1788.0	2600.0	1383.0	1178.0	1115.0	1206.0	1418.0	1589.0	1984.0	2418.0	3212.0	4372.0	6025.0	8050.0	10305.0	11715.0	10157.0	5727.0	1466.0	93.0
	10.0	11.0	12.0	13.0	14.0	15.0	16.0	17.0	18.0	19.0	20.0	21.0	22.0	23.0	24.0	25.0	26.0	27.0	28.0	29.0	30.0	31.0	32.0	33.0	34.0	35.0	36.0
402107_16S_KN482_GCACGACA-ACGCGTGA_S58_L001_R2	9.0	186.0	1271.0	3696.0	3256.0	1851.0	4151.0	5681.0	1801.0	1211.0	1153.0	1144.0	1291.0	1362.0	1644.0	2024.0	2480.0	3355.0	4586.0	6358.0	8490.0	10385.0	11429.0	8939.0	4411.0	1025.0	61.0
	10.0	11.0	12.0	13.0	14.0	15.0	16.0	17.0	18.0	19.0	20.0	21.0	22.0	23.0	24.0	25.0	26.0	27.0	28.0	29.0	30.0	31.0	32.0	33.0	34.0	35.0	36.0	37.0
402108_16S_KN482_GCACGACA-CGATCTAC_S59_L001_R2	2.0	113.0	834.0	1771.0	1620.0	1024.0	840.0	918.0	1883.0	1450.0	999.0	1006.0	1016.0	1142.0	1224.0	1553.0	1837.0	2369.0	3211.0	4395.0	5879.0	7699.0	8955.0	7848.0	4420.0	1188.0	89.0	1.0
	9.0	10.0	11.0	12.0	13.0	14.0	15.0	16.0	17.0	18.0	19.0	20.0	21.0	22.0	23.0	24.0	25.0	26.0	27.0	28.0	29.0	30.0	31.0	32.0	33.0	34.0	35.0	36.0	37.0
402109_16S_KN482_GCACGACA-ACGACGTG_S60_L001_R2	1.0	6.0	143.0	974.0	2093.0	1930.0	1347.0	1991.0	2208.0	1192.0	928.0	962.0	968.0	1096.0	1205.0	1394.0	1626.0	2109.0	2681.0	3647.0	4954.0	6438.0	8044.0	8712.0	7430.0	4061.0	987.0	63.0	1.0
	10.0	11.0	12.0	13.0	14.0	15.0	16.0	17.0	18.0	19.0	20.0	21.0	22.0	23.0	24.0	25.0	26.0	27.0	28.0	29.0	30.0	31.0	32.0	33.0	34.0	35.0	36.0	37.0
402110_16S_KN482_GCACGACA-GTCTAGTG_S61_L001_R2	10.0	123.0	772.0	1818.0	1716.0	1070.0	1126.0	2419.0	1712.0	1100.0	1063.0	1064.0	1178.0	1349.0	1578.0	1887.0	2330.0	3020.0	4352.0	5759.0	8049.0	10071.0	11545.0	10041.0	5480.0	1367.0	102.0	1.0
	10.0	11.0	12.0	13.0	14.0	15.0	16.0	17.0	18.0	19.0	20.0	21.0	22.0	23.0	24.0	25.0	26.0	27.0	28.0	29.0	30.0	31.0	32.0	33.0	34.0	35.0	36.0
402111_16S_KN482_GCACGACA-CTAGTATG_S62_L001_R2	7.0	171.0	1104.0	4699.0	4832.0	1943.0	1409.0	2845.0	11274.0	6280.0	1257.0	895.0	936.0	1018.0	1124.0	1343.0	1771.0	2273.0	3181.0	4433.0	6045.0	7763.0	9077.0	8085.0	4435.0	1102.0	70.0
	10.0	11.0	12.0	13.0	14.0	15.0	16.0	17.0	18.0	19.0	20.0	21.0	22.0	23.0	24.0	25.0	26.0	27.0	28.0	29.0	30.0	31.0	32.0	33.0	34.0	35.0	36.0	37.0
402112_16S_KN482_GCACGACA-GATAGCGT_S63_L001_R2	10.0	118.0	829.0	1902.0	1707.0	1119.0	1057.0	2114.0	1537.0	982.0	856.0	873.0	1024.0	1092.0	1234.0	1530.0	1811.0	2529.0	3256.0	4474.0	5937.0	7763.0	9195.0	8875.0	5427.0	1687.0	149.0	2.0
	10.0	11.0	12.0	13.0	14.0	15.0	16.0	17.0	18.0	19.0	20.0	21.0	22.0	23.0	24.0	25.0	26.0	27.0	28.0	29.0	30.0	31.0	32.0	33.0	34.0	35.0	36.0	37.0
402113_16S_KN482_GCACGACA-TCTACACT_S64_L001_R2	8.0	97.0	893.0	3006.0	2460.0	1222.0	1461.0	4831.0	8123.0	1871.0	602.0	560.0	528.0	600.0	659.0	855.0	1002.0	1307.0	1792.0	2382.0	3237.0	4304.0	4834.0	4239.0	2521.0	652.0	41.0	3.0
	10.0	11.0	12.0	13.0	14.0	15.0	16.0	17.0	18.0	19.0	20.0	21.0	22.0	23.0	24.0	25.0	26.0	27.0	28.0	29.0	30.0	31.0	32.0	33.0	34.0	35.0	36.0	37.0
402114_16S_KN482_ATCGATCT-AAGCAGCA_S65_L001_R2	2.0	97.0	650.0	1697.0	1818.0	1108.0	955.0	1422.0	1830.0	1182.0	1074.0	1121.0	1242.0	1462.0	1532.0	1975.0	2482.0	3256.0	4476.0	6213.0	8208.0	10776.0	12761.0	12691.0	8197.0	2589.0	246.0	2.0
	9.0	10.0	11.0	12.0	13.0	14.0	15.0	16.0	17.0	18.0	19.0	20.0	21.0	22.0	23.0	24.0	25.0	26.0	27.0	28.0	29.0	30.0	31.0	32.0	33.0	34.0	35.0	36.0	37.0
402115_16S_KN482_ATCGATCT-ACGCGTGA_S66_L001_R2	1.0	2.0	100.0	675.0	1604.0	1660.0	1063.0	1223.0	1493.0	1098.0	1051.0	1180.0	1184.0	1308.0	1494.0	1772.0	2267.0	2807.0	3776.0	5152.0	7010.0	9503.0	11681.0	13467.0	12455.0	7306.0	2037.0	172.0	2.0
	10.0	11.0	12.0	13.0	14.0	15.0	16.0	17.0	18.0	19.0	20.0	21.0	22.0	23.0	24.0	25.0	26.0	27.0	28.0	29.0	30.0	31.0	32.0	33.0	34.0	35.0	36.0
402116_16S_KN482_ATCGATCT-CGATCTAC_S67_L001_R2	1.0	85.0	821.0	1890.0	1881.0	1081.0	817.0	869.0	1403.0	1231.0	1011.0	1005.0	1062.0	1098.0	1282.0	1473.0	1845.0	2322.0	3170.0	4315.0	5852.0	7462.0	9104.0	9224.0	6182.0	2118.0	185.0
	9.0	10.0	11.0	12.0	13.0	14.0	15.0	16.0	17.0	18.0	19.0	20.0	21.0	22.0	23.0	24.0	25.0	26.0	27.0	28.0	29.0	30.0	31.0	32.0	33.0	34.0	35.0	36.0	37.0
402117_16S_KN482_ATCGATCT-ACGACGTG_S68_L001_R2	1.0	4.0	158.0	1316.0	3288.0	3124.0	1954.0	2678.0	2933.0	1713.0	1512.0	1539.0	1687.0	1801.0	1979.0	2465.0	2944.0	3822.0	5036.0	6722.0	9002.0	11856.0	14842.0	17005.0	15131.0	8819.0	2524.0	169.0	2.0
	10.0	11.0	12.0	13.0	14.0	15.0	16.0	17.0	18.0	19.0	20.0	21.0	22.0	23.0	24.0	25.0	26.0	27.0	28.0	29.0	30.0	31.0	32.0	33.0	34.0	35.0	36.0
402118_16S_KN482_ATCGATCT-GTCTAGTG_S69_L001_R2	1.0	63.0	491.0	1265.0	1338.0	873.0	800.0	1194.0	1138.0	947.0	973.0	1078.0	1168.0	1311.0	1497.0	1968.0	2553.0	3311.0	4605.0	6476.0	8611.0	11402.0	13437.0	12428.0	7597.0	2499.0	225.0
	10.0	11.0	12.0	13.0	14.0	15.0	16.0	17.0	18.0	19.0	20.0	21.0	22.0	23.0	24.0	25.0	26.0	27.0	28.0	29.0	30.0	31.0	32.0	33.0	34.0	35.0	36.0
402119_16S_KN482_ATCGATCT-CTAGTATG_S70_L001_R2	4.0	73.0	685.0	1672.0	1821.0	1078.0	849.0	984.0	1743.0	1518.0	1214.0	1288.0	1433.0	1608.0	1914.0	2336.0	2896.0	3840.0	5269.0	7187.0	9614.0	12283.0	14200.0	13363.0	7880.0	2440.0	220.0
	11.0	12.0	13.0	14.0	15.0	16.0	17.0	18.0	19.0	20.0	21.0	22.0	23.0	24.0	25.0	26.0	27.0	28.0	29.0	30.0	31.0	32.0	33.0	34.0	35.0	36.0	37.0
402120_16S_KN482_ATCGATCT-GATAGCGT_S71_L001_R2	72.0	458.0	1298.0	1521.0	994.0	931.0	1507.0	1462.0	1144.0	1214.0	1376.0	1566.0	1634.0	1924.0	2409.0	2917.0	4044.0	5476.0	7495.0	10426.0	13584.0	16137.0	15830.0	10736.0	3751.0	393.0	2.0
	10.0	11.0	12.0	13.0	14.0	15.0	16.0	17.0	18.0	19.0	20.0	21.0	22.0	23.0	24.0	25.0	26.0	27.0	28.0	29.0	30.0	31.0	32.0	33.0	34.0	35.0	36.0
402121_16S_KN482_ATCGATCT-TCTACACT_S72_L001_R2	4.0	115.0	890.0	2143.0	2091.0	1279.0	1085.0	1621.0	2295.0	1421.0	1319.0	1401.0	1610.0	1732.0	2036.0	2440.0	3120.0	4023.0	5428.0	7281.0	9584.0	12138.0	13472.0	11811.0	6457.0	1945.0	139.0
	10.0	11.0	12.0	13.0	14.0	15.0	16.0	17.0	18.0	19.0	20.0	21.0	22.0	23.0	24.0	25.0	26.0	27.0	28.0	29.0	30.0	31.0	32.0	33.0	34.0	35.0	36.0	37.0
402122_16S_KN482_CTTGTGTC-AAGCAGCA_S73_L001_R2	4.0	95.0	603.0	1199.0	1026.0	695.0	638.0	917.0	1284.0	933.0	859.0	934.0	1006.0	1222.0	1275.0	1623.0	2007.0	2508.0	3581.0	4965.0	6857.0	9221.0	12076.0	13240.0	9970.0	3312.0	275.0	1.0
	10.0	11.0	12.0	13.0	14.0	15.0	16.0	17.0	18.0	19.0	20.0	21.0	22.0	23.0	24.0	25.0	26.0	27.0	28.0	29.0	30.0	31.0	32.0	33.0	34.0	35.0	36.0	37.0
402123_16S_KN482_CTTGTGTC-ACGCGTGA_S74_L001_R2	6.0	149.0	955.0	1873.0	1593.0	1008.0	1174.0	1458.0	1119.0	1055.0	1161.0	1267.0	1389.0	1593.0	1772.0	2141.0	2710.0	3595.0	4935.0	6752.0	9114.0	12238.0	15186.0	15563.0	10448.0	3066.0	203.0	1.0
	9.0	10.0	11.0	12.0	13.0	14.0	15.0	16.0	17.0	18.0	19.0	20.0	21.0	22.0	23.0	24.0	25.0	26.0	27.0	28.0	29.0	30.0	31.0	32.0	33.0	34.0	35.0	36.0	37.0
402124_16S_KN482_CTTGTGTC-CGATCTAC_S75_L001_R2	1.0	2.0	130.0	811.0	1585.0	1361.0	799.0	690.0	843.0	1365.0	1152.0	931.0	999.0	1035.0	1128.0	1327.0	1577.0	1924.0	2435.0	3369.0	4556.0	6539.0	8732.0	11043.0	11846.0	8585.0	2850.0	260.0	3.0
	9.0	10.0	11.0	12.0	13.0	14.0	15.0	16.0	17.0	18.0	19.0	20.0	21.0	22.0	23.0	24.0	25.0	26.0	27.0	28.0	29.0	30.0	31.0	32.0	33.0	34.0	35.0	36.0
402125_16S_KN482_CTTGTGTC-ACGACGTG_S76_L001_R2	1.0	4.0	149.0	934.0	1948.0	1681.0	1116.0	1450.0	1666.0	1236.0	1130.0	1234.0	1269.0	1386.0	1578.0	1784.0	2360.0	2699.0	3480.0	4902.0	6803.0	9059.0	11938.0	14835.0	14890.0	9712.0	2891.0	189.0
	10.0	11.0	12.0	13.0	14.0	15.0	16.0	17.0	18.0	19.0	20.0	21.0	22.0	23.0	24.0	25.0	26.0	27.0	28.0	29.0	30.0	31.0	32.0	33.0	34.0	35.0	36.0	37.0
402126_16S_KN482_CTTGTGTC-GTCTAGTG_S77_L001_R2	6.0	133.0	788.0	1861.0	1637.0	1059.0	975.0	1588.0	1404.0	1110.0	1240.0	1321.0	1530.0	1625.0	1839.0	2286.0	2959.0	3826.0	5291.0	7453.0	10440.0	14041.0	17512.0	18468.0	13134.0	4498.0	378.0	3.0
	9.0	10.0	11.0	12.0	13.0	14.0	15.0	16.0	17.0	18.0	19.0	20.0	21.0	22.0	23.0	24.0	25.0	26.0	27.0	28.0	29.0	30.0	31.0	32.0	33.0	34.0	35.0	36.0
402127_16S_KN482_CTTGTGTC-CTAGTATG_S78_L001_R2	1.0	5.0	175.0	937.0	1956.0	1718.0	989.0	853.0	984.0	1681.0	1412.0	1248.0	1276.0	1335.0	1537.0	1765.0	2186.0	2725.0	3447.0	4669.0	6489.0	8808.0	11653.0	14301.0	14877.0	10518.0	3313.0	286.0
	9.0	10.0	11.0	12.0	13.0	14.0	15.0	16.0	17.0	18.0	19.0	20.0	21.0	22.0	23.0	24.0	25.0	26.0	27.0	28.0	29.0	30.0	31.0	32.0	33.0	34.0	35.0	36.0
402128_16S_KN482_CTTGTGTC-GATAGCGT_S79_L001_R2	1.0	3.0	113.0	720.0	1503.0	1281.0	854.0	882.0	1264.0	1302.0	1141.0	1190.0	1306.0	1351.0	1539.0	1817.0	2252.0	2726.0	3554.0	4927.0	6855.0	9364.0	12429.0	15407.0	15029.0	9667.0	2880.0	244.0
	10.0	11.0	12.0	13.0	14.0	15.0	16.0	17.0	18.0	19.0	20.0	21.0	22.0	23.0	24.0	25.0	26.0	27.0	28.0	29.0	30.0	31.0	32.0	33.0	34.0	35.0	36.0	37.0
402129_16S_KN482_CTTGTGTC-TCTACACT_S80_L001_R2	8.0	186.0	1179.0	2410.0	1843.0	1177.0	1079.0	1595.0	2159.0	1541.0	1298.0	1389.0	1529.0	1741.0	1979.0	2330.0	2913.0	3818.0	5049.0	6906.0	9287.0	11927.0	14314.0	12925.0	7111.0	1836.0	109.0	3.0
	9.0	10.0	11.0	12.0	13.0	14.0	15.0	16.0	17.0	18.0	19.0	20.0	21.0	22.0	23.0	24.0	25.0	26.0	27.0	28.0	29.0	30.0	31.0	32.0	33.0	34.0	35.0	36.0
402130_16S_KN482_TGAGCCGG-AAGCAGCA_S81_L001_R2	1.0	6.0	91.0	727.0	1647.0	1574.0	1009.0	949.0	1563.0	2205.0	1320.0	1166.0	1145.0	1344.0	1555.0	1716.0	2117.0	2611.0	3502.0	4676.0	6327.0	8726.0	10902.0	12910.0	12067.0	7151.0	2286.0	174.0
	9.0	10.0	11.0	12.0	13.0	14.0	15.0	16.0	17.0	18.0	19.0	20.0	21.0	22.0	23.0	24.0	25.0	26.0	27.0	28.0	29.0	30.0	31.0	32.0	33.0	34.0	35.0	36.0	37.0
402131_16S_KN482_TGAGCCGG-ACGCGTGA_S82_L001_R2	1.0	3.0	102.0	704.0	1478.0	1540.0	1019.0	1089.0	1316.0	1121.0	1100.0	1136.0	1224.0	1370.0	1574.0	1779.0	2157.0	2830.0	3765.0	5075.0	7027.0	9339.0	11599.0	12554.0	10413.0	5590.0	1457.0	103.0	1.0
	10.0	11.0	12.0	13.0	14.0	15.0	16.0	17.0	18.0	19.0	20.0	21.0	22.0	23.0	24.0	25.0	26.0	27.0	28.0	29.0	30.0	31.0	32.0	33.0	34.0	35.0	36.0	37.0
402132_16S_KN482_TGAGCCGG-CGATCTAC_S83_L001_R2	6.0	109.0	923.0	2164.0	2112.0	1404.0	1067.0	1288.0	2179.0	1894.0	1521.0	1511.0	1668.0	1840.0	2201.0	2538.0	3179.0	4287.0	5666.0	7756.0	10540.0	13442.0	15367.0	14102.0	8489.0	2588.0	261.0	1.0
	10.0	11.0	12.0	13.0	14.0	15.0	16.0	17.0	18.0	19.0	20.0	21.0	22.0	23.0	24.0	25.0	26.0	27.0	28.0	29.0	30.0	31.0	32.0	33.0	34.0	35.0	36.0	37.0
402133_16S_KN482_TGAGCCGG-ACGACGTG_S84_L001_R2	9.0	149.0	1104.0	2458.0	2241.0	1540.0	2239.0	2463.0	1529.0	1423.0	1496.0	1534.0	1547.0	1911.0	2180.0	2562.0	3385.0	4385.0	6068.0	8059.0	10743.0	13192.0	14483.0	11910.0	6377.0	1704.0	123.0	1.0
	10.0	11.0	12.0	13.0	14.0	15.0	16.0	17.0	18.0	19.0	20.0	21.0	22.0	23.0	24.0	25.0	26.0	27.0	28.0	29.0	30.0	31.0	32.0	33.0	34.0	35.0	36.0
402134_16S_KN482_TGAGCCGG-GTCTAGTG_S85_L001_R2	3.0	60.0	406.0	970.0	1031.0	813.0	753.0	1141.0	1124.0	1065.0	1112.0	1191.0	1379.0	1545.0	1868.0	2129.0	2888.0	3904.0	5292.0	7377.0	10034.0	12569.0	14081.0	11907.0	6592.0	1879.0	136.0
	10.0	11.0	12.0	13.0	14.0	15.0	16.0	17.0	18.0	19.0	20.0	21.0	22.0	23.0	24.0	25.0	26.0	27.0	28.0	29.0	30.0	31.0	32.0	33.0	34.0	35.0	36.0
402135_16S_KN482_TGAGCCGG-CTAGTATG_S86_L001_R2	7.0	135.0	915.0	1875.0	1922.0	1242.0	1024.0	1233.0	2351.0	1853.0	1387.0	1529.0	1623.0	1783.0	2095.0	2567.0	3190.0	4279.0	5677.0	7719.0	10337.0	13012.0	14639.0	12660.0	7121.0	2048.0	150.0
	10.0	11.0	12.0	13.0	14.0	15.0	16.0	17.0	18.0	19.0	20.0	21.0	22.0	23.0	24.0	25.0	26.0	27.0	28.0	29.0	30.0	31.0	32.0	33.0	34.0	35.0	36.0	37.0
402136_16S_KN482_TGAGCCGG-GATAGCGT_S87_L001_R2	5.0	108.0	685.0	1587.0	1745.0	1097.0	1061.0	1807.0	1403.0	1121.0	1163.0	1278.0	1331.0	1437.0	1761.0	2108.0	2729.0	3569.0	4829.0	6460.0	8820.0	11270.0	12896.0	11809.0	7156.0	2256.0	187.0	2.0
	10.0	11.0	12.0	13.0	14.0	15.0	16.0	17.0	18.0	19.0	20.0	21.0	22.0	23.0	24.0	25.0	26.0	27.0	28.0	29.0	30.0	31.0	32.0	33.0	34.0	35.0	36.0	37.0
402137_16S_KN482_TGAGCCGG-TCTACACT_S88_L001_R2	9.0	191.0	1519.0	4338.0	3606.0	1899.0	1782.0	4103.0	5852.0	2032.0	1506.0	1517.0	1577.0	1791.0	2015.0	2452.0	3006.0	3928.0	5419.0	7244.0	9516.0	11990.0	13437.0	11211.0	6489.0	1887.0	132.0	1.0
	10.0	11.0	12.0	13.0	14.0	15.0	16.0	17.0	18.0	19.0	20.0	21.0	22.0	23.0	24.0	25.0	26.0	27.0	28.0	29.0	30.0	31.0	32.0	33.0	34.0	35.0	36.0
402138_16S_KN482_GCGGCAAT-AAGCAGCA_S89_L001_R2	10.0	140.0	563.0	738.0	468.0	366.0	418.0	716.0	1144.0	698.0	648.0	667.0	721.0	867.0	986.0	1187.0	1472.0	1920.0	2468.0	3385.0	4575.0	5914.0	7155.0	6879.0	4450.0	1340.0	103.0
	10.0	11.0	12.0	13.0	14.0	15.0	16.0	17.0	18.0	19.0	20.0	21.0	22.0	23.0	24.0	25.0	26.0	27.0	28.0	29.0	30.0	31.0	32.0	33.0	34.0	35.0	36.0	37.0
402139_16S_KN482_GCGGCAAT-ACGCGTGA_S90_L001_R2	8.0	188.0	981.0	1567.0	845.0	692.0	1568.0	2237.0	959.0	639.0	674.0	661.0	733.0	790.0	926.0	1158.0	1361.0	1797.0	2408.0	3273.0	4299.0	5477.0	6441.0	6042.0	3504.0	988.0	62.0	1.0
	10.0	11.0	12.0	13.0	14.0	15.0	16.0	17.0	18.0	19.0	20.0	21.0	22.0	23.0	24.0	25.0	26.0	27.0	28.0	29.0	30.0	31.0	32.0	33.0	34.0	35.0	36.0	37.0
402140_16S_KN482_GCGGCAAT-CGATCTAC_S91_L001_R2	4.0	85.0	323.0	453.0	293.0	285.0	274.0	398.0	669.0	623.0	544.0	634.0	679.0	783.0	916.0	1112.0	1331.0	1737.0	2296.0	3052.0	4118.0	5437.0	6394.0	6314.0	4225.0	1366.0	98.0	2.0
	10.0	11.0	12.0	13.0	14.0	15.0	16.0	17.0	18.0	19.0	20.0	21.0	22.0	23.0	24.0	25.0	26.0	27.0	28.0	29.0	30.0	31.0	32.0	33.0	34.0	35.0	36.0	37.0
402141_16S_KN482_GCGGCAAT-ACGACGTG_S92_L001_R2	12.0	166.0	667.0	848.0	539.0	475.0	919.0	1131.0	750.0	679.0	736.0	760.0	850.0	954.0	1063.0	1307.0	1745.0	2035.0	2772.0	3645.0	4761.0	6389.0	7062.0	6464.0	3542.0	989.0	54.0	1.0
	8.0	9.0	10.0	11.0	12.0	13.0	14.0	15.0	16.0	17.0	18.0	19.0	20.0	21.0	22.0	23.0	24.0	25.0	26.0	27.0	28.0	29.0	30.0	31.0	32.0	33.0	34.0	35.0	36.0	37.0
402142_16S_KN482_GCGGCAAT-GTCTAGTG_S93_L001_R2	1.0	0.0	5.0	103.0	370.0	533.0	374.0	315.0	387.0	615.0	713.0	643.0	646.0	688.0	833.0	922.0	1125.0	1371.0	1696.0	2197.0	2842.0	3955.0	5267.0	6668.0	8130.0	8097.0	4910.0	1422.0	108.0	1.0
	10.0	11.0	12.0	13.0	14.0	15.0	16.0	17.0	18.0	19.0	20.0	21.0	22.0	23.0	24.0	25.0	26.0	27.0	28.0	29.0	30.0	31.0	32.0	33.0	34.0	35.0	36.0	37.0
402143_16S_KN482_ATTCCTGT-ACGACGTG_S94_L001_R2	6.0	166.0	1178.0	3247.0	3051.0	1607.0	3145.0	3441.0	1263.0	1010.0	918.0	972.0	1073.0	1140.0	1336.0	1638.0	2091.0	2699.0	3641.0	4959.0	6574.0	8644.0	10354.0	9660.0	5796.0	1676.0	113.0	1.0
	11.0	12.0	13.0	14.0	15.0	16.0	17.0	18.0	19.0	20.0	21.0	22.0	23.0	24.0	25.0	26.0	27.0	28.0	29.0	30.0	31.0	32.0	33.0	34.0	35.0	36.0
402144_16S_KN482_ATTCCTGT-GTCTAGTG_S95_L001_R2	36.0	235.0	515.0	526.0	349.0	373.0	526.0	578.0	538.0	568.0	613.0	673.0	799.0	998.0	1082.0	1344.0	1850.0	2656.0	3502.0	4907.0	6688.0	7934.0	7887.0	5060.0	1605.0	141.0
	10.0	11.0	12.0	13.0	14.0	15.0	16.0	17.0	18.0	19.0	20.0	21.0	22.0	23.0	24.0	25.0	26.0	27.0	28.0	29.0	30.0	31.0	32.0	33.0	34.0	35.0	36.0	37.0
402145_16S_KN482_ATTCCTGT-CTAGTATG_S96_L001_R2	5.0	180.0	1108.0	2774.0	2705.0	1436.0	1011.0	1231.0	3147.0	2391.0	1237.0	1274.0	1279.0	1328.0	1622.0	1920.0	2342.0	2925.0	4077.0	5317.0	7385.0	9706.0	11700.0	11115.0	7093.0	2339.0	214.0	1.0
	10.0	11.0	12.0	13.0	14.0	15.0	16.0	17.0	18.0	19.0	20.0	21.0	22.0	23.0	24.0	25.0	26.0	27.0	28.0	29.0	30.0	31.0	32.0	33.0	34.0	35.0	36.0
402146_16S_KN48L_GGCCACGT-AAGCAGCA_S97_L001_R2	7.0	139.0	488.0	794.0	678.0	532.0	554.0	813.0	816.0	676.0	785.0	853.0	1010.0	1248.0	1432.0	1892.0	2370.0	3118.0	4311.0	5888.0	7832.0	9848.0	10575.0	8838.0	4704.0	1105.0	57.0
	10.0	11.0	12.0	13.0	14.0	15.0	16.0	17.0	18.0	19.0	20.0	21.0	22.0	23.0	24.0	25.0	26.0	27.0	28.0	29.0	30.0	31.0	32.0	33.0	34.0	35.0	36.0
402147_16S_KN48L_GGCCACGT-ACGCGTGA_S98_L001_R2	20.0	304.0	1378.0	2493.0	1915.0	1500.0	2271.0	1786.0	1159.0	1146.0	1095.0	1287.0	1490.0	1611.0	1953.0	2617.0	3325.0	4384.0	5899.0	7874.0	10072.0	12162.0	12146.0	9566.0	4681.0	1023.0	39.0
	10.0	11.0	12.0	13.0	14.0	15.0	16.0	17.0	18.0	19.0	20.0	21.0	22.0	23.0	24.0	25.0	26.0	27.0	28.0	29.0	30.0	31.0	32.0	33.0	34.0	35.0	36.0
402148_16S_KN48L_GGCCACGT-CGATCTAC_S99_L001_R2	20.0	294.0	1305.0	2211.0	1599.0	1060.0	874.0	1347.0	1818.0	1253.0	1027.0	1129.0	1276.0	1397.0	1629.0	2042.0	2654.0	3399.0	4560.0	6447.0	8674.0	11246.0	12340.0	10971.0	6126.0	1662.0	75.0
	10.0	11.0	12.0	13.0	14.0	15.0	16.0	17.0	18.0	19.0	20.0	21.0	22.0	23.0	24.0	25.0	26.0	27.0	28.0	29.0	30.0	31.0	32.0	33.0	34.0	35.0	36.0
402149_16S_KN48L_GGCCACGT-ACGACGTG_S100_L001_R2	14.0	291.0	1326.0	2071.0	1558.0	1290.0	1935.0	1400.0	1001.0	882.0	889.0	1003.0	1106.0	1275.0	1560.0	1979.0	2465.0	3347.0	4561.0	6153.0	8262.0	10414.0	11035.0	8693.0	4341.0	957.0	37.0
	10.0	11.0	12.0	13.0	14.0	15.0	16.0	17.0	18.0	19.0	20.0	21.0	22.0	23.0	24.0	25.0	26.0	27.0	28.0	29.0	30.0	31.0	32.0	33.0	34.0	35.0	36.0
402150_16S_KN48L_GGCCACGT-GTCTAGTG_S101_L001_R2	3.0	113.0	578.0	911.0	831.0	619.0	741.0	921.0	860.0	994.0	1038.0	1184.0	1453.0	1642.0	2088.0	2625.0	3383.0	4508.0	6347.0	8481.0	11335.0	13921.0	15117.0	12076.0	6794.0	1675.0	72.0
	10.0	11.0	12.0	13.0	14.0	15.0	16.0	17.0	18.0	19.0	20.0	21.0	22.0	23.0	24.0	25.0	26.0	27.0	28.0	29.0	30.0	31.0	32.0	33.0	34.0	35.0	36.0
402151_16S_KN48L_GGCCACGT-CTAGTATG_S102_L001_R2	5.0	140.0	648.0	1151.0	908.0	628.0	588.0	832.0	1115.0	970.0	1027.0	1128.0	1355.0	1595.0	1949.0	2461.0	3142.0	4232.0	5692.0	7504.0	9681.0	11656.0	12005.0	9344.0	4728.0	1144.0	29.0
	10.0	11.0	12.0	13.0	14.0	15.0	16.0	17.0	18.0	19.0	20.0	21.0	22.0	23.0	24.0	25.0	26.0	27.0	28.0	29.0	30.0	31.0	32.0	33.0	34.0	35.0	36.0
402152_16S_KN48L_GGCCACGT-GATAGCGT_S103_L001_R2	12.0	258.0	1143.0	1931.0	1573.0	1070.0	1261.0	1727.0	1235.0	1096.0	1124.0	1201.0	1401.0	1572.0	1884.0	2388.0	3169.0	4088.0	5666.0	7653.0	9912.0	12224.0	13434.0	11712.0	6585.0	1613.0	68.0
	9.0	10.0	11.0	12.0	13.0	14.0	15.0	16.0	17.0	18.0	19.0	20.0	21.0	22.0	23.0	24.0	25.0	26.0	27.0	28.0	29.0	30.0	31.0	32.0	33.0	34.0	35.0	36.0
402153_16S_KN48L_GGCCACGT-TCTACACT_S104_L001_R2	1.0	25.0	401.0	1997.0	3304.0	2384.0	1678.0	2132.0	3475.0	2206.0	1563.0	1515.0	1631.0	1707.0	2002.0	2339.0	2916.0	3537.0	4643.0	6132.0	8270.0	10519.0	12750.0	13221.0	10946.0	5781.0	1374.0	51.0
	10.0	11.0	12.0	13.0	14.0	15.0	16.0	17.0	18.0	19.0	20.0	21.0	22.0	23.0	24.0	25.0	26.0	27.0	28.0	29.0	30.0	31.0	32.0	33.0	34.0	35.0	36.0	37.0
402154_16S_KN48L_TAGGAACT-AAGCAGCA_S105_L001_R2	8.0	186.0	1024.0	1979.0	1525.0	1103.0	1179.0	1636.0	1501.0	1383.0	1448.0	1463.0	1608.0	1826.0	2248.0	2598.0	3312.0	4344.0	5972.0	7912.0	10541.0	13483.0	14757.0	12642.0	6887.0	1535.0	54.0	1.0
	10.0	11.0	12.0	13.0	14.0	15.0	16.0	17.0	18.0	19.0	20.0	21.0	22.0	23.0	24.0	25.0	26.0	27.0	28.0	29.0	30.0	31.0	32.0	33.0	34.0	35.0	36.0
402155_16S_KN48L_TAGGAACT-ACGCGTGA_S106_L001_R2	11.0	255.0	1408.0	2404.0	1966.0	1361.0	1686.0	1544.0	1374.0	1318.0	1373.0	1472.0	1612.0	1890.0	2183.0	2831.0	3443.0	4541.0	5958.0	7932.0	10197.0	12417.0	13154.0	10601.0	5290.0	1058.0	33.0
	10.0	11.0	12.0	13.0	14.0	15.0	16.0	17.0	18.0	19.0	20.0	21.0	22.0	23.0	24.0	25.0	26.0	27.0	28.0	29.0	30.0	31.0	32.0	33.0	34.0	35.0	36.0	37.0
402156_16S_KN48L_TAGGAACT-CGATCTAC_S107_L001_R2	11.0	250.0	1329.0	2297.0	1899.0	1204.0	1012.0	1305.0	1772.0	1424.0	1321.0	1421.0	1541.0	1797.0	2148.0	2416.0	3187.0	4089.0	5330.0	7063.0	9260.0	11557.0	12920.0	11708.0	6785.0	1663.0	74.0	1.0
	10.0	11.0	12.0	13.0	14.0	15.0	16.0	17.0	18.0	19.0	20.0	21.0	22.0	23.0	24.0	25.0	26.0	27.0	28.0	29.0	30.0	31.0	32.0	33.0	34.0	35.0	36.0
402157_16S_KN48L_TAGGAACT-ACGACGTG_S108_L001_R2	20.0	381.0	1768.0	2964.0	2450.0	1825.0	2237.0	2025.0	1706.0	1605.0	1649.0	1865.0	2146.0	2401.0	2797.0	3323.0	4371.0	5549.0	7312.0	9667.0	12474.0	14840.0	15966.0	12751.0	6245.0	1202.0	42.0
	9.0	10.0	11.0	12.0	13.0	14.0	15.0	16.0	17.0	18.0	19.0	20.0	21.0	22.0	23.0	24.0	25.0	26.0	27.0	28.0	29.0	30.0	31.0	32.0	33.0	34.0	35.0	36.0
402158_16S_KN48L_TAGGAACT-GTCTAGTG_S109_L001_R2	1.0	21.0	254.0	1380.0	2456.0	2035.0	1459.0	1787.0	2320.0	2061.0	1854.0	2009.0	2206.0	2516.0	2945.0	3311.0	4373.0	5459.0	7163.0	9310.0	12396.0	16036.0	19607.0	19693.0	15247.0	7030.0	1381.0	61.0
	10.0	11.0	12.0	13.0	14.0	15.0	16.0	17.0	18.0	19.0	20.0	21.0	22.0	23.0	24.0	25.0	26.0	27.0	28.0	29.0	30.0	31.0	32.0	33.0	34.0	35.0	36.0
402159_16S_KN48L_TAGGAACT-CTAGTATG_S110_L001_R2	26.0	352.0	1746.0	3651.0	3065.0	1942.0	1735.0	2643.0	3618.0	2430.0	2387.0	2457.0	2630.0	3148.0	3583.0	4422.0	5771.0	7249.0	9514.0	12344.0	15466.0	18397.0	18471.0	13839.0	6441.0	1344.0	57.0
	9.0	10.0	11.0	12.0	13.0	14.0	15.0	16.0	17.0	18.0	19.0	20.0	21.0	22.0	23.0	24.0	25.0	26.0	27.0	28.0	29.0	30.0	31.0	32.0	33.0	34.0	35.0	36.0
402160_16S_KN48L_TAGGAACT-GATAGCGT_S111_L001_R2	1.0	17.0	298.0	1483.0	2700.0	2238.0	1667.0	1927.0	2454.0	2006.0	1852.0	1865.0	2172.0	2369.0	2676.0	3176.0	3798.0	4910.0	6285.0	8266.0	10849.0	13795.0	16715.0	17172.0	13192.0	6183.0	1196.0	47.0
	10.0	11.0	12.0	13.0	14.0	15.0	16.0	17.0	18.0	19.0	20.0	21.0	22.0	23.0	24.0	25.0	26.0	27.0	28.0	29.0	30.0	31.0	32.0	33.0	34.0	35.0	36.0
402161_16S_KN48L_TAGGAACT-TCTACACT_S112_L001_R2	19.0	320.0	1770.0	3505.0	2841.0	1904.0	1978.0	3354.0	2791.0	2058.0	2083.0	2154.0	2390.0	2848.0	3226.0	3921.0	4914.0	6357.0	8145.0	10610.0	13349.0	15893.0	15592.0	11261.0	4999.0	992.0	33.0
	10.0	11.0	12.0	13.0	14.0	15.0	16.0	17.0	18.0	19.0	20.0	21.0	22.0	23.0	24.0	25.0	26.0	27.0	28.0	29.0	30.0	31.0	32.0	33.0	34.0	35.0	36.0	37.0
402162_16S_KN482_CTAGCGAA-AAGCAGCA_S97_L001_R2	3.0	84.0	554.0	1159.0	1103.0	711.0	623.0	821.0	1240.0	967.0	899.0	1004.0	1105.0	1159.0	1399.0	1679.0	2096.0	2693.0	3765.0	5241.0	7206.0	9408.0	11363.0	11050.0	6590.0	1885.0	140.0	1.0
	10.0	11.0	12.0	13.0	14.0	15.0	16.0	17.0	18.0	19.0	20.0	21.0	22.0	23.0	24.0	25.0	26.0	27.0	28.0	29.0	30.0	31.0	32.0	33.0	34.0	35.0	36.0
402163_16S_KN482_CTAGCGAA-ACGCGTGA_S98_L001_R2	8.0	95.0	622.0	1460.0	1322.0	811.0	1023.0	1312.0	943.0	752.0	866.0	847.0	932.0	1082.0	1226.0	1526.0	1869.0	2552.0	3420.0	4742.0	6738.0	8468.0	9540.0	8365.0	4595.0	1196.0	81.0
	10.0	11.0	12.0	13.0	14.0	15.0	16.0	17.0	18.0	19.0	20.0	21.0	22.0	23.0	24.0	25.0	26.0	27.0	28.0	29.0	30.0	31.0	32.0	33.0	34.0	35.0	36.0	37.0
402164_16S_KN482_CTAGCGAA-CGATCTAC_S99_L001_R2	2.0	135.0	815.0	1704.0	1492.0	903.0	644.0	721.0	1404.0	1167.0	847.0	838.0	953.0	1060.0	1140.0	1381.0	1653.0	2128.0	2996.0	4025.0	5561.0	7337.0	9081.0	9035.0	5726.0	1837.0	135.0	1.0
	10.0	11.0	12.0	13.0	14.0	15.0	16.0	17.0	18.0	19.0	20.0	21.0	22.0	23.0	24.0	25.0	26.0	27.0	28.0	29.0	30.0	31.0	32.0	33.0	34.0	35.0	36.0
402165_16S_KN482_CTAGCGAA-ACGACGTG_S100_L001_R2	4.0	133.0	851.0	1907.0	1725.0	1071.0	1592.0	1643.0	1044.0	939.0	893.0	952.0	972.0	1147.0	1265.0	1596.0	1968.0	2615.0	3579.0	4822.0	6502.0	8674.0	10060.0	9367.0	5728.0	1556.0	105.0
	10.0	11.0	12.0	13.0	14.0	15.0	16.0	17.0	18.0	19.0	20.0	21.0	22.0	23.0	24.0	25.0	26.0	27.0	28.0	29.0	30.0	31.0	32.0	33.0	34.0	35.0	36.0
59000_16S_KN482_GACAGGAG-AAGCAGCA_S101_L001_R2	5.0	72.0	542.0	1237.0	1189.0	807.0	756.0	1188.0	1481.0	1128.0	1002.0	1076.0	1218.0	1361.0	1609.0	1915.0	2360.0	3120.0	4287.0	5810.0	7963.0	10365.0	12252.0	11450.0	7032.0	2116.0	165.0
	9.0	10.0	11.0	12.0	13.0	14.0	15.0	16.0	17.0	18.0	19.0	20.0	21.0	22.0	23.0	24.0	25.0	26.0	27.0	28.0	29.0	30.0	31.0	32.0	33.0	34.0	35.0	36.0
59001_16S_KN482_GACAGGAG-ACGCGTGA_S102_L001_R2	1.0	3.0	58.0	408.0	1065.0	996.0	663.0	852.0	1161.0	859.0	854.0	875.0	870.0	1003.0	1158.0	1276.0	1692.0	2093.0	2738.0	3827.0	5381.0	7123.0	9084.0	10345.0	9323.0	5387.0	1578.0	115.0
	10.0	11.0	12.0	13.0	14.0	15.0	16.0	17.0	18.0	19.0	20.0	21.0	22.0	23.0	24.0	25.0	26.0	27.0	28.0	29.0	30.0	31.0	32.0	33.0	34.0	35.0	36.0
59002_16S_KN482_GACAGGAG-CGATCTAC_S103_L001_R2	8.0	110.0	773.0	1787.0	1608.0	935.0	811.0	982.0	1791.0	1521.0	1129.0	1083.0	1160.0	1307.0	1485.0	1827.0	2220.0	2841.0	3876.0	5479.0	7238.0	9327.0	11334.0	10893.0	6935.0	2263.0	193.0
	10.0	11.0	12.0	13.0	14.0	15.0	16.0	17.0	18.0	19.0	20.0	21.0	22.0	23.0	24.0	25.0	26.0	27.0	28.0	29.0	30.0	31.0	32.0	33.0	34.0	35.0	36.0
59003_16S_KN482_GACAGGAG-ACGACGTG_S104_L001_R2	6.0	134.0	1308.0	5394.0	5174.0	2694.0	6995.0	8187.0	2243.0	1323.0	1199.0	1151.0	1325.0	1469.0	1674.0	2125.0	2666.0	3423.0	4760.0	6415.0	8262.0	10372.0	11055.0	9141.0	4856.0	1338.0	99.0
	10.0	11.0	12.0	13.0	14.0	15.0	16.0	17.0	18.0	19.0	20.0	21.0	22.0	23.0	24.0	25.0	26.0	27.0	28.0	29.0	30.0	31.0	32.0	33.0	34.0	35.0	36.0	37.0
59004_16S_KN482_GACAGGAG-GTCTAGTG_S105_L001_R2	4.0	99.0	732.0	1761.0	1754.0	1108.0	981.0	1679.0	1486.0	1143.0	1177.0	1238.0	1422.0	1587.0	1796.0	2228.0	2985.0	3812.0	5116.0	7022.0	9102.0	11559.0	13669.0	13387.0	8725.0	2652.0	217.0	2.0
	10.0	11.0	12.0	13.0	14.0	15.0	16.0	17.0	18.0	19.0	20.0	21.0	22.0	23.0	24.0	25.0	26.0	27.0	28.0	29.0	30.0	31.0	32.0	33.0	34.0	35.0	36.0	37.0
59005_16S_KN482_GACAGGAG-CTAGTATG_S106_L001_R2	12.0	176.0	1399.0	4223.0	4427.0	2309.0	1590.0	2017.0	5152.0	3836.0	1944.0	1945.0	2024.0	2288.0	2709.0	3234.0	4142.0	5318.0	7009.0	9206.0	11773.0	14657.0	16762.0	16349.0	10434.0	3237.0	248.0	1.0
	10.0	11.0	12.0	13.0	14.0	15.0	16.0	17.0	18.0	19.0	20.0	21.0	22.0	23.0	24.0	25.0	26.0	27.0	28.0	29.0	30.0	31.0	32.0	33.0	34.0	35.0	36.0	37.0
59006_16S_KN482_GACAGGAG-GATAGCGT_S107_L001_R2	6.0	117.0	788.0	2132.0	2227.0	1281.0	1305.0	2773.0	2162.0	1386.0	1335.0	1441.0	1534.0	1741.0	2047.0	2455.0	3002.0	4183.0	5578.0	7559.0	10266.0	13573.0	16382.0	15721.0	10027.0	3167.0	278.0	1.0
	10.0	11.0	12.0	13.0	14.0	15.0	16.0	17.0	18.0	19.0	20.0	21.0	22.0	23.0	24.0	25.0	26.0	27.0	28.0	29.0	30.0	31.0	32.0	33.0	34.0	35.0	36.0	37.0
59007_16S_KN482_GACAGGAG-TCTACACT_S108_L001_R2	5.0	161.0	1997.0	9731.0	8486.0	3324.0	3347.0	9669.0	17597.0	4195.0	1683.0	1472.0	1585.0	1782.0	2072.0	2513.0	3247.0	4198.0	5901.0	7885.0	10282.0	12611.0	12975.0	10122.0	4940.0	1207.0	87.0	2.0
	9.0	10.0	11.0	12.0	13.0	14.0	15.0	16.0	17.0	18.0	19.0	20.0	21.0	22.0	23.0	24.0	25.0	26.0	27.0	28.0	29.0	30.0	31.0	32.0	33.0	34.0	35.0	36.0
ATCC1002MOCK_16S_KN482_CTAGCGAA-GTCTAGTG_S109_L001_R2	1.0	1.0	36.0	277.0	1051.0	1281.0	920.0	1066.0	1887.0	1680.0	1304.0	1304.0	1465.0	1683.0	1940.0	2432.0	2997.0	3722.0	5169.0	7189.0	10501.0	14983.0	20334.0	25188.0	24257.0	15354.0	4890.0	449.0
	10.0	11.0	12.0	13.0	14.0	15.0	16.0	17.0	18.0	19.0	20.0	21.0	22.0	23.0	24.0	25.0	26.0	27.0	28.0	29.0	30.0	31.0	32.0	33.0	34.0	35.0	36.0	37.0
ATCC1002MOCK_16S_KN482_GCGGCAAT-CTAGTATG_S110_L001_R2	2.0	32.0	344.0	927.0	641.0	527.0	646.0	954.0	2010.0	1505.0	1132.0	1244.0	1328.0	1687.0	2049.0	2382.0	2961.0	3673.0	5049.0	6765.0	9414.0	12699.0	15723.0	15705.0	10552.0	3458.0	292.0	2.0
	10.0	11.0	12.0	13.0	14.0	15.0	16.0	17.0	18.0	19.0	20.0	21.0	22.0	23.0	24.0	25.0	26.0	27.0	28.0	29.0	30.0	31.0	32.0	33.0	34.0	35.0	36.0	37.0
ATCC1002MOCK_16S_KN482_TACACGAT-AAGCAGCA_S111_L001_R2	4.0	46.0	581.0	2173.0	1642.0	772.0	879.0	2041.0	3411.0	1581.0	1395.0	1586.0	1763.0	2113.0	2712.0	3162.0	4258.0	5521.0	7983.0	11295.0	15870.0	21987.0	28277.0	30533.0	21758.0	7885.0	776.0	4.0
	9.0	10.0	11.0	12.0	13.0	14.0	15.0	16.0	17.0	18.0	19.0	20.0	21.0	22.0	23.0	24.0	25.0	26.0	27.0	28.0	29.0	30.0	31.0	32.0	33.0	34.0	35.0	36.0
ATCC1002MOCK_16S_KN48L_CGAGAAGA-CTAGTATG_S113_L001_R2	3.0	14.0	107.0	832.0	2960.0	2938.0	2198.0	2163.0	3574.0	5134.0	3227.0	2708.0	2937.0	3451.0	3865.0	4638.0	5915.0	7480.0	10106.0	13693.0	18786.0	25463.0	32822.0	35810.0	30068.0	15346.0	3575.0	157.0
	10.0	11.0	12.0	13.0	14.0	15.0	16.0	17.0	18.0	19.0	20.0	21.0	22.0	23.0	24.0	25.0	26.0	27.0	28.0	29.0	30.0	31.0	32.0	33.0	34.0	35.0	36.0	37.0
No_Template_Control_16S_KN482_CTAGCGAA-GATAGCGT_S112_L001_R2	16.0	351.0	4796.0	27716.0	30146.0	11076.0	13913.0	48847.0	24240.0	2705.0	991.0	540.0	329.0	223.0	183.0	145.0	144.0	157.0	188.0	229.0	281.0	396.0	452.0	472.0	338.0	138.0	13.0	1.0
	10.0	11.0	12.0	13.0	14.0	15.0	16.0	17.0	18.0	19.0	20.0	21.0	22.0	23.0	24.0	25.0	26.0	27.0	28.0	29.0	30.0	31.0	32.0	33.0	34.0	35.0	36.0	37.0
No_Template_Control_16S_KN482_GCGGCAAT-TCTACACT_S113_L001_R2	57.0	731.0	10781.0	27287.0	11947.0	6770.0	9397.0	29100.0	44974.0	7185.0	1085.0	544.0	297.0	194.0	128.0	92.0	71.0	75.0	74.0	78.0	119.0	171.0	217.0	206.0	160.0	75.0	8.0	3.0
	10.0	11.0	12.0	13.0	14.0	15.0	16.0	17.0	18.0	19.0	20.0	21.0	22.0	23.0	24.0	25.0	26.0	27.0	28.0	29.0	30.0	31.0	32.0	33.0	34.0	35.0	36.0	37.0
No_Template_Control_16S_KN482_TACACGAT-ACGACGTG_S114_L001_R2	30.0	512.0	6658.0	30022.0	20689.0	8154.0	23174.0	25257.0	4196.0	1115.0	533.0	322.0	211.0	170.0	151.0	116.0	88.0	93.0	122.0	174.0	215.0	331.0	449.0	475.0	306.0	114.0	13.0	3.0
	9.0	10.0	11.0	12.0	13.0	14.0	15.0	16.0	17.0	18.0	19.0	20.0	21.0	22.0	23.0	24.0	25.0	26.0	27.0	28.0	29.0	30.0	31.0	32.0	33.0	34.0	35.0	36.0
No_Template_Control_16S_KN48L_CGAGAAGA-TCTACACT_S114_L001_R2	38.0	278.0	812.0	12591.0	40496.0	26627.0	16786.0	27396.0	75464.0	42731.0	9145.0	3050.0	1243.0	605.0	266.0	130.0	90.0	77.0	69.0	97.0	107.0	114.0	124.0	128.0	116.0	67.0	30.0	3.0
	10.0	11.0	12.0	13.0	14.0	15.0	16.0	17.0	18.0	19.0	20.0	21.0	22.0	23.0	24.0	25.0	26.0	27.0	28.0	29.0	30.0	31.0	32.0	33.0	34.0	35.0	36.0
Soil_DNA_16S_KN482_CTAGCGAA-CTAGTATG_S115_L001_R2	12.0	170.0	1263.0	4927.0	5515.0	2230.0	1455.0	2177.0	6608.0	3959.0	1174.0	1120.0	1081.0	1280.0	1515.0	1780.0	2270.0	2935.0	4109.0	5645.0	7478.0	9810.0	11581.0	11048.0	6764.0	2189.0	165.0
	10.0	11.0	12.0	13.0	14.0	15.0	16.0	17.0	18.0	19.0	20.0	21.0	22.0	23.0	24.0	25.0	26.0	27.0	28.0	29.0	30.0	31.0	32.0	33.0	34.0	35.0	36.0	37.0
Soil_DNA_16S_KN482_GCGGCAAT-GATAGCGT_S116_L001_R2	8.0	163.0	1371.0	3478.0	1837.0	1057.0	1789.0	5436.0	3260.0	927.0	768.0	746.0	877.0	930.0	1031.0	1262.0	1674.0	2039.0	2845.0	3749.0	4973.0	6373.0	7326.0	6875.0	4314.0	1267.0	110.0	2.0
	10.0	11.0	12.0	13.0	14.0	15.0	16.0	17.0	18.0	19.0	20.0	21.0	22.0	23.0	24.0	25.0	26.0	27.0	28.0	29.0	30.0	31.0	32.0	33.0	34.0	35.0	36.0	37.0
Soil_DNA_16S_KN482_TACACGAT-ACGCGTGA_S117_L001_R2	8.0	111.0	1196.0	4044.0	2965.0	1206.0	2372.0	3128.0	1067.0	593.0	603.0	630.0	702.0	855.0	1033.0	1193.0	1645.0	2051.0	2802.0	3907.0	5389.0	6890.0	8226.0	7791.0	4768.0	1406.0	121.0	1.0
	9.0	10.0	11.0	12.0	13.0	14.0	15.0	16.0	17.0	18.0	19.0	20.0	21.0	22.0	23.0	24.0	25.0	26.0	27.0	28.0	29.0	30.0	31.0	32.0	33.0	34.0	35.0	36.0	37.0
Soil_DNA_16S_KN48L_CGAGAAGA-GATAGCGT_S115_L001_R2	2.0	79.0	515.0	3708.0	12092.0	9844.0	6167.0	11015.0	15824.0	6449.0	3715.0	3093.0	3054.0	3282.0	3695.0	4309.0	5276.0	6773.0	8824.0	11422.0	15219.0	19254.0	22800.0	22940.0	17351.0	8619.0	1857.0	79.0	1.0

