Sample	FastQC_mqc-generalstats-fastqc-percent_duplicates	FastQC_mqc-generalstats-fastqc-percent_gc	FastQC_mqc-generalstats-fastqc-avg_sequence_length	FastQC_mqc-generalstats-fastqc-percent_fails	FastQC_mqc-generalstats-fastqc-total_sequences
401954_16S_KN48L_GAACTAGT-AAGCAGCA_S1_L001_R2	76.82224075410174	58.0	300.4727097251764	45.45454545454545	106723.0
401955_16S_KN48L_GAACTAGT-ACGCGTGA_S2_L001_R2	76.07719720460962	58.0	300.4466052668117	45.45454545454545	108035.0
401956_16S_KN48L_GAACTAGT-CGATCTAC_S3_L001_R2	77.47083195023298	58.0	300.47817160279817	36.36363636363637	81339.0
401957_16S_KN48L_GAACTAGT-ACGACGTG_S4_L001_R2	74.61967385586533	59.0	300.46203051025776	45.45454545454545	95050.0
401958_16S_KN48L_GAACTAGT-GTCTAGTG_S5_L001_R2	67.43375330673004	58.0	300.46859166928215	45.45454545454545	89212.0
401959_16S_KN48L_GAACTAGT-CTAGTATG_S6_L001_R2	72.51824354702973	58.0	300.75551917734	45.45454545454545	173486.0
401960_16S_KN48L_GAACTAGT-GATAGCGT_S7_L001_R2	64.17985373478305	58.0	300.46396422092664	45.45454545454545	87649.0
401961_16S_KN48L_GAACTAGT-TCTACACT_S8_L001_R2	63.14840287329971	57.0	300.4624484181568	45.45454545454545	98145.0
401962_16S_KN48L_GACGGAAC-AAGCAGCA_S9_L001_R2	75.8383003389745	58.0	300.4835742278564	45.45454545454545	79357.0
401963_16S_KN48L_GACGGAAC-ACGCGTGA_S10_L001_R2	66.98234665153731	58.0	300.46684269099	45.45454545454545	91654.0
401964_16S_KN48L_GACGGAAC-CGATCTAC_S11_L001_R2	68.39250176542338	58.0	300.45599280991206	45.45454545454545	62308.0
401965_16S_KN48L_GACGGAAC-ACGACGTG_S12_L001_R2	69.11333847340015	58.0	300.45962798766385	45.45454545454545	103760.0
401966_16S_KN48L_GACGGAAC-GTCTAGTG_S13_L001_R2	67.00073583517292	58.0	300.49814569536426	45.45454545454545	67950.0
401967_16S_KN48L_GACGGAAC-CTAGTATG_S14_L001_R2	66.33375293922049	58.0	300.4992162078712	45.45454545454545	84206.0
401968_16S_KN48L_GACGGAAC-GATAGCGT_S15_L001_R2	64.89233099087372	58.0	300.47772892118445	45.45454545454545	75277.0
401969_16S_KN48L_GACGGAAC-TCTACACT_S16_L001_R2	63.848246891185525	58.0	300.50576413585696	45.45454545454545	83794.0
401970_16S_KN48L_CAAGCATG-AAGCAGCA_S17_L001_R2	78.44040147418914	58.0	300.4835908707243	45.45454545454545	119659.0
401971_16S_KN48L_CAAGCATG-ACGCGTGA_S18_L001_R2	70.03964379174316	58.0	300.4689196578526	45.45454545454545	102412.0
401972_16S_KN48L_CAAGCATG-CGATCTAC_S19_L001_R2	63.98860062312656	58.0	300.48488696602334	45.45454545454545	67723.0
401973_16S_KN48L_CAAGCATG-ACGACGTG_S20_L001_R2	72.27151814554436	58.0	300.49570587117614	45.45454545454545	105260.0
401974_16S_KN48L_CAAGCATG-GTCTAGTG_S21_L001_R2	75.31611029404964	58.0	300.4822266004384	45.45454545454545	108111.0
401975_16S_KN48L_CAAGCATG-CTAGTATG_S22_L001_R2	74.95813063242683	59.0	300.4826640880453	45.45454545454545	100312.0
401976_16S_KN48L_CAAGCATG-GATAGCGT_S23_L001_R2	70.5107160411392	59.0	300.47293399734764	36.36363636363637	107829.0
401977_16S_KN48L_CAAGCATG-TCTACACT_S24_L001_R2	73.55360070790933	59.0	300.48530827889545	36.36363636363637	76846.0
401978_16S_KN48L_CCTGAACT-AAGCAGCA_S25_L001_R2	74.92939796376486	58.0	300.4528812872018	45.45454545454545	138098.0
401979_16S_KN48L_CCTGAACT-ACGCGTGA_S26_L001_R2	74.19445491182914	58.0	300.44896564497895	45.45454545454545	156571.0
401980_16S_KN48L_CCTGAACT-CGATCTAC_S27_L001_R2	67.37641923298825	58.0	300.48362235067435	45.45454545454545	91863.0
401981_16S_KN48L_CCTGAACT-ACGACGTG_S28_L001_R2	73.11760326547378	58.0	300.50012835981823	45.45454545454545	77906.0
401982_16S_KN48L_CCTGAACT-GTCTAGTG_S29_L001_R2	79.62569387155861	58.0	300.5026146898027	36.36363636363637	143038.0
401983_16S_KN48L_CCTGAACT-CTAGTATG_S30_L001_R2	72.86000202908977	58.0	300.49561439915885	45.45454545454545	108423.0
401984_16S_KN48L_CCTGAACT-GATAGCGT_S31_L001_R2	77.18177764352191	59.0	300.486176440973	36.36363636363637	139038.0
401985_16S_KN48L_CCTGAACT-TCTACACT_S32_L001_R2	72.5336158170248	58.0	300.4879338740731	45.45454545454545	129329.0
401986_16S_KN48L_CTTCGGCA-AAGCAGCA_S33_L001_R2	76.57531776796178	58.0	300.4801113314703	36.36363636363637	88744.0
401987_16S_KN48L_CTTCGGCA-ACGCGTGA_S34_L001_R2	70.44067186716873	58.0	300.4725559996402	45.45454545454545	77813.0
401988_16S_KN48L_CTTCGGCA-CGATCTAC_S35_L001_R2	71.28474313742363	60.0	300.43351117230304	45.45454545454545	69726.0
401989_16S_KN48L_CTTCGGCA-ACGACGTG_S36_L001_R2	67.06087997228434	59.0	300.41867972662277	45.45454545454545	63502.0
401990_16S_KN48L_CTTCGGCA-GTCTAGTG_S37_L001_R2	71.05363293102944	58.0	300.48580878694156	36.36363636363637	102493.0
401991_16S_KN48L_CTTCGGCA-CTAGTATG_S38_L001_R2	63.741643417381695	58.0	300.4619150392167	45.45454545454545	94985.0
401992_16S_KN48L_CTTCGGCA-GATAGCGT_S39_L001_R2	67.72837389586672	59.0	300.4387089560583	45.45454545454545	134155.0
401993_16S_KN48L_CTTCGGCA-TCTACACT_S40_L001_R2	54.03355268801392	52.0	300.4260995306545	54.54545454545454	81603.0
401994_16S_KN48L_ACGGGACA-AAGCAGCA_S41_L001_R2	71.03927250924353	59.0	300.45878884780655	45.45454545454545	100070.0
401995_16S_KN48L_ACGGGACA-ACGCGTGA_S42_L001_R2	56.874084094239656	57.0	300.4275504452711	45.45454545454545	88710.0
401996_16S_KN48L_ACGGGACA-CGATCTAC_S43_L001_R2	56.11827268424423	59.0	300.4432859091795	45.45454545454545	71834.0
401997_16S_KN48L_ACGGGACA-ACGACGTG_S44_L001_R2	58.46484375	56.0	300.430625	45.45454545454545	76800.0
401998_16S_KN48L_ACGGGACA-GTCTAGTG_S45_L001_R2	70.68659577499449	57.0	300.40691258564635	45.45454545454545	154414.0
401999_16S_KN48L_ACGGGACA-CTAGTATG_S46_L001_R2	70.58680256304568	59.0	300.41329111552443	45.45454545454545	106748.0
402000_16S_KN48L_ACGGGACA-GATAGCGT_S47_L001_R2	68.61430697630466	58.0	300.43929102979047	45.45454545454545	169316.0
402001_16S_KN48L_ACGGGACA-TCTACACT_S48_L001_R2	66.96723271944511	56.0	300.4344415211672	45.45454545454545	125430.0
402002_16S_KN48L_GTCATATC-AAGCAGCA_S49_L001_R2	80.3510469085734	60.0	300.4211911782489	45.45454545454545	107507.0
402003_16S_KN48L_GTCATATC-ACGCGTGA_S50_L001_R2	68.69957772185802	57.0	300.36015681531	45.45454545454545	92593.0
402004_16S_KN48L_GTCATATC-CGATCTAC_S51_L001_R2	50.98630174181024	58.0	299.852672450074	45.45454545454545	73659.0
402005_16S_KN48L_GTCATATC-ACGACGTG_S52_L001_R2	58.01236776846533	58.0	300.467244247732	45.45454545454545	63714.0
402006_16S_KN48L_GTCATATC-GTCTAGTG_S53_L001_R2	69.17105767871924	58.0	300.4708376234026	45.45454545454545	99066.0
402007_16S_KN48L_GTCATATC-CTAGTATG_S54_L001_R2	54.82384099214383	57.0	300.46888727606097	45.45454545454545	78537.0
402008_16S_KN48L_GTCATATC-GATAGCGT_S55_L001_R2	74.07591707433313	59.0	300.4765212150096	36.36363636363637	142682.0
402009_16S_KN48L_GTCATATC-TCTACACT_S56_L001_R2	64.28739204278538	58.0	300.4876413832978	45.45454545454545	110692.0
402010_16S_KN48L_GGAAACCA-AAGCAGCA_S57_L001_R2	75.85532010990252	58.0	300.4933098724077	36.36363636363637	106276.0
402011_16S_KN48L_GGAAACCA-ACGCGTGA_S58_L001_R2	76.6901271586429	58.0	300.50326225776	45.45454545454545	144072.0
402012_16S_KN48L_GGAAACCA-CGATCTAC_S59_L001_R2	65.63488025584184	59.0	300.4427172293491	45.45454545454545	110068.0
402013_16S_KN48L_GGAAACCA-ACGACGTG_S60_L001_R2	65.06390037615944	55.0	300.4483228585002	45.45454545454545	128403.0
402014_16S_KN48L_GGAAACCA-GTCTAGTG_S61_L001_R2	73.47297833219166	58.0	299.8696326206872	45.45454545454545	138685.0
402015_16S_KN48L_GGAAACCA-CTAGTATG_S62_L001_R2	64.3970969982816	58.0	300.48327300647145	45.45454545454545	109404.0
402016_16S_KN48L_GGAAACCA-GATAGCGT_S63_L001_R2	64.07285209921119	58.0	300.4613195549903	45.45454545454545	112447.0
402017_16S_KN48L_GGAAACCA-TCTACACT_S64_L001_R2	71.81784010409137	57.0	300.4650918028047	45.45454545454545	172925.0
402018_16S_KN48L_TTGCGCAT-AAGCAGCA_S65_L001_R2	76.68396471198754	59.0	300.4702646600934	36.36363636363637	57810.0
402019_16S_KN48L_TTGCGCAT-ACGCGTGA_S66_L001_R2	77.876954948273	59.0	300.43182137879	45.45454545454545	78199.0
402020_16S_KN48L_TTGCGCAT-CGATCTAC_S67_L001_R2	75.51210625542822	59.0	300.4596564068888	36.36363636363637	47207.0
402021_16S_KN48L_TTGCGCAT-ACGACGTG_S68_L001_R2	70.9455763252345	58.0	300.4190582929726	45.45454545454545	74949.0
402022_16S_KN48L_TTGCGCAT-GTCTAGTG_S69_L001_R2	73.98241942235245	59.0	300.4631896190875	45.45454545454545	59725.0
402023_16S_KN48L_TTGCGCAT-CTAGTATG_S70_L001_R2	72.87553261717578	59.0	300.4114505191142	45.45454545454545	66652.0
402024_16S_KN48L_TTGCGCAT-GATAGCGT_S71_L001_R2	63.85881637711319	59.0	300.45086164566135	45.45454545454545	85534.0
402025_16S_KN48L_TTGCGCAT-TCTACACT_S72_L001_R2	62.65828048653706	58.0	300.4483314273833	45.45454545454545	96190.0
402026_16S_KN48L_ACATTCAG-AAGCAGCA_S73_L001_R2	74.594707781831	59.0	300.47170393555	45.45454545454545	90737.0
402027_16S_KN48L_ACATTCAG-ACGCGTGA_S74_L001_R2	71.63265306122449	59.0	300.4563392857143	45.45454545454545	78400.0
402028_16S_KN48L_ACATTCAG-CGATCTAC_S75_L001_R2	62.404463764354766	58.0	300.4656718354636	45.45454545454545	77065.0
402029_16S_KN48L_ACATTCAG-ACGACGTG_S76_L001_R2	71.52939012896255	58.0	300.46469429821536	45.45454545454545	130503.0
402030_16S_KN48L_ACATTCAG-GTCTAGTG_S77_L001_R2	75.28596568411791	60.0	300.45816377034754	45.45454545454545	145472.0
402031_16S_KN48L_ACATTCAG-CTAGTATG_S78_L001_R2	73.38051684850521	60.0	300.41791013430503	45.45454545454545	95231.0
402032_16S_KN48L_ACATTCAG-GATAGCGT_S79_L001_R2	74.51188388795637	59.0	300.4594250556911	45.45454545454545	160259.0
402033_16S_KN48L_ACATTCAG-TCTACACT_S80_L001_R2	71.97504633606076	59.0	300.49367569278064	45.45454545454545	110605.0
402034_16S_KN48L_ACTGACAG-AAGCAGCA_S81_L001_R2	76.43418847492588	58.0	300.4831028195731	45.45454545454545	108598.0
402035_16S_KN48L_ACTGACAG-ACGCGTGA_S82_L001_R2	64.44856966062164	56.0	300.4216883240516	45.45454545454545	84036.0
402036_16S_KN48L_ACTGACAG-CGATCTAC_S83_L001_R2	70.68394825224001	59.0	300.4739866871976	45.45454545454545	82477.0
402037_16S_KN48L_ACTGACAG-ACGACGTG_S84_L001_R2	70.55164688310667	58.0	300.43425241726277	45.45454545454545	101768.0
402038_16S_KN48L_ACTGACAG-GTCTAGTG_S85_L001_R2	75.74025923626203	59.0	300.4659267308289	36.36363636363637	103072.0
402039_16S_KN48L_ACTGACAG-CTAGTATG_S86_L001_R2	72.21907285074678	59.0	300.41747168457954	45.45454545454545	86437.0
402040_16S_KN48L_ACTGACAG-GATAGCGT_S87_L001_R2	74.79011268474872	59.0	300.42394577512	45.45454545454545	93979.0
402041_16S_KN48L_ACTGACAG-TCTACACT_S88_L001_R2	69.86135923307249	57.0	300.402980818425	45.45454545454545	119229.0
402042_16S_KN48L_CGAGAAGA-AAGCAGCA_S89_L001_R2	79.40857058996184	59.0	300.46975344878194	45.45454545454545	136280.0
402043_16S_KN48L_CGAGAAGA-ACGCGTGA_S90_L001_R2	72.05202793211956	57.0	300.4257983719474	45.45454545454545	126163.0
402044_16S_KN48L_CGAGAAGA-CGATCTAC_S91_L001_R2	72.98183849901773	58.0	300.4421301163706	45.45454545454545	166451.0
402045_16S_KN48L_CGAGAAGA-ACGACGTG_S92_L001_R2	67.79541734860884	57.0	300.4096153846154	45.45454545454545	122200.0
402046_16S_KN48L_CGAGAAGA-GTCTAGTG_S93_L001_R2	74.42954641541343	59.0	300.4316663646796	45.45454545454545	165570.0
402047_16S_KN48L_ATTCCTGT-AAGCAGCA_S94_L001_R2	64.08635402802787	57.0	300.4313982619588	45.45454545454545	102184.0
402048_16S_KN48L_ATTCCTGT-ACGCGTGA_S95_L001_R2	65.15339791769716	58.0	300.4478278179252	45.45454545454545	82889.0
402049_16S_KN48L_ATTCCTGT-CGATCTAC_S96_L001_R2	63.98515016759478	58.0	300.4526795133742	45.45454545454545	74883.0
402050_16S_KN482_GTCAATTG-AAGCAGCA_S1_L001_R2	75.05481005481005	57.0	300.716443016443	45.45454545454545	105820.0
402051_16S_KN482_GTCAATTG-ACGCGTGA_S2_L001_R2	57.26442507264425	47.0	300.80472533554723	54.54545454545454	28908.0
402052_16S_KN482_GTCAATTG-CGATCTAC_S3_L001_R2	66.25152708022262	56.0	299.9144156373015	45.45454545454545	58936.0
402053_16S_KN482_GTCAATTG-ACGACGTG_S4_L001_R2	67.65017133642411	55.0	300.7444819592824	45.45454545454545	79376.0
402054_16S_KN482_GTCAATTG-GTCTAGTG_S5_L001_R2	73.87190313883096	58.0	300.7294398941853	45.45454545454545	98285.0
402055_16S_KN482_GTCAATTG-CTAGTATG_S6_L001_R2	73.60693287733409	54.0	300.7515965251169	54.54545454545454	94737.0
402056_16S_KN482_GTCAATTG-GATAGCGT_S7_L001_R2	68.75813057094676	57.0	300.7290050590219	45.45454545454545	83020.0
402057_16S_KN482_GTCAATTG-TCTACACT_S8_L001_R2	65.25703369225425	44.0	300.8323636679403	54.54545454545454	46064.0
402058_16S_KN482_ATGAGACT-AAGCAGCA_S9_L001_R2	66.88830142326898	58.0	300.72196854388636	45.45454545454545	74898.0
402059_16S_KN482_ATGAGACT-ACGCGTGA_S10_L001_R2	56.864741061203716	50.0	300.7797938669042	54.54545454545454	39295.0
402060_16S_KN482_ATGAGACT-CGATCTAC_S11_L001_R2	62.345961657143995	57.0	300.7312814795644	45.45454545454545	50231.0
402061_16S_KN482_ATGAGACT-ACGACGTG_S12_L001_R2	59.458542342874004	53.0	300.7327235172617	54.54545454545454	67780.0
402062_16S_KN482_ATGAGACT-GTCTAGTG_S13_L001_R2	69.03932171707056	57.0	300.73101008077975	45.45454545454545	74895.0
402063_16S_KN482_ATGAGACT-CTAGTATG_S14_L001_R2	66.74902734497445	54.0	300.72470635959655	45.45454545454545	54233.0
402064_16S_KN482_ATGAGACT-GATAGCGT_S15_L001_R2	69.77519278525682	57.0	299.9142595739119	45.45454545454545	76510.0
402065_16S_KN482_ATGAGACT-TCTACACT_S16_L001_R2	59.30133017252733	47.0	300.8035361517187	54.54545454545454	30372.0
402066_16S_KN482_GAATCTTC-AAGCAGCA_S17_L001_R2	73.6471637764094	56.0	300.7211862747231	45.45454545454545	91918.0
402067_16S_KN482_GAATCTTC-ACGCGTGA_S18_L001_R2	69.21331860956406	55.0	300.6984828115998	45.45454545454545	83312.0
402068_16S_KN482_GAATCTTC-CGATCTAC_S19_L001_R2	68.65417750414294	58.0	300.72335078304195	45.45454545454545	91119.0
402069_16S_KN482_GAATCTTC-ACGACGTG_S20_L001_R2	56.84848303063933	54.0	300.7426176157411	45.45454545454545	66679.0
402070_16S_KN482_GAATCTTC-GTCTAGTG_S21_L001_R2	62.24511969867082	53.0	300.76750208250337	54.54545454545454	55222.0
402071_16S_KN482_GAATCTTC-CTAGTATG_S22_L001_R2	60.87700689455667	47.0	300.80008196326116	54.54545454545454	41482.0
402072_16S_KN482_GAATCTTC-GATAGCGT_S23_L001_R2	63.72447576261641	55.0	300.7455762354451	45.45454545454545	76349.0
402073_16S_KN482_CCAGTGTA-ACGCGTGA_S24_L001_R2	56.17600583444755	51.0	300.76849398322594	54.54545454545454	41135.0
402074_16S_KN482_ACACGTAA-AAGCAGCA_S25_L001_R2	67.9070216981588	59.0	300.70410283670805	45.45454545454545	82772.0
402075_16S_KN482_ACACGTAA-ACGCGTGA_S26_L001_R2	66.90490849550731	55.0	300.74162807505957	45.45454545454545	112071.0
402076_16S_KN482_ACACGTAA-CGATCTAC_S27_L001_R2	67.01299906072799	58.0	300.72481649408024	45.45454545454545	86237.0
402077_16S_KN482_ACACGTAA-ACGACGTG_S28_L001_R2	56.340356890815606	51.0	300.77892932755316	54.54545454545454	49595.0
402078_16S_KN482_ACACGTAA-GTCTAGTG_S29_L001_R2	71.13605699174268	60.0	300.7041610448486	54.54545454545454	92645.0
402079_16S_KN482_ACACGTAA-CTAGTATG_S30_L001_R2	68.67031168223778	59.0	300.7155885660835	45.45454545454545	89803.0
402080_16S_KN482_ACACGTAA-GATAGCGT_S31_L001_R2	66.92682594321938	59.0	300.70577008281924	54.54545454545454	88023.0
402081_16S_KN482_ACACGTAA-TCTACACT_S32_L001_R2	67.18478278871794	55.0	300.74100266649003	45.45454545454545	120758.0
402082_16S_KN482_GAGTGGTA-AAGCAGCA_S33_L001_R2	69.43225239238495	58.0	300.72320697933924	45.45454545454545	147865.0
402083_16S_KN482_GAGTGGTA-ACGCGTGA_S34_L001_R2	57.64522590696639	49.0	300.7917649677276	54.54545454545454	67395.0
402084_16S_KN482_GAGTGGTA-CGATCTAC_S35_L001_R2	65.29944670760625	59.0	300.7083480269958	45.45454545454545	82235.0
402085_16S_KN482_GAGTGGTA-ACGACGTG_S36_L001_R2	61.167059723373065	59.0	300.70345464975463	45.45454545454545	94134.0
402086_16S_KN482_GAGTGGTA-GTCTAGTG_S37_L001_R2	68.0649274152059	58.0	300.7232010378843	45.45454545454545	134119.0
402087_16S_KN482_GAGTGGTA-CTAGTATG_S38_L001_R2	67.44562977245894	54.0	300.7484053961534	54.54545454545454	143139.0
402088_16S_KN482_GAGTGGTA-GATAGCGT_S39_L001_R2	64.0610379327719	56.0	300.7349264617673	45.45454545454545	125037.0
402089_16S_KN482_GAGTGGTA-TCTACACT_S40_L001_R2	60.26700572155118	49.0	300.79543381519665	54.54545454545454	72358.0
402090_16S_KN482_GAAGTTGG-AAGCAGCA_S41_L001_R2	65.0577504457249	54.0	300.755251802279	54.54545454545454	116103.0
402091_16S_KN482_GAAGTTGG-ACGCGTGA_S42_L001_R2	57.238391072947785	51.0	300.77102665057475	54.54545454545454	50543.0
402092_16S_KN482_GAAGTTGG-CGATCTAC_S43_L001_R2	60.236303712455694	56.0	300.7414588644985	45.45454545454545	80405.0
402093_16S_KN482_GAAGTTGG-ACGACGTG_S44_L001_R2	65.59089098932893	55.0	300.7499085685492	45.45454545454545	123043.0
402094_16S_KN482_GAAGTTGG-GTCTAGTG_S45_L001_R2	69.21305414987425	58.0	300.7308566407079	45.45454545454545	132004.0
402095_16S_KN482_GAAGTTGG-CTAGTATG_S46_L001_R2	68.16416479726459	51.0	300.7810773685407	54.54545454545454	101191.0
402096_16S_KN482_GAAGTTGG-GATAGCGT_S47_L001_R2	72.4741431336233	59.0	300.71485651260065	45.45454545454545	96106.0
402097_16S_KN482_GAAGTTGG-TCTACACT_S48_L001_R2	68.40418713950011	57.0	300.7146297411198	45.45454545454545	102982.0
402098_16S_KN482_TTCCTAGG-AAGCAGCA_S49_L001_R2	68.61148481200877	59.0	300.6914253345606	54.54545454545454	70615.0
402099_16S_KN482_TTCCTAGG-ACGCGTGA_S50_L001_R2	62.83460161145927	59.0	300.70586392121754	45.45454545454545	89360.0
402100_16S_KN482_CCAGTGTA-CGATCTAC_S51_L001_R2	78.27677266628494	60.0	300.70725474947227	54.54545454545454	234026.0
402101_16S_KN482_TTCCTAGG-ACGACGTG_S52_L001_R2	63.97459595241481	56.0	300.7208777667188	45.45454545454545	105495.0
402102_16S_KN482_TTCCTAGG-GTCTAGTG_S53_L001_R2	72.27286876862188	61.0	300.6766242718015	54.54545454545454	89948.0
402103_16S_KN482_TTCCTAGG-CTAGTATG_S54_L001_R2	71.05459296815334	55.0	300.7411779861424	54.54545454545454	108677.0
402104_16S_KN482_TTCCTAGG-GATAGCGT_S55_L001_R2	69.95626495858946	60.0	300.69046266163883	45.45454545454545	116154.0
402105_16S_KN482_TTCCTAGG-TCTACACT_S56_L001_R2	65.29238074337131	59.0	300.7113401033458	45.45454545454545	100246.0
402106_16S_KN482_GCACGACA-AAGCAGCA_S57_L001_R2	69.68309148938695	60.0	300.6860814161812	45.45454545454545	84283.0
402107_16S_KN482_GCACGACA-ACGCGTGA_S58_L001_R2	67.18605898123324	58.0	300.70058981233245	45.45454545454545	93250.0
402108_16S_KN482_GCACGACA-CGATCTAC_S59_L001_R2	68.14171491590847	59.0	300.7026927672089	45.45454545454545	65286.0
402109_16S_KN482_GCACGACA-ACGACGTG_S60_L001_R2	64.31616828778309	59.0	300.6884132329349	45.45454545454545	69191.0
402110_16S_KN482_GCACGACA-GTCTAGTG_S61_L001_R2	71.54393315631775	59.0	299.9169813159241	45.45454545454545	82102.0
402111_16S_KN482_GCACGACA-CTAGTATG_S62_L001_R2	70.02193080606901	54.0	300.73926956988765	54.54545454545454	89372.0
402112_16S_KN482_GCACGACA-GATAGCGT_S63_L001_R2	68.82716496113709	59.0	300.67864638365006	54.54545454545454	69089.0
402113_16S_KN482_GCACGACA-TCTACACT_S64_L001_R2	67.6076908855611	52.0	300.76197078942505	54.54545454545454	54090.0
402114_16S_KN482_ATCGATCT-AAGCAGCA_S65_L001_R2	76.67794078889573	58.0	300.6992115435298	54.54545454545454	91064.0
402115_16S_KN482_ATCGATCT-ACGCGTGA_S66_L001_R2	78.47540272680156	58.0	300.6570132109199	54.54545454545454	94543.0
402116_16S_KN482_ATCGATCT-CGATCTAC_S67_L001_R2	70.78602683568593	57.0	300.69868729011904	45.45454545454545	68789.0
402117_16S_KN482_ATCGATCT-ACGACGTG_S68_L001_R2	77.50067446399949	58.0	300.6549997619539	45.45454545454545	126026.0
402118_16S_KN482_ATCGATCT-GTCTAGTG_S69_L001_R2	75.46527131956661	58.0	300.70744770249524	54.54545454545454	89249.0
402119_16S_KN482_ATCGATCT-CTAGTATG_S70_L001_R2	75.36011749084618	58.0	300.70390898483083	54.54545454545454	99412.0
402120_16S_KN482_ATCGATCT-GATAGCGT_S71_L001_R2	80.89953853546206	58.0	300.6776185166046	45.45454545454545	110301.0
402121_16S_KN482_ATCGATCT-TCTACACT_S72_L001_R2	77.38470873786407	58.0	300.6802588996764	45.45454545454545	98880.0
402122_16S_KN482_CTTGTGTC-AAGCAGCA_S73_L001_R2	77.82474552389282	58.0	300.70036197556055	54.54545454545454	82326.0
402123_16S_KN482_CTTGTGTC-ACGCGTGA_S74_L001_R2	78.07658127583942	58.0	300.69279587342066	45.45454545454545	103524.0
402124_16S_KN482_CTTGTGTC-CGATCTAC_S75_L001_R2	72.7599578828424	58.0	300.71524692467705	45.45454545454545	77878.0
402125_16S_KN482_CTTGTGTC-ACGACGTG_S76_L001_R2	76.7688909737696	58.0	300.69670849458583	54.54545454545454	102324.0
402126_16S_KN482_CTTGTGTC-GTCTAGTG_S77_L001_R2	79.23567416916515	58.0	300.7061272750306	54.54545454545454	118405.0
402127_16S_KN482_CTTGTGTC-CTAGTATG_S78_L001_R2	79.00419204302776	58.0	300.6802677370877	54.54545454545454	101144.0
402128_16S_KN482_CTTGTGTC-GATAGCGT_S79_L001_R2	77.7423450556589	59.0	300.69300499010836	54.54545454545454	101601.0
402129_16S_KN482_CTTGTGTC-TCTACACT_S80_L001_R2	74.32281891992253	58.0	300.6913017733664	45.45454545454545	99641.0
402130_16S_KN482_TGAGCCGG-AAGCAGCA_S81_L001_R2	73.16409196759487	59.0	300.7021002110051	54.54545454545454	91467.0
402131_16S_KN482_TGAGCCGG-ACGCGTGA_S82_L001_R2	73.8871430832184	60.0	300.6842063617661	54.54545454545454	88466.0
402132_16S_KN482_TGAGCCGG-CGATCTAC_S83_L001_R2	72.63380652661598	60.0	300.6973833592182	54.54545454545454	110103.0
402133_16S_KN482_TGAGCCGG-ACGACGTG_S84_L001_R2	73.08898562935917	60.0	300.6927959556242	54.54545454545454	106815.0
402134_16S_KN482_TGAGCCGG-GTCTAGTG_S85_L001_R2	77.05069223262447	61.0	300.68296710956685	54.54545454545454	93249.0
402135_16S_KN482_TGAGCCGG-CTAGTATG_S86_L001_R2	73.36954959615993	60.0	300.6812489820164	54.54545454545454	104373.0
402136_16S_KN482_TGAGCCGG-GATAGCGT_S87_L001_R2	71.01330715532286	60.0	300.7032068062827	54.54545454545454	91680.0
402137_16S_KN482_TGAGCCGG-TCTACACT_S88_L001_R2	68.94675370533005	57.0	300.7331619118326	45.45454545454545	110449.0
402138_16S_KN482_GCGGCAAT-AAGCAGCA_S89_L001_R2	73.86295451818073	60.0	300.67808712348494	54.54545454545454	49998.0
402139_16S_KN482_GCGGCAAT-ACGCGTGA_S90_L001_R2	70.54635135941447	58.0	300.6881202887886	45.45454545454545	50279.0
402140_16S_KN482_GCGGCAAT-CGATCTAC_S91_L001_R2	70.25762177972776	60.0	300.68853639329507	54.54545454545454	44445.0
402141_16S_KN482_GCGGCAAT-ACGACGTG_S92_L001_R2	70.88960342979635	59.0	300.6810679138653	54.54545454545454	51315.0
402142_16S_KN482_GCGGCAAT-GTCTAGTG_S93_L001_R2	76.40752134262883	59.0	300.65178295138065	54.54545454545454	54937.0
402143_16S_KN482_ATTCCTGT-ACGACGTG_S94_L001_R2	69.61510583668104	57.0	300.69207238418164	45.45454545454545	81399.0
402144_16S_KN482_ATTCCTGT-GTCTAGTG_S95_L001_R2	74.88794413558279	59.0	300.7059808014158	54.54545454545454	51983.0
402145_16S_KN482_ATTCCTGT-CTAGTATG_S96_L001_R2	70.1897323940492	58.0	300.71290315320385	45.45454545454545	88862.0
402146_16S_KN48L_GGCCACGT-AAGCAGCA_S97_L001_R2	74.97722909631041	59.0	300.4775443857461	45.45454545454545	71363.0
402147_16S_KN48L_GGCCACGT-ACGCGTGA_S98_L001_R2	71.02399260473129	59.0	300.4582020252952	45.45454545454545	95196.0
402148_16S_KN48L_GGCCACGT-CGATCTAC_S99_L001_R2	75.63068920676203	58.0	300.5296997794991	45.45454545454545	88435.0
402149_16S_KN48L_GGCCACGT-ACGACGTG_S100_L001_R2	74.554449245413	59.0	300.4773999624272	45.45454545454545	79845.0
402150_16S_KN48L_GGCCACGT-GTCTAGTG_S101_L001_R2	79.51051739607217	59.0	300.49627155816967	45.45454545454545	100310.0
402151_16S_KN48L_GGCCACGT-CTAGTATG_S102_L001_R2	77.26397142089964	59.0	300.4913083577524	45.45454545454545	85657.0
402152_16S_KN48L_GGCCACGT-GATAGCGT_S103_L001_R2	74.86907216494845	58.0	300.4963092783505	45.45454545454545	97000.0
402153_16S_KN48L_GGCCACGT-TCTACACT_S104_L001_R2	71.23041474654377	58.0	300.4849216589862	45.45454545454545	108500.0
402154_16S_KN48L_TAGGAACT-AAGCAGCA_S105_L001_R2	77.07743267245931	58.0	300.4672459315443	45.45454545454545	104155.0
402155_16S_KN48L_TAGGAACT-ACGCGTGA_S106_L001_R2	75.69578701466087	58.0	300.45087199935557	45.45454545454545	99312.0
402156_16S_KN48L_TAGGAACT-CGATCTAC_S107_L001_R2	74.30153744420565	59.0	300.4719168457596	45.45454545454545	96784.0
402157_16S_KN48L_TAGGAACT-ACGACGTG_S108_L001_R2	75.23626224492314	59.0	300.4500045237331	45.45454545454545	121581.0
402158_16S_KN48L_TAGGAACT-GTCTAGTG_S109_L001_R2	76.17082618824767	59.0	300.4617103114688	45.45454545454545	146371.0
402159_16S_KN48L_TAGGAACT-CTAGTATG_S110_L001_R2	72.42617395513957	59.0	300.4444623742671	45.45454545454545	148728.0
402160_16S_KN48L_TAGGAACT-GATAGCGT_S111_L001_R2	74.9217494611946	59.0	300.4732653511945	45.45454545454545	131309.0
402161_16S_KN48L_TAGGAACT-TCTACACT_S112_L001_R2	71.8166843249012	58.0	300.4773136798472	45.45454545454545	129307.0
402162_16S_KN482_CTAGCGAA-AAGCAGCA_S97_L001_R2	77.49249486490757	60.0	300.6586480223311	54.54545454545454	75948.0
402163_16S_KN482_CTAGCGAA-ACGCGTGA_S98_L001_R2	73.72162727998433	60.0	300.67501091982587	54.54545454545454	66393.0
402164_16S_KN482_CTAGCGAA-CGATCTAC_S99_L001_R2	71.84376013967645	60.0	300.67828061989155	54.54545454545454	64721.0
402165_16S_KN482_CTAGCGAA-ACGACGTG_S100_L001_R2	71.55411910328704	59.0	300.66677210837577	45.45454545454545	72710.0
59000_16S_KN482_GACAGGAG-AAGCAGCA_S101_L001_R2	70.87514669604579	60.0	300.69007017459825	54.54545454545454	83506.0
59001_16S_KN482_GACAGGAG-ACGCGTGA_S102_L001_R2	69.39311747753857	60.0	300.70271797479796	54.54545454545454	70788.0
59002_16S_KN482_GACAGGAG-CGATCTAC_S103_L001_R2	67.05101586830787	60.0	300.7108482871126	45.45454545454545	80916.0
59003_16S_KN482_GACAGGAG-ACGACGTG_S104_L001_R2	66.88742985838073	56.0	300.72346070160705	45.45454545454545	104788.0
59004_16S_KN482_GACAGGAG-GTCTAGTG_S105_L001_R2	76.44525258271284	60.0	300.6394664933007	54.54545454545454	98443.0
59005_16S_KN482_GACAGGAG-CTAGTATG_S106_L001_R2	77.02010533083853	59.0	300.54229488300183	45.45454545454545	138421.0
59006_16S_KN482_GACAGGAG-GATAGCGT_S107_L001_R2	71.7630408764098	59.0	300.7313810967353	54.54545454545454	114467.0
59007_16S_KN482_GACAGGAG-TCTACACT_S108_L001_R2	71.44245016634517	54.0	300.75390701445383	54.54545454545454	143076.0
ATCC1002MOCK_16S_KN482_CTAGCGAA-GTCTAGTG_S109_L001_R2	91.00814418268008	53.0	300.8199542256506	54.54545454545454	153361.0
ATCC1002MOCK_16S_KN482_GCGGCAAT-CTAGTATG_S110_L001_R2	90.43614938815657	53.0	300.8261573917823	54.54545454545454	103703.0
ATCC1002MOCK_16S_KN482_TACACGAT-AAGCAGCA_S111_L001_R2	91.99650564810338	53.0	300.8085743483803	54.54545454545454	182008.0
ATCC1002MOCK_16S_KN48L_CGAGAAGA-CTAGTATG_S113_L001_R2	89.49660374213444	53.0	300.5949868733592	45.45454545454545	239970.0
No_Template_Control_16S_KN482_CTAGCGAA-GATAGCGT_S112_L001_R2	48.49668098399063	41.0	299.916509886053	36.36363636363637	169026.0
No_Template_Control_16S_KN482_GCGGCAAT-TCTACACT_S113_L001_R2	54.99255726950588	40.0	299.92191060819624	54.54545454545454	151826.0
No_Template_Control_16S_KN482_TACACGAT-ACGACGTG_S114_L001_R2	36.85899767973936	40.0	300.84421107095795	36.36363636363637	123693.0
No_Template_Control_16S_KN48L_CGAGAAGA-TCTACACT_S114_L001_R2	57.60085127086686	44.0	300.3836013607546	45.45454545454545	258680.0
Soil_DNA_16S_KN482_CTAGCGAA-CTAGTATG_S115_L001_R2	59.94215040893676	55.0	300.7253939756633	45.45454545454545	100260.0
Soil_DNA_16S_KN482_GCGGCAAT-GATAGCGT_S116_L001_R2	58.71222945839036	55.0	300.7302780994781	45.45454545454545	66487.0
Soil_DNA_16S_KN482_TACACGAT-ACGCGTGA_S117_L001_R2	55.90003448120775	55.0	300.724060387089	45.45454545454545	66703.0
Soil_DNA_16S_KN48L_CGAGAAGA-GATAGCGT_S115_L001_R2	63.08600797331667	56.0	300.42220735903686	45.45454545454545	227258.0
