	295	296	297	298	299	300	301
401954_ITS_KP69D_GAAGAAGC-ACGACGTG_S1_L001_R2	3.0	4.0	32.0	75.0	1320.0	2578.0	50166.0
	295	296	297	298	299	300	301
401955_ITS_KP69D_GAAGAAGC-ATATACAC_S2_L001_R2	10.0	8.0	118.0	230.0	3002.0	7882.0	43139.0
	293	294	295	296	297	298	299	300	301
401956_ITS_KP69D_GAAGAAGC-CGTCGCTA_S3_L001_R2	1.0	2.0	5.0	7.0	65.0	100.0	3410.0	7669.0	25815.0
	292	293	294	295	296	297	298	299	300	301
401957_ITS_KP69D_GAAGAAGC-CTAGAGCT_S4_L001_R2	1.0	0.0	1.0	7.0	7.0	67.0	131.0	4349.0	12795.0	42825.0
	291	292	293	294	295	296	297	298	299	300	301
401958_ITS_KP69D_GAAGAAGC-GCTCTAGT_S5_L001_R2	1.0	0.0	0.0	0.0	6.0	11.0	232.0	627.0	4334.0	14305.0	47125.0
	295	296	297	298	299	300	301
401959_ITS_KP69D_GAAGAAGC-GACACTGA_S6_L001_R2	6.0	10.0	205.0	494.0	3558.0	12109.0	56303.0
	294	295	296	297	298	299	300	301
401960_ITS_KP69D_GAAGAAGC-TGCGTACG_S7_L001_R2	1.0	1.0	3.0	194.0	205.0	3923.0	5302.0	49209.0
	295	296	297	298	299	300	301
401961_ITS_KP69D_GAAGAAGC-TAGTGTAG_S8_L001_R2	10.0	4.0	137.0	277.0	3481.0	6041.0	31861.0
	295	296	297	298	299	300	301
401962_ITS_KP69D_GAGAGAAT-ACGACGTG_S9_L001_R2	5.0	6.0	97.0	120.0	1527.0	5325.0	18939.0
	291	292	293	294	295	296	297	298	299	300	301
401963_ITS_KP69D_GAGAGAAT-ATATACAC_S10_L001_R2	10.0	0.0	2.0	2.0	9.0	23.0	574.0	517.0	5010.0	18521.0	75370.0
	290	291	292	293	294	295	296	297	298	299	300	301
401964_ITS_KP69D_GAGAGAAT-CGTCGCTA_S11_L001_R2	1.0	0.0	0.0	0.0	1.0	16.0	7.0	967.0	232.0	4760.0	9850.0	64623.0
	291	292	293	294	295	296	297	298	299	300	301
401965_ITS_KP69D_GAGAGAAT-CTAGAGCT_S12_L001_R2	4.0	1.0	0.0	0.0	8.0	12.0	654.0	343.0	3973.0	12954.0	65218.0
	293	294	295	296	297	298	299	300	301
401966_ITS_KP69D_GAGAGAAT-GCTCTAGT_S13_L001_R2	1.0	0.0	10.0	14.0	146.0	372.0	9373.0	17429.0	48264.0
	289	290	291	292	293	294	295	296	297	298	299	300	301
401967_ITS_KP69D_GAGAGAAT-GACACTGA_S14_L001_R2	1.0	0.0	0.0	0.0	2.0	0.0	20.0	28.0	195.0	1890.0	5370.0	23888.0	126480.0
	295	296	297	298	299	300	301
401968_ITS_KP69D_GAGAGAAT-TGCGTACG_S15_L001_R2	8.0	4.0	124.0	160.0	3158.0	11672.0	51518.0
	293	294	295	296	297	298	299	300	301
401969_ITS_KP69D_GAGAGAAT-TAGTGTAG_S16_L001_R2	2.0	0.0	4.0	10.0	49.0	186.0	9526.0	12836.0	45693.0
	289	290	291	292	293	294	295	296	297	298	299	300	301
401970_ITS_KP69D_TCGTCGAT-ACGACGTG_S17_L001_R2	1.0	0.0	0.0	0.0	0.0	0.0	9.0	22.0	141.0	119.0	2846.0	13164.0	60246.0
	294	295	296	297	298	299	300	301
401971_ITS_KP69D_TCGTCGAT-ATATACAC_S18_L001_R2	1.0	5.0	16.0	179.0	193.0	2741.0	17283.0	76438.0
	289	290	291	292	293	294	295	296	297	298	299	300	301
401972_ITS_KP69D_TCGTCGAT-CGTCGCTA_S19_L001_R2	1.0	0.0	0.0	1.0	0.0	1.0	10.0	13.0	173.0	879.0	3792.0	20677.0	59233.0
	294	295	296	297	298	299	300	301
401973_ITS_KP69D_TCGTCGAT-CTAGAGCT_S20_L001_R2	1.0	8.0	12.0	123.0	1878.0	4503.0	17834.0	62376.0
	295	296	297	298	299	300	301
401974_ITS_KP69D_TCGTCGAT-GCTCTAGT_S21_L001_R2	16.0	26.0	187.0	550.0	5925.0	18689.0	54338.0
	294	295	296	297	298	299	300	301
401975_ITS_KP69D_TCGTCGAT-GACACTGA_S22_L001_R2	1.0	16.0	16.0	193.0	406.0	4487.0	14486.0	66337.0
	294	295	296	297	298	299	300	301
401976_ITS_KP69D_TCGTCGAT-TGCGTACG_S23_L001_R2	5.0	4.0	11.0	108.0	349.0	3026.0	12129.0	37616.0
	293	294	295	296	297	298	299	300	301
401977_ITS_KP69D_TCGTCGAT-TAGTGTAG_S24_L001_R2	1.0	0.0	6.0	12.0	109.0	314.0	2311.0	7678.0	36263.0
	290	291	292	293	294	295	296	297	298	299	300	301
401978_ITS_KP69D_ATTGGGCT-ACGACGTG_S25_L001_R2	1.0	0.0	0.0	1.0	0.0	7.0	6.0	169.0	503.0	6522.0	9750.0	60421.0
	291	292	293	294	295	296	297	298	299	300	301
401979_ITS_KP69D_ATTGGGCT-ATATACAC_S26_L001_R2	3.0	1.0	0.0	0.0	13.0	21.0	212.0	341.0	4947.0	12338.0	87024.0
	295	296	297	298	299	300	301
401980_ITS_KP69D_ATTGGGCT-CGTCGCTA_S27_L001_R2	12.0	10.0	192.0	196.0	4557.0	20393.0	44556.0
	291	292	293	294	295	296	297	298	299	300	301
401981_ITS_KP69D_ATTGGGCT-CTAGAGCT_S28_L001_R2	1.0	0.0	0.0	1.0	16.0	13.0	219.0	196.0	5884.0	13457.0	62714.0
	293	294	295	296	297	298	299	300	301
401982_ITS_KP69D_ATTGGGCT-GCTCTAGT_S29_L001_R2	1.0	1.0	19.0	6.0	100.0	336.0	4915.0	14880.0	47207.0
	294	295	296	297	298	299	300	301
401983_ITS_KP69D_ATTGGGCT-GACACTGA_S30_L001_R2	1.0	15.0	8.0	157.0	279.0	5662.0	19451.0	68025.0
	292	293	294	295	296	297	298	299	300	301
401984_ITS_KP69D_ATTGGGCT-TGCGTACG_S31_L001_R2	2.0	0.0	0.0	14.0	16.0	97.0	894.0	4449.0	8687.0	50665.0
	292	293	294	295	296	297	298	299	300	301
401985_ITS_KP69D_ATTGGGCT-TAGTGTAG_S32_L001_R2	2.0	0.0	0.0	31.0	11.0	78.0	368.0	4714.0	6181.0	49239.0
	291	292	293	294	295	296	297	298	299	300	301
401986_ITS_KP69D_ACCACATA-ACGACGTG_S33_L001_R2	1.0	1.0	0.0	1.0	11.0	5.0	105.0	1358.0	5833.0	15730.0	42662.0
	293	294	295	296	297	298	299	300	301
401987_ITS_KP69D_ACCACATA-ATATACAC_S34_L001_R2	1.0	0.0	11.0	9.0	168.0	758.0	3835.0	16321.0	71217.0
	291	292	293	294	295	296	297	298	299	300	301
401988_ITS_KP69D_ACCACATA-CGTCGCTA_S35_L001_R2	1.0	0.0	0.0	1.0	13.0	14.0	149.0	452.0	4718.0	10500.0	57020.0
	291	292	293	294	295	296	297	298	299	300	301
401989_ITS_KP69D_ACCACATA-CTAGAGCT_S36_L001_R2	1.0	0.0	2.0	0.0	7.0	8.0	161.0	892.0	5007.0	16362.0	99635.0
	294	295	296	297	298	299	300	301
401990_ITS_KP69D_ACCACATA-GCTCTAGT_S37_L001_R2	1.0	11.0	16.0	155.0	507.0	4779.0	21517.0	61907.0
	293	294	295	296	297	298	299	300	301
401991_ITS_KP69D_ACCACATA-GACACTGA_S38_L001_R2	2.0	0.0	31.0	20.0	168.0	359.0	8975.0	22539.0	108395.0
	294	295	296	297	298	299	300	301
401992_ITS_KP69D_ACCACATA-TGCGTACG_S39_L001_R2	1.0	20.0	15.0	227.0	1353.0	5020.0	12661.0	62672.0
	294	295	296	297	298	299	300	301
401993_ITS_KP69D_ACCACATA-TAGTGTAG_S40_L001_R2	2.0	2.0	9.0	43.0	52.0	858.0	3841.0	18976.0
	289	290	291	292	293	294	295	296	297	298	299	300	301
401994_ITS_KP69D_AACACAAG-ACGACGTG_S41_L001_R2	1.0	0.0	0.0	1.0	0.0	1.0	5.0	14.0	186.0	18278.0	10269.0	19531.0	59068.0
	290	291	292	293	294	295	296	297	298	299	300	301
401995_ITS_KP69D_AACACAAG-ATATACAC_S42_L001_R2	1.0	1.0	2.0	1.0	4.0	35.0	116.0	952.0	27651.0	33381.0	224404.0	451720.0
	292	293	294	295	296	297	298	299	300	301
401996_ITS_KP69D_AACACAAG-CGTCGCTA_S43_L001_R2	1.0	1.0	1.0	16.0	34.0	138.0	3296.0	6473.0	30488.0	108582.0
	291	292	293	294	295	296	297	298	299	300	301
401997_ITS_KP69D_AACACAAG-CTAGAGCT_S44_L001_R2	1.0	0.0	0.0	0.0	23.0	22.0	123.0	3899.0	6518.0	34714.0	159133.0
	290	291	292	293	294	295	296	297	298	299	300	301
401998_ITS_KP69D_AACACAAG-GCTCTAGT_S45_L001_R2	7.0	2.0	0.0	1.0	3.0	24.0	36.0	464.0	4820.0	17278.0	55284.0	774641.0
	291	292	293	294	295	296	297	298	299	300	301
401999_ITS_KP69D_AACACAAG-GACACTGA_S46_L001_R2	2.0	0.0	2.0	1.0	28.0	22.0	272.0	751.0	14122.0	19597.0	98587.0
	290	291	292	293	294	295	296	297	298	299	300	301
402000_ITS_KP69D_AACACAAG-TGCGTACG_S47_L001_R2	1.0	0.0	0.0	2.0	4.0	33.0	10.0	230.0	384.0	6620.0	23337.0	93445.0
	291	292	293	294	295	296	297	298	299	300	301
402001_ITS_KP69D_AACACAAG-TAGTGTAG_S48_L001_R2	5.0	2.0	1.0	3.0	54.0	95.0	1072.0	4064.0	22797.0	98890.0	566091.0
	289	290	291	292	293	294	295	296	297	298	299	300	301
402002_ITS_KP69D_AATGTCCG-ACGACGTG_S49_L001_R2	1.0	0.0	0.0	0.0	0.0	2.0	13.0	8.0	191.0	490.0	3537.0	5795.0	60079.0
	290	291	292	293	294	295	296	297	298	299	300	301
402003_ITS_KP69D_AATGTCCG-ATATACAC_S50_L001_R2	2.0	4.0	0.0	3.0	0.0	10.0	22.0	402.0	1498.0	8499.0	21167.0	105068.0
	290	291	292	293	294	295	296	297	298	299	300	301
402004_ITS_KP69D_AATGTCCG-CGTCGCTA_S51_L001_R2	1.0	0.0	0.0	0.0	0.0	11.0	15.0	140.0	820.0	3606.0	12407.0	59939.0
	294	295	296	297	298	299	300	301
402005_ITS_KP69D_AATGTCCG-CTAGAGCT_S52_L001_R2	1.0	6.0	4.0	101.0	521.0	2754.0	15463.0	44510.0
	293	294	295	296	297	298	299	300	301
402006_ITS_KP69D_AATGTCCG-GCTCTAGT_S53_L001_R2	1.0	2.0	22.0	9.0	268.0	567.0	6260.0	20598.0	45009.0
	295	296	297	298	299	300	301
402007_ITS_KP69D_AATGTCCG-GACACTGA_S54_L001_R2	8.0	30.0	322.0	600.0	4675.0	23843.0	58462.0
	295	296	297	298	299	300	301
402008_ITS_KP69D_AATGTCCG-TGCGTACG_S55_L001_R2	11.0	5.0	114.0	1570.0	12457.0	6130.0	51694.0
	295	296	297	298	299	300	301
402009_ITS_KP69D_AATGTCCG-TAGTGTAG_S56_L001_R2	8.0	7.0	80.0	402.0	3986.0	9020.0	38831.0
	291	292	293	294	295	296	297	298	299	300	301
402010_ITS_KP69D_TACTTCGC-ACGACGTG_S57_L001_R2	1.0	0.0	1.0	1.0	13.0	10.0	78.0	1930.0	3649.0	10474.0	53323.0
	290	291	292	293	294	295	296	297	298	299	300	301
402011_ITS_KP69D_TACTTCGC-ATATACAC_S58_L001_R2	1.0	0.0	0.0	0.0	2.0	16.0	13.0	134.0	1089.0	4119.0	28806.0	65076.0
	293	294	295	296	297	298	299	300	301
402012_ITS_KP69D_TACTTCGC-CGTCGCTA_S59_L001_R2	1.0	0.0	7.0	9.0	332.0	224.0	5842.0	21420.0	67108.0
	289	290	291	292	293	294	295	296	297	298	299	300	301
402013_ITS_KP69D_TACTTCGC-CTAGAGCT_S60_L001_R2	1.0	1.0	0.0	0.0	0.0	5.0	77.0	45.0	1172.0	2626.0	22312.0	182676.0	597660.0
	293	294	295	296	297	298	299	300	301
402014_ITS_KP69D_TACTTCGC-GCTCTAGT_S61_L001_R2	1.0	1.0	13.0	13.0	211.0	689.0	4135.0	19371.0	61433.0
	293	294	295	296	297	298	299	300	301
402015_ITS_KP69D_TACTTCGC-GACACTGA_S62_L001_R2	1.0	0.0	9.0	48.0	238.0	813.0	5250.0	23055.0	106629.0
	295	296	297	298	299	300	301
402016_ITS_KP69D_TACTTCGC-TGCGTACG_S63_L001_R2	17.0	5.0	187.0	1017.0	4863.0	10817.0	84578.0
	290	291	292	293	294	295	296	297	298	299	300	301
402017_ITS_KP69D_TACTTCGC-TAGTGTAG_S64_L001_R2	1.0	0.0	0.0	1.0	0.0	16.0	10.0	253.0	2744.0	4992.0	23576.0	92162.0
	295	296	297	298	299	300	301
402018_ITS_KP69D_GCTTCGGT-ACGACGTG_S65_L001_R2	6.0	3.0	32.0	2801.0	1291.0	2702.0	11976.0
	295	296	297	298	299	300	301
402019_ITS_KP69D_GCTTCGGT-ATATACAC_S66_L001_R2	9.0	10.0	108.0	362.0	5415.0	16624.0	39930.0
	299	300	301
402020_ITS_KP69D_GCTTCGGT-CGTCGCTA_S67_L001_R2	34.0	77.0	356.0
	294	295	296	297	298	299	300	301
402021_ITS_KP69D_GCTTCGGT-CTAGAGCT_S68_L001_R2	3.0	14.0	34.0	126.0	567.0	7571.0	25378.0	50306.0
	295	296	297	298	299	300	301
402022_ITS_KP69D_GCTTCGGT-GCTCTAGT_S69_L001_R2	3.0	0.0	3.0	49.0	184.0	472.0	2379.0
	295	296	297	298	299	300	301
402023_ITS_KP69D_GCTTCGGT-GACACTGA_S70_L001_R2	34.0	16.0	233.0	1632.0	9008.0	17935.0	75505.0
	293	294	295	296	297	298	299	300	301
402024_ITS_KP69D_GCTTCGGT-TGCGTACG_S71_L001_R2	1.0	2.0	10.0	12.0	136.0	4383.0	5191.0	13239.0	57177.0
	291	292	293	294	295	296	297	298	299	300	301
402025_ITS_KP69D_GCTTCGGT-TAGTGTAG_S72_L001_R2	1.0	0.0	0.0	0.0	11.0	14.0	292.0	3287.0	6287.0	14444.0	57934.0
	292	293	294	295	296	297	298	299	300	301
402026_ITS_KP69D_CTTACACC-ACGACGTG_S73_L001_R2	2.0	1.0	0.0	31.0	42.0	455.0	3460.0	14158.0	26567.0	102200.0
	291	292	293	294	295	296	297	298	299	300	301
402027_ITS_KP69D_CTTACACC-ATATACAC_S74_L001_R2	1.0	1.0	16.0	1.0	24.0	29.0	585.0	564.0	12687.0	19724.0	74535.0
	291	292	293	294	295	296	297	298	299	300	301
402028_ITS_KP69D_CTTACACC-CGTCGCTA_S75_L001_R2	1.0	0.0	2.0	2.0	43.0	93.0	792.0	5367.0	15562.0	42617.0	183014.0
	290	291	292	293	294	295	296	297	298	299	300	301
402029_ITS_KP69D_CTTACACC-CTAGAGCT_S76_L001_R2	2.0	0.0	3.0	1.0	3.0	55.0	61.0	1049.0	6925.0	20626.0	60861.0	279732.0
	290	291	292	293	294	295	296	297	298	299	300	301
402030_ITS_KP69D_CTTACACC-GCTCTAGT_S77_L001_R2	1.0	1.0	0.0	1.0	1.0	16.0	21.0	269.0	3792.0	11835.0	17615.0	78554.0
	291	292	293	294	295	296	297	298	299	300	301
402031_ITS_KP69D_CTTACACC-GACACTGA_S78_L001_R2	1.0	0.0	1.0	0.0	24.0	35.0	329.0	2389.0	10596.0	27229.0	127952.0
	293	294	295	296	297	298	299	300	301
402032_ITS_KP69D_CTTACACC-TGCGTACG_S79_L001_R2	3.0	0.0	64.0	42.0	373.0	602.0	11994.0	19149.0	94369.0
	290	291	292	293	294	295	296	297	298	299	300	301
402033_ITS_KP69D_CTTACACC-TAGTGTAG_S80_L001_R2	1.0	0.0	1.0	1.0	1.0	38.0	60.0	295.0	555.0	6875.0	22739.0	102011.0
	290	291	292	293	294	295	296	297	298	299	300	301
402034_ITS_KP69D_TGACCTCC-ACGACGTG_S81_L001_R2	1.0	0.0	1.0	2.0	0.0	12.0	18.0	180.0	209.0	4842.0	9857.0	46909.0
	290	291	292	293	294	295	296	297	298	299	300	301
402035_ITS_KP69D_TGACCTCC-ATATACAC_S82_L001_R2	3.0	0.0	0.0	2.0	2.0	89.0	53.0	521.0	1819.0	28408.0	51280.0	242769.0
	295	296	297	298	299	300	301
402036_ITS_KP69D_TGACCTCC-CGTCGCTA_S83_L001_R2	19.0	17.0	143.0	423.0	6697.0	7405.0	106119.0
	293	294	295	296	297	298	299	300	301
402037_ITS_KP69D_TGACCTCC-CTAGAGCT_S84_L001_R2	1.0	0.0	11.0	19.0	141.0	667.0	6972.0	11154.0	111294.0
	293	294	295	296	297	298	299	300	301
402038_ITS_KP69D_TGACCTCC-GCTCTAGT_S85_L001_R2	1.0	1.0	7.0	17.0	167.0	691.0	5506.0	12579.0	44608.0
	295	296	297	298	299	300	301
402039_ITS_KP69D_TGACCTCC-GACACTGA_S86_L001_R2	19.0	15.0	510.0	1284.0	8219.0	37354.0	80473.0
	290	291	292	293	294	295	296	297	298	299	300	301
402040_ITS_KP69D_TGACCTCC-TGCGTACG_S87_L001_R2	1.0	0.0	2.0	1.0	0.0	25.0	127.0	471.0	1079.0	12127.0	39706.0	91673.0
	290	291	292	293	294	295	296	297	298	299	300	301
402041_ITS_KP69D_TGACCTCC-TAGTGTAG_S88_L001_R2	1.0	0.0	0.0	1.0	1.0	93.0	215.0	2326.0	2352.0	41008.0	121462.0	443226.0
	292	293	294	295	296	297	298	299	300	301
402042_ITS_KP69D_ACAAGGAG-ACGACGTG_S89_L001_R2	1.0	1.0	0.0	19.0	19.0	286.0	167.0	6711.0	23382.0	45683.0
	290	291	292	293	294	295	296	297	298	299	300	301
402043_ITS_KP69D_ACAAGGAG-ATATACAC_S90_L001_R2	1.0	1.0	2.0	2.0	1.0	37.0	39.0	497.0	596.0	15271.0	120164.0	152543.0
	290	291	292	293	294	295	296	297	298	299	300	301
402044_ITS_KP69D_ACAAGGAG-CGTCGCTA_S91_L001_R2	2.0	1.0	0.0	0.0	0.0	32.0	40.0	455.0	889.0	12298.0	22735.0	104177.0
	290	291	292	293	294	295	296	297	298	299	300	301
402045_ITS_KP69D_ACAAGGAG-CTAGAGCT_S92_L001_R2	4.0	1.0	2.0	2.0	0.0	62.0	137.0	1360.0	5675.0	33430.0	97118.0	364097.0
	292	293	294	295	296	297	298	299	300	301
402046_ITS_KP69D_ACAAGGAG-GCTCTAGT_S93_L001_R2	1.0	1.0	0.0	20.0	25.0	251.0	4908.0	8052.0	12020.0	92533.0
	34	44	54	64	74	84	94	104	114	124	134	144	154	164	174	184	194	204	214	224	234	244	254	264	274	284	294	301
402047_ITS_KP8LM_TCTGTTGC-ACGACGTG_S1_L001_R2	39.0	1.0	0.0	1.0	0.0	0.0	0.0	0.0	0.0	0.0	0.0	0.0	0.0	0.0	2.0	4.0	1.0	0.0	8.0	0.0	0.0	3.0	29.0	26.0	7.0	3.0	32803.0	279905.0
	34	44	54	64	74	84	94	104	114	124	134	144	154	164	174	184	194	204	214	224	234	244	254	264	274	284	294	301
402048_ITS_KP8LM_TCTGTTGC-ATATACAC_S2_L001_R2	6.0	0.0	0.0	0.0	0.0	0.0	0.0	0.0	0.0	0.0	0.0	0.0	0.0	0.0	0.0	1.0	0.0	0.0	0.0	0.0	0.0	1.0	4.0	9.0	1.0	0.0	5043.0	64685.0
	34	44	54	64	74	84	94	104	114	124	134	144	154	164	174	184	194	204	214	224	234	244	254	264	274	284	294	301
402049_ITS_KP8LM_TCTGTTGC-CGTCGCTA_S3_L001_R2	9.0	0.0	0.0	1.0	0.0	0.0	1.0	0.0	0.0	0.0	0.0	0.0	0.0	0.0	0.0	2.0	0.0	0.0	3.0	0.0	0.0	1.0	2.0	4.0	1.0	0.0	8490.0	76401.0
	34	44	54	64	74	84	94	104	114	124	134	144	154	164	174	184	194	204	214	224	234	244	254	264	274	284	294	301
402050_ITS_KP8LM_GAAGAAGC-ACGACGTG_S4_L001_R2	5.0	1.0	0.0	0.0	0.0	0.0	0.0	0.0	0.0	0.0	0.0	0.0	0.0	0.0	1.0	0.0	0.0	0.0	0.0	0.0	0.0	0.0	1.0	1.0	2.0	0.0	2403.0	32526.0
	34	44	54	64	74	84	94	104	114	124	134	144	154	164	174	184	194	204	214	224	234	244	254	264	274	284	294	301
402051_ITS_KP8LM_GACTCTTG-ACGACGTG_S5_L001_R2	22.0	1.0	0.0	0.0	0.0	0.0	0.0	0.0	0.0	0.0	0.0	0.0	0.0	0.0	1.0	3.0	0.0	3.0	7.0	0.0	0.0	6.0	12.0	25.0	13.0	0.0	12577.0	277373.0
	34	44	54	64	74	84	94	104	114	124	134	144	154	164	174	184	194	204	214	224	234	244	254	264	274	284	294	301
402052_ITS_KP8LM_GAAGAAGC-CGTCGCTA_S6_L001_R2	8.0	0.0	0.0	0.0	0.0	0.0	0.0	0.0	0.0	0.0	0.0	0.0	0.0	0.0	0.0	0.0	0.0	0.0	1.0	0.0	0.0	2.0	3.0	4.0	0.0	0.0	6234.0	47762.0
	34	44	54	64	74	84	94	104	114	124	134	144	154	164	174	184	194	204	214	224	234	244	254	264	274	284	294	301
402053_ITS_KP8LM_GAAGAAGC-CTAGAGCT_S7_L001_R2	6.0	0.0	1.0	0.0	0.0	0.0	0.0	0.0	0.0	0.0	0.0	0.0	0.0	0.0	0.0	0.0	0.0	0.0	3.0	0.0	0.0	0.0	2.0	8.0	1.0	1.0	2866.0	49636.0
	34	44	54	64	74	84	94	104	114	124	134	144	154	164	174	184	194	204	214	224	234	244	254	264	274	284	294	301
402054_ITS_KP8LM_GAAGAAGC-GCTCTAGT_S8_L001_R2	6.0	0.0	0.0	0.0	0.0	0.0	0.0	0.0	0.0	0.0	0.0	0.0	0.0	0.0	1.0	0.0	0.0	0.0	3.0	0.0	0.0	0.0	4.0	4.0	6.0	0.0	5020.0	42164.0
	34	44	54	64	74	84	94	104	114	124	134	144	154	164	174	184	194	204	214	224	234	244	254	264	274	284	294	301
402055_ITS_KP8LM_GAAGAAGC-GACACTGA_S9_L001_R2	7.0	0.0	0.0	1.0	0.0	0.0	0.0	0.0	0.0	0.0	0.0	0.0	0.0	0.0	0.0	1.0	0.0	0.0	1.0	0.0	0.0	3.0	2.0	5.0	1.0	0.0	12232.0	54989.0
	34	44	54	64	74	84	94	104	114	124	134	144	154	164	174	184	194	204	214	224	234	244	254	264	274	284	294	301
402056_ITS_KP8LM_GAAGAAGC-TGCGTACG_S10_L001_R2	17.0	0.0	0.0	0.0	0.0	0.0	0.0	0.0	0.0	0.0	0.0	0.0	0.0	0.0	1.0	1.0	0.0	0.0	2.0	0.0	0.0	0.0	5.0	8.0	3.0	1.0	15013.0	64687.0
	34	44	54	64	74	84	94	104	114	124	134	144	154	164	174	184	194	204	214	224	234	244	254	264	274	284	294	301
402057_ITS_KP8LM_GACTCTTG-ATATACAC_S11_L001_R2	33.0	3.0	0.0	0.0	0.0	0.0	1.0	0.0	0.0	0.0	0.0	0.0	0.0	0.0	3.0	7.0	0.0	2.0	8.0	0.0	0.0	12.0	27.0	48.0	5.0	2.0	59216.0	376956.0
	34	44	54	64	74	84	94	104	114	124	134	144	154	164	174	184	194	204	214	224	234	244	254	264	274	284	294	301
402058_ITS_KP8LM_GAGAGAAT-ACGACGTG_S12_L001_R2	7.0	0.0	0.0	0.0	0.0	0.0	0.0	0.0	0.0	0.0	0.0	0.0	0.0	0.0	0.0	0.0	0.0	0.0	0.0	0.0	0.0	1.0	7.0	5.0	3.0	0.0	3422.0	42793.0
	34	44	54	64	74	84	94	104	114	124	134	144	154	164	174	184	194	204	214	224	234	244	254	264	274	284	294	301
402059_ITS_KP8LM_GACTCTTG-CGTCGCTA_S13_L001_R2	21.0	1.0	0.0	0.0	0.0	0.0	0.0	0.0	0.0	0.0	0.0	0.0	0.0	0.0	2.0	3.0	0.0	0.0	2.0	0.0	0.0	2.0	6.0	8.0	2.0	0.0	19096.0	110876.0
	34	44	54	64	74	84	94	104	114	124	134	144	154	164	174	184	194	204	214	224	234	244	254	264	274	284	294	301
402060_ITS_KP8LM_GAGAGAAT-CGTCGCTA_S14_L001_R2	2.0	0.0	0.0	0.0	0.0	0.0	0.0	0.0	0.0	0.0	0.0	0.0	0.0	0.0	0.0	0.0	0.0	0.0	0.0	0.0	0.0	0.0	2.0	0.0	1.0	0.0	2789.0	31851.0
	34	44	54	64	74	84	94	104	114	124	134	144	154	164	174	184	194	204	214	224	234	244	254	264	274	284	294	301
402061_ITS_KP8LM_GAGAGAAT-CTAGAGCT_S15_L001_R2	27.0	0.0	2.0	0.0	0.0	0.0	0.0	0.0	0.0	0.0	0.0	0.0	0.0	0.0	1.0	3.0	0.0	1.0	7.0	0.0	0.0	5.0	8.0	22.0	7.0	4.0	13699.0	225915.0
	34	44	54	64	74	84	94	104	114	124	134	144	154	164	174	184	194	204	214	224	234	244	254	264	274	284	294	301
402062_ITS_KP8LM_GAGAGAAT-GCTCTAGT_S16_L001_R2	1.0	0.0	0.0	0.0	0.0	0.0	0.0	0.0	0.0	0.0	0.0	0.0	0.0	0.0	1.0	0.0	0.0	0.0	0.0	0.0	0.0	0.0	3.0	2.0	3.0	0.0	3115.0	48827.0
	34	44	54	64	74	84	94	104	114	124	134	144	154	164	174	184	194	204	214	224	234	244	254	264	274	284	294	301
402063_ITS_KP8LM_GAGAGAAT-GACACTGA_S17_L001_R2	27.0	1.0	0.0	0.0	0.0	0.0	0.0	0.0	0.0	0.0	0.0	0.0	0.0	0.0	1.0	3.0	0.0	0.0	7.0	0.0	0.0	5.0	10.0	22.0	6.0	3.0	16981.0	263890.0
	34	44	54	64	74	84	94	104	114	124	134	144	154	164	174	184	194	204	214	224	234	244	254	264	274	284	294	301
402064_ITS_KP8LM_GAGAGAAT-TGCGTACG_S18_L001_R2	5.0	0.0	0.0	0.0	0.0	0.0	0.0	0.0	0.0	0.0	0.0	0.0	0.0	0.0	0.0	1.0	0.0	0.0	3.0	0.0	0.0	0.0	1.0	4.0	4.0	0.0	6104.0	54474.0
	34	44	54	64	74	84	94	104	114	124	134	144	154	164	174	184	194	204	214	224	234	244	254	264	274	284	294	301
402065_ITS_KP8LM_GAGAGAAT-TAGTGTAG_S19_L001_R2	32.0	1.0	1.0	0.0	0.0	0.0	0.0	0.0	0.0	0.0	0.0	0.0	0.0	0.0	2.0	2.0	0.0	1.0	3.0	0.0	0.0	6.0	13.0	23.0	7.0	2.0	25413.0	249178.0
	34	44	54	64	74	84	94	104	114	124	134	144	154	164	174	184	194	204	214	224	234	244	254	264	274	284	294	301
402066_ITS_KP8LM_TCGTCGAT-ACGACGTG_S20_L001_R2	7.0	0.0	0.0	0.0	0.0	0.0	0.0	0.0	0.0	0.0	0.0	0.0	0.0	0.0	0.0	3.0	0.0	0.0	1.0	0.0	0.0	0.0	3.0	2.0	0.0	0.0	4829.0	52921.0
	34	44	54	64	74	84	94	104	114	124	134	144	154	164	174	184	194	204	214	224	234	244	254	264	274	284	294	301
402067_ITS_KP8LM_TCGTCGAT-ATATACAC_S21_L001_R2	45.0	0.0	0.0	0.0	0.0	0.0	0.0	0.0	0.0	0.0	0.0	0.0	0.0	0.0	3.0	2.0	0.0	1.0	24.0	0.0	0.0	10.0	10.0	34.0	10.0	1.0	25477.0	365541.0
	34	44	54	64	74	84	94	104	114	124	134	144	154	164	174	184	194	204	214	224	234	244	254	264	274	284	294	301
402068_ITS_KP8LM_TCGTCGAT-CGTCGCTA_S22_L001_R2	5.0	0.0	0.0	0.0	0.0	0.0	0.0	0.0	0.0	0.0	0.0	0.0	0.0	0.0	0.0	0.0	0.0	0.0	0.0	0.0	0.0	1.0	1.0	2.0	4.0	0.0	3067.0	34545.0
	34	44	54	64	74	84	94	104	114	124	134	144	154	164	174	184	194	204	214	224	234	244	254	264	274	284	294	301
402069_ITS_KP8LM_TCGTCGAT-CTAGAGCT_S23_L001_R2	33.0	0.0	0.0	1.0	0.0	0.0	0.0	0.0	0.0	0.0	0.0	0.0	0.0	0.0	3.0	4.0	0.0	0.0	8.0	0.0	0.0	7.0	23.0	26.0	12.0	2.0	46426.0	245761.0
	34	44	54	64	74	84	94	104	114	124	134	144	154	164	174	184	194	204	214	224	234	244	254	264	274	284	294	301
402070_ITS_KP8LM_TCGTCGAT-GCTCTAGT_S24_L001_R2	28.0	0.0	2.0	0.0	0.0	0.0	0.0	0.0	0.0	0.0	0.0	0.0	0.0	0.0	2.0	5.0	0.0	0.0	24.0	0.0	0.0	2.0	15.0	19.0	15.0	2.0	13903.0	281439.0
	34	44	54	64	74	84	94	104	114	124	134	144	154	164	174	184	194	204	214	224	234	244	254	264	274	284	294	301
402071_ITS_KP8LM_GACTCTTG-GCTCTAGT_S25_L001_R2	31.0	0.0	0.0	0.0	0.0	0.0	0.0	1.0	0.0	0.0	0.0	0.0	0.0	0.0	1.0	4.0	0.0	0.0	12.0	0.0	0.0	3.0	9.0	17.0	4.0	0.0	11568.0	243149.0
	34	44	54	64	74	84	94	104	114	124	134	144	154	164	174	184	194	204	214	224	234	244	254	264	274	284	294	301
402072_ITS_KP8LM_TCGTCGAT-TGCGTACG_S26_L001_R2	24.0	0.0	0.0	0.0	0.0	0.0	0.0	0.0	0.0	0.0	0.0	0.0	0.0	0.0	0.0	0.0	0.0	0.0	6.0	0.0	0.0	2.0	1.0	8.0	5.0	1.0	15426.0	129874.0
	34	44	54	64	74	84	94	104	114	124	134	144	154	164	174	184	194	204	214	224	234	244	254	264	274	284	294	301
402073_ITS_KP8LM_GACTCTTG-GACACTGA_S27_L001_R2	7.0	0.0	0.0	1.0	0.0	0.0	0.0	0.0	0.0	0.0	0.0	0.0	0.0	0.0	0.0	3.0	0.0	0.0	1.0	0.0	0.0	3.0	8.0	16.0	4.0	0.0	28112.0	131501.0
	34	44	54	64	74	84	94	104	114	124	134	144	154	164	174	184	194	204	214	224	234	244	254	264	274	284	294	301
402074_ITS_KP8LM_ATTGGGCT-ACGACGTG_S28_L001_R2	7.0	0.0	0.0	0.0	0.0	0.0	0.0	1.0	0.0	0.0	0.0	0.0	0.0	0.0	0.0	2.0	0.0	0.0	2.0	0.0	0.0	3.0	0.0	8.0	3.0	1.0	5338.0	47602.0
	34	44	54	64	74	84	94	104	114	124	134	144	154	164	174	184	194	204	214	224	234	244	254	264	274	284	294	301
402075_ITS_KP8LM_GACTCTTG-TGCGTACG_S29_L001_R2	27.0	1.0	1.0	1.0	0.0	0.0	0.0	0.0	0.0	0.0	0.0	0.0	0.0	0.0	2.0	3.0	0.0	0.0	3.0	1.0	0.0	1.0	10.0	19.0	4.0	1.0	15814.0	191875.0
	34	44	54	64	74	84	94	104	114	124	134	144	154	164	174	184	194	204	214	224	234	244	254	264	274	284	294	301
402076_ITS_KP8LM_ATTGGGCT-CGTCGCTA_S30_L001_R2	12.0	0.0	1.0	0.0	0.0	0.0	0.0	0.0	0.0	0.0	0.0	0.0	0.0	0.0	0.0	0.0	0.0	0.0	3.0	0.0	0.0	3.0	1.0	2.0	6.0	0.0	7611.0	62155.0
	34	44	54	64	74	84	94	104	114	124	134	144	154	164	174	184	194	204	214	224	234	244	254	264	274	284	294	301
402077_ITS_KP8LM_GACTCTTG-TAGTGTAG_S31_L001_R2	15.0	0.0	1.0	0.0	0.0	0.0	0.0	0.0	0.0	0.0	0.0	0.0	0.0	0.0	0.0	0.0	0.0	0.0	4.0	0.0	0.0	0.0	5.0	5.0	3.0	1.0	5800.0	91098.0
	34	44	54	64	74	84	94	104	114	124	134	144	154	164	174	184	194	204	214	224	234	244	254	264	274	284	294	301
402078_ITS_KP8LM_ATTGGGCT-GCTCTAGT_S32_L001_R2	4.0	0.0	0.0	0.0	0.0	0.0	0.0	0.0	0.0	0.0	0.0	0.0	0.0	0.0	0.0	1.0	0.0	0.0	0.0	0.0	0.0	0.0	2.0	1.0	0.0	0.0	2972.0	46634.0
	34	44	54	64	74	84	94	104	114	124	134	144	154	164	174	184	194	204	214	224	234	244	254	264	274	284	294	301
402079_ITS_KP8LM_ATTGGGCT-GACACTGA_S33_L001_R2	7.0	0.0	0.0	0.0	0.0	0.0	0.0	0.0	0.0	0.0	0.0	0.0	0.0	0.0	0.0	0.0	0.0	0.0	1.0	0.0	0.0	2.0	0.0	10.0	2.0	0.0	7652.0	83079.0
	34	44	54	64	74	84	94	104	114	124	134	144	154	164	174	184	194	204	214	224	234	244	254	264	274	284	294	301
402080_ITS_KP8LM_ATTGGGCT-TGCGTACG_S34_L001_R2	6.0	0.0	0.0	1.0	0.0	0.0	0.0	0.0	0.0	0.0	0.0	0.0	0.0	0.0	0.0	1.0	0.0	0.0	2.0	0.0	0.0	1.0	4.0	4.0	0.0	0.0	6117.0	38642.0
	34	44	54	64	74	84	94	104	114	124	134	144	154	164	174	184	194	204	214	224	234	244	254	264	274	284	294	301
402081_ITS_KP8LM_GCAGGATA-ACGACGTG_S35_L001_R2	33.0	1.0	0.0	0.0	0.0	0.0	1.0	0.0	0.0	0.0	0.0	0.0	0.0	0.0	1.0	4.0	0.0	1.0	13.0	0.0	0.0	2.0	12.0	20.0	7.0	1.0	17219.0	293114.0
	34	44	54	64	74	84	94	104	114	124	134	144	154	164	174	184	194	204	214	224	234	244	254	264	274	284	294	301
402082_ITS_KP8LM_ACCACATA-ACGACGTG_S36_L001_R2	36.0	0.0	1.0	0.0	0.0	0.0	0.0	0.0	0.0	0.0	0.0	0.0	0.0	0.0	1.0	5.0	0.0	0.0	11.0	0.0	0.0	4.0	22.0	29.0	4.0	2.0	43593.0	270141.0
	297	298	299	300	301
402083_ITS_KP8LM_ACCACATA-ATATACAC_S37_L001_R2	11.0	7.0	124.0	222.0	1027.0
	34	44	54	64	74	84	94	104	114	124	134	144	154	164	174	184	194	204	214	224	234	244	254	264	274	284	294	301
402084_ITS_KP8LM_ACCACATA-CGTCGCTA_S38_L001_R2	12.0	0.0	0.0	0.0	0.0	0.0	0.0	0.0	0.0	0.0	0.0	0.0	0.0	0.0	0.0	1.0	0.0	0.0	3.0	0.0	0.0	0.0	2.0	5.0	5.0	0.0	9609.0	78214.0
	34	44	54	64	74	84	94	104	114	124	134	144	154	164	174	184	194	204	214	224	234	244	254	264	274	284	294	301
402085_ITS_KP8LM_ACCACATA-CTAGAGCT_S39_L001_R2	35.0	0.0	0.0	0.0	0.0	0.0	0.0	1.0	0.0	0.0	0.0	0.0	0.0	0.0	3.0	3.0	0.0	0.0	3.0	0.0	0.0	5.0	17.0	24.0	10.0	0.0	12272.0	282385.0
	34	44	54	64	74	84	94	104	114	124	134	144	154	164	174	184	194	204	214	224	234	244	254	264	274	284	294	301
402086_ITS_KP8LM_ACCACATA-GCTCTAGT_S40_L001_R2	27.0	0.0	0.0	2.0	0.0	0.0	1.0	1.0	0.0	0.0	0.0	0.0	0.0	0.0	4.0	3.0	0.0	1.0	5.0	0.0	0.0	5.0	14.0	23.0	15.0	2.0	34054.0	262550.0
	34	44	54	64	74	84	94	104	114	124	134	144	154	164	174	184	194	204	214	224	234	244	254	264	274	284	294	301
402087_ITS_KP8LM_GCAGGATA-CGTCGCTA_S41_L001_R2	27.0	0.0	0.0	0.0	0.0	0.0	0.0	1.0	0.0	0.0	0.0	0.0	0.0	0.0	2.0	0.0	0.0	1.0	5.0	0.0	0.0	6.0	16.0	17.0	6.0	2.0	22549.0	256609.0
	34	44	54	64	74	84	94	104	114	124	134	144	154	164	174	184	194	204	214	224	234	244	254	264	274	284	294	301
402088_ITS_KP8LM_ACCACATA-TGCGTACG_S42_L001_R2	21.0	1.0	0.0	0.0	0.0	0.0	0.0	0.0	0.0	0.0	0.0	0.0	0.0	0.0	1.0	3.0	0.0	0.0	4.0	0.0	0.0	2.0	14.0	13.0	5.0	1.0	19757.0	144419.0
	294	295	296	297	298	299	300	301
402089_ITS_KP8LM_ACCACATA-TAGTGTAG_S43_L001_R2	1.0	1.0	2.0	33.0	115.0	122.0	662.0	2965.0
	34	44	54	64	74	84	94	104	114	124	134	144	154	164	174	184	194	204	214	224	234	244	254	264	274	284	294	301
402090_ITS_KP8LM_GCAGGATA-GCTCTAGT_S44_L001_R2	42.0	0.0	1.0	0.0	0.0	0.0	0.0	0.0	0.0	0.0	0.0	0.0	0.0	0.0	3.0	9.0	0.0	0.0	13.0	0.0	0.0	5.0	16.0	31.0	13.0	5.0	27458.0	369792.0
	34	44	54	64	74	84	94	104	114	124	134	144	154	164	174	184	194	204	214	224	234	244	254	264	274	284	294	301
402091_ITS_KP8LM_GCAGGATA-GACACTGA_S45_L001_R2	12.0	2.0	1.0	0.0	0.0	0.0	0.0	0.0	0.0	0.0	0.0	0.0	0.0	0.0	1.0	1.0	0.0	0.0	1.0	0.0	0.0	2.0	2.0	8.0	5.0	0.0	8943.0	95640.0
	34	44	54	64	74	84	94	104	114	124	134	144	154	164	174	184	194	204	214	224	234	244	254	264	274	284	294	301
402092_ITS_KP8LM_AACACAAG-CGTCGCTA_S46_L001_R2	22.0	0.0	2.0	1.0	0.0	0.0	0.0	0.0	1.0	0.0	0.0	0.0	0.0	0.0	1.0	1.0	0.0	2.0	4.0	0.0	0.0	5.0	7.0	19.0	8.0	0.0	17679.0	195595.0
	34	44	54	64	74	84	94	104	114	124	134	144	154	164	174	184	194	204	214	224	234	244	254	264	274	284	294	301
402093_ITS_KP8LM_GCAGGATA-TGCGTACG_S47_L001_R2	41.0	1.0	1.0	0.0	0.0	0.0	0.0	1.0	0.0	0.0	0.0	0.0	0.0	0.0	0.0	4.0	0.0	1.0	6.0	0.0	0.0	4.0	31.0	25.0	14.0	2.0	30780.0	317258.0
	34	44	54	64	74	84	94	104	114	124	134	144	154	164	174	184	194	204	214	224	234	244	254	264	274	284	294	301
402094_ITS_KP8LM_AACACAAG-GCTCTAGT_S48_L001_R2	37.0	0.0	0.0	0.0	0.0	0.0	0.0	0.0	0.0	0.0	0.0	0.0	0.0	0.0	2.0	3.0	1.0	0.0	8.0	0.0	0.0	6.0	9.0	20.0	8.0	0.0	24482.0	226246.0
	34	44	54	64	74	84	94	104	114	124	134	144	154	164	174	184	194	204	214	224	234	244	254	264	274	284	294	301
402095_ITS_KP8LM_GCAGGATA-TAGTGTAG_S49_L001_R2	6.0	0.0	0.0	0.0	0.0	0.0	0.0	0.0	0.0	0.0	0.0	0.0	0.0	0.0	1.0	0.0	0.0	0.0	0.0	0.0	0.0	1.0	1.0	4.0	2.0	0.0	1783.0	25758.0
	34	44	54	64	74	84	94	104	114	124	134	144	154	164	174	184	194	204	214	224	234	244	254	264	274	284	294	301
402096_ITS_KP8LM_AACACAAG-TGCGTACG_S50_L001_R2	7.0	0.0	0.0	0.0	0.0	0.0	0.0	0.0	0.0	0.0	0.0	0.0	0.0	0.0	1.0	1.0	0.0	0.0	1.0	0.0	0.0	1.0	4.0	2.0	1.0	1.0	5416.0	62210.0
	34	44	54	64	74	84	94	104	114	124	134	144	154	164	174	184	194	204	214	224	234	244	254	264	274	284	294	301
402097_ITS_KP8LM_AACACAAG-TAGTGTAG_S51_L001_R2	3.0	1.0	0.0	0.0	0.0	0.0	0.0	0.0	0.0	0.0	0.0	0.0	0.0	0.0	1.0	3.0	0.0	0.0	5.0	0.0	0.0	1.0	1.0	11.0	2.0	0.0	10729.0	70553.0
	177	182	187	192	197	202	207	212	217	222	227	232	237	242	247	252	257	262	267	272	277	282	287	292	297	301
402098_ITS_KP8LM_AATGTCCG-ACGACGTG_S52_L001_R2	1.0	0.0	0.0	0.0	0.0	0.0	0.0	1.0	1.0	0.0	0.0	0.0	0.0	0.0	0.0	0.0	1.0	2.0	1.0	1.0	0.0	0.0	0.0	7.0	3768.0	38814.0
	34	44	54	64	74	84	94	104	114	124	134	144	154	164	174	184	194	204	214	224	234	244	254	264	274	284	294	301
402099_ITS_KP8LM_AATGTCCG-ATATACAC_S53_L001_R2	15.0	0.0	2.0	0.0	0.0	0.0	0.0	0.0	0.0	0.0	0.0	0.0	0.0	0.0	2.0	0.0	0.0	0.0	2.0	0.0	0.0	3.0	14.0	13.0	8.0	1.0	13445.0	203379.0
	34	44	54	64	74	84	94	104	114	124	134	144	154	164	174	184	194	204	214	224	234	244	254	264	274	284	294	301
402100_ITS_KP8LM_AATGTCCG-CGTCGCTA_S54_L001_R2	7.0	0.0	0.0	0.0	0.0	0.0	0.0	0.0	0.0	0.0	0.0	0.0	0.0	0.0	0.0	1.0	0.0	0.0	2.0	0.0	0.0	0.0	2.0	7.0	4.0	0.0	8737.0	46187.0
	34	44	54	64	74	84	94	104	114	124	134	144	154	164	174	184	194	204	214	224	234	244	254	264	274	284	294	301
402101_ITS_KP8LM_CGTCCGAA-ACGACGTG_S55_L001_R2	19.0	0.0	0.0	0.0	0.0	0.0	1.0	0.0	0.0	0.0	0.0	0.0	0.0	0.0	3.0	0.0	0.0	1.0	4.0	0.0	0.0	4.0	16.0	13.0	7.0	0.0	14752.0	184949.0
	34	44	54	64	74	84	94	104	114	124	134	144	154	164	174	184	194	204	214	224	234	244	254	264	274	284	294	301
402102_ITS_KP8LM_AATGTCCG-GCTCTAGT_S56_L001_R2	7.0	0.0	0.0	0.0	0.0	0.0	0.0	0.0	0.0	0.0	0.0	0.0	0.0	0.0	1.0	0.0	0.0	0.0	0.0	0.0	0.0	0.0	3.0	9.0	1.0	0.0	5862.0	52367.0
	297	298	299	300	301
402103_ITS_KP8LM_AATGTCCG-GACACTGA_S57_L001_R2	1.0	4.0	81.0	280.0	790.0
	34	44	54	64	74	84	94	104	114	124	134	144	154	164	174	184	194	204	214	224	234	244	254	264	274	284	294	301
402104_ITS_KP8LM_AATGTCCG-TGCGTACG_S58_L001_R2	4.0	0.0	0.0	0.0	0.0	0.0	0.0	0.0	0.0	0.0	0.0	0.0	0.0	0.0	0.0	1.0	0.0	0.0	1.0	0.0	0.0	0.0	2.0	0.0	0.0	0.0	5661.0	54222.0
	34	44	54	64	74	84	94	104	114	124	134	144	154	164	174	184	194	204	214	224	234	244	254	264	274	284	294	301
402105_ITS_KP8LM_AATGTCCG-TAGTGTAG_S59_L001_R2	13.0	0.0	2.0	0.0	0.0	0.0	2.0	0.0	0.0	0.0	0.0	0.0	0.0	0.0	2.0	2.0	0.0	1.0	2.0	0.0	0.0	4.0	9.0	13.0	5.0	1.0	10476.0	156017.0
	34	44	54	64	74	84	94	104	114	124	134	144	154	164	174	184	194	204	214	224	234	244	254	264	274	284	294	301
402106_ITS_KP8LM_TACTTCGC-ACGACGTG_S60_L001_R2	3.0	0.0	0.0	0.0	0.0	0.0	0.0	0.0	0.0	0.0	0.0	0.0	0.0	0.0	0.0	0.0	0.0	0.0	0.0	0.0	0.0	1.0	1.0	5.0	1.0	0.0	2874.0	38244.0
	34	44	54	64	74	84	94	104	114	124	134	144	154	164	174	184	194	204	214	224	234	244	254	264	274	284	294	301
402107_ITS_KP8LM_TACTTCGC-ATATACAC_S61_L001_R2	44.0	3.0	1.0	0.0	0.0	0.0	1.0	1.0	0.0	0.0	0.0	0.0	0.0	0.0	2.0	8.0	0.0	1.0	5.0	0.0	0.0	7.0	26.0	37.0	13.0	2.0	36016.0	381628.0
	34	44	54	64	74	84	94	104	114	124	134	144	154	164	174	184	194	204	214	224	234	244	254	264	274	284	294	301
402108_ITS_KP8LM_TACTTCGC-CGTCGCTA_S62_L001_R2	3.0	1.0	0.0	0.0	0.0	0.0	0.0	0.0	0.0	0.0	0.0	0.0	0.0	0.0	2.0	1.0	0.0	1.0	3.0	0.0	0.0	3.0	1.0	6.0	0.0	0.0	5365.0	55756.0
	34	44	54	64	74	84	94	104	114	124	134	144	154	164	174	184	194	204	214	224	234	244	254	264	274	284	294	301
402109_ITS_KP8LM_TACTTCGC-CTAGAGCT_S63_L001_R2	17.0	0.0	0.0	1.0	0.0	0.0	0.0	0.0	0.0	0.0	0.0	0.0	0.0	0.0	3.0	1.0	0.0	0.0	6.0	0.0	0.0	3.0	5.0	13.0	4.0	0.0	14303.0	91770.0
	34	44	54	64	74	84	94	104	114	124	134	144	154	164	174	184	194	204	214	224	234	244	254	264	274	284	294	301
402110_ITS_KP8LM_TACTTCGC-GCTCTAGT_S64_L001_R2	5.0	0.0	0.0	0.0	0.0	0.0	0.0	0.0	0.0	0.0	0.0	0.0	0.0	0.0	0.0	1.0	0.0	0.0	3.0	0.0	0.0	1.0	5.0	8.0	7.0	1.0	8168.0	80276.0
	34	44	54	64	74	84	94	104	114	124	134	144	154	164	174	184	194	204	214	224	234	244	254	264	274	284	294	301
402111_ITS_KP8LM_CGTCCGAA-CGTCGCTA_S65_L001_R2	9.0	1.0	0.0	0.0	0.0	0.0	0.0	0.0	0.0	0.0	0.0	0.0	0.0	0.0	0.0	0.0	0.0	0.0	2.0	0.0	0.0	3.0	8.0	7.0	1.0	2.0	14735.0	86074.0
	34	44	54	64	74	84	94	104	114	124	134	144	154	164	174	184	194	204	214	224	234	244	254	264	274	284	294	301
402112_ITS_KP8LM_TACTTCGC-TGCGTACG_S66_L001_R2	10.0	0.0	0.0	0.0	0.0	0.0	0.0	0.0	0.0	0.0	0.0	0.0	0.0	0.0	1.0	1.0	0.0	0.0	0.0	0.0	0.0	0.0	4.0	5.0	4.0	0.0	5926.0	57341.0
	34	44	54	64	74	84	94	104	114	124	134	144	154	164	174	184	194	204	214	224	234	244	254	264	274	284	294	301
402113_ITS_KP8LM_TACTTCGC-TAGTGTAG_S67_L001_R2	24.0	1.0	0.0	2.0	0.0	0.0	0.0	0.0	0.0	0.0	0.0	0.0	0.0	0.0	1.0	3.0	0.0	0.0	7.0	0.0	0.0	4.0	14.0	24.0	5.0	2.0	21149.0	211254.0
	34	44	54	64	74	84	94	104	114	124	134	144	154	164	174	184	194	204	214	224	234	244	254	264	274	284	294	301
402114_ITS_KP8LM_GCTTCGGT-ACGACGTG_S68_L001_R2	5.0	0.0	0.0	0.0	0.0	0.0	0.0	0.0	0.0	0.0	0.0	0.0	0.0	0.0	1.0	0.0	0.0	0.0	0.0	0.0	0.0	0.0	3.0	3.0	3.0	0.0	2383.0	37927.0
	34	44	54	64	74	84	94	104	114	124	134	144	154	164	174	184	194	204	214	224	234	244	254	264	274	284	294	301
402115_ITS_KP8LM_GCTTCGGT-ATATACAC_S69_L001_R2	4.0	0.0	0.0	0.0	0.0	0.0	0.0	0.0	0.0	0.0	0.0	0.0	0.0	0.0	0.0	0.0	0.0	0.0	1.0	0.0	0.0	1.0	0.0	4.0	0.0	0.0	3334.0	44402.0
	34	44	54	64	74	84	94	104	114	124	134	144	154	164	174	184	194	204	214	224	234	244	254	264	274	284	294	301
402116_ITS_KP8LM_GCTTCGGT-CGTCGCTA_S70_L001_R2	2.0	0.0	0.0	0.0	0.0	0.0	0.0	0.0	0.0	0.0	0.0	0.0	0.0	0.0	0.0	1.0	0.0	0.0	1.0	0.0	0.0	0.0	0.0	1.0	1.0	0.0	2987.0	32768.0
	34	44	54	64	74	84	94	104	114	124	134	144	154	164	174	184	194	204	214	224	234	244	254	264	274	284	294	301
402117_ITS_KP8LM_GCTTCGGT-CTAGAGCT_S71_L001_R2	3.0	0.0	0.0	0.0	0.0	0.0	0.0	0.0	0.0	0.0	0.0	0.0	0.0	0.0	0.0	0.0	0.0	0.0	3.0	0.0	0.0	3.0	3.0	3.0	1.0	0.0	4280.0	44201.0
	34	44	54	64	74	84	94	104	114	124	134	144	154	164	174	184	194	204	214	224	234	244	254	264	274	284	294	301
402118_ITS_KP8LM_GCTTCGGT-GCTCTAGT_S72_L001_R2	1.0	0.0	0.0	0.0	0.0	0.0	0.0	0.0	0.0	0.0	0.0	0.0	0.0	0.0	0.0	0.0	0.0	0.0	0.0	0.0	0.0	0.0	1.0	3.0	0.0	2.0	2881.0	33682.0
	34	44	54	64	74	84	94	104	114	124	134	144	154	164	174	184	194	204	214	224	234	244	254	264	274	284	294	301
402119_ITS_KP8LM_GCTTCGGT-GACACTGA_S73_L001_R2	1.0	0.0	1.0	0.0	0.0	0.0	0.0	0.0	0.0	0.0	0.0	0.0	0.0	0.0	0.0	0.0	0.0	0.0	3.0	0.0	0.0	2.0	1.0	4.0	1.0	0.0	2406.0	32235.0
	34	44	54	64	74	84	94	104	114	124	134	144	154	164	174	184	194	204	214	224	234	244	254	264	274	284	294	301
402120_ITS_KP8LM_GCTTCGGT-TGCGTACG_S74_L001_R2	5.0	1.0	0.0	0.0	0.0	0.0	0.0	0.0	0.0	0.0	0.0	0.0	0.0	0.0	1.0	0.0	0.0	0.0	0.0	0.0	0.0	1.0	1.0	1.0	1.0	2.0	1230.0	28371.0
	34	44	54	64	74	84	94	104	114	124	134	144	154	164	174	184	194	204	214	224	234	244	254	264	274	284	294	301
402121_ITS_KP8LM_GCTTCGGT-TAGTGTAG_S75_L001_R2	1.0	0.0	0.0	0.0	0.0	0.0	0.0	0.0	0.0	0.0	0.0	0.0	0.0	0.0	1.0	0.0	0.0	0.0	0.0	0.0	0.0	1.0	1.0	6.0	2.0	0.0	1947.0	34722.0
	34	44	54	64	74	84	94	104	114	124	134	144	154	164	174	184	194	204	214	224	234	244	254	264	274	284	294	301
402122_ITS_KP8LM_CTTACACC-ACGACGTG_S76_L001_R2	7.0	0.0	0.0	0.0	0.0	0.0	0.0	0.0	0.0	0.0	0.0	0.0	0.0	0.0	0.0	0.0	0.0	0.0	1.0	0.0	0.0	0.0	0.0	0.0	0.0	0.0	3151.0	39919.0
	34	44	54	64	74	84	94	104	114	124	134	144	154	164	174	184	194	204	214	224	234	244	254	264	274	284	294	301
402123_ITS_KP8LM_CTTACACC-ATATACAC_S77_L001_R2	1.0	0.0	0.0	0.0	0.0	0.0	0.0	0.0	0.0	0.0	0.0	0.0	0.0	0.0	1.0	0.0	0.0	0.0	1.0	0.0	0.0	0.0	1.0	3.0	0.0	0.0	4041.0	47740.0
	34	44	54	64	74	84	94	104	114	124	134	144	154	164	174	184	194	204	214	224	234	244	254	264	274	284	294	301
402124_ITS_KP8LM_CTTACACC-CGTCGCTA_S78_L001_R2	3.0	0.0	0.0	0.0	0.0	0.0	0.0	0.0	0.0	0.0	0.0	0.0	0.0	0.0	0.0	0.0	0.0	0.0	0.0	0.0	0.0	0.0	3.0	2.0	1.0	0.0	3634.0	31278.0
	34	44	54	64	74	84	94	104	114	124	134	144	154	164	174	184	194	204	214	224	234	244	254	264	274	284	294	301
402125_ITS_KP8LM_CTTACACC-CTAGAGCT_S79_L001_R2	4.0	0.0	0.0	0.0	0.0	0.0	0.0	1.0	0.0	0.0	0.0	0.0	0.0	0.0	0.0	0.0	0.0	1.0	0.0	0.0	0.0	1.0	1.0	8.0	0.0	1.0	2656.0	42976.0
	34	44	54	64	74	84	94	104	114	124	134	144	154	164	174	184	194	204	214	224	234	244	254	264	274	284	294	301
402126_ITS_KP8LM_CTTACACC-GCTCTAGT_S80_L001_R2	5.0	0.0	2.0	0.0	0.0	0.0	0.0	0.0	0.0	0.0	0.0	0.0	0.0	0.0	0.0	1.0	0.0	1.0	0.0	0.0	0.0	0.0	2.0	2.0	1.0	0.0	3429.0	43255.0
	34	44	54	64	74	84	94	104	114	124	134	144	154	164	174	184	194	204	214	224	234	244	254	264	274	284	294	301
402127_ITS_KP8LM_CTTACACC-GACACTGA_S81_L001_R2	5.0	0.0	0.0	0.0	0.0	0.0	0.0	0.0	0.0	0.0	0.0	0.0	0.0	0.0	1.0	0.0	1.0	0.0	2.0	0.0	0.0	1.0	5.0	8.0	3.0	0.0	3350.0	49382.0
	34	44	54	64	74	84	94	104	114	124	134	144	154	164	174	184	194	204	214	224	234	244	254	264	274	284	294	301
402128_ITS_KP8LM_CTTACACC-TGCGTACG_S82_L001_R2	1.0	0.0	0.0	0.0	0.0	0.0	0.0	0.0	0.0	0.0	0.0	0.0	0.0	0.0	0.0	0.0	0.0	0.0	0.0	0.0	0.0	0.0	1.0	0.0	0.0	0.0	237.0	1936.0
	34	44	54	64	74	84	94	104	114	124	134	144	154	164	174	184	194	204	214	224	234	244	254	264	274	284	294	301
402129_ITS_KP8LM_CTTACACC-TAGTGTAG_S83_L001_R2	6.0	0.0	1.0	0.0	0.0	0.0	0.0	0.0	0.0	0.0	0.0	0.0	0.0	0.0	0.0	0.0	0.0	0.0	0.0	0.0	0.0	0.0	5.0	5.0	4.0	0.0	4061.0	50731.0
	34	44	54	64	74	84	94	104	114	124	134	144	154	164	174	184	194	204	214	224	234	244	254	264	274	284	294	301
402130_ITS_KP8LM_TGACCTCC-ACGACGTG_S84_L001_R2	8.0	0.0	0.0	0.0	0.0	0.0	0.0	0.0	0.0	0.0	0.0	0.0	0.0	0.0	0.0	2.0	0.0	0.0	1.0	0.0	0.0	1.0	1.0	4.0	5.0	1.0	10460.0	53039.0
	34	44	54	64	74	84	94	104	114	124	134	144	154	164	174	184	194	204	214	224	234	244	254	264	274	284	294	301
402131_ITS_KP8LM_TGACCTCC-ATATACAC_S85_L001_R2	6.0	0.0	0.0	0.0	0.0	0.0	0.0	0.0	0.0	0.0	0.0	0.0	0.0	0.0	0.0	0.0	0.0	2.0	0.0	0.0	0.0	2.0	4.0	8.0	3.0	0.0	4907.0	59251.0
	34	44	54	64	74	84	94	104	114	124	134	144	154	164	174	184	194	204	214	224	234	244	254	264	274	284	294	301
402132_ITS_KP8LM_TGACCTCC-CGTCGCTA_S86_L001_R2	5.0	0.0	0.0	0.0	0.0	0.0	0.0	0.0	0.0	0.0	0.0	0.0	0.0	0.0	0.0	1.0	0.0	1.0	1.0	0.0	0.0	0.0	1.0	7.0	3.0	0.0	7208.0	55497.0
	34	44	54	64	74	84	94	104	114	124	134	144	154	164	174	184	194	204	214	224	234	244	254	264	274	284	294	301
402133_ITS_KP8LM_TGACCTCC-CTAGAGCT_S87_L001_R2	8.0	2.0	0.0	0.0	0.0	0.0	0.0	0.0	0.0	0.0	0.0	0.0	0.0	0.0	0.0	0.0	0.0	0.0	1.0	0.0	0.0	0.0	5.0	6.0	3.0	1.0	5664.0	68440.0
	34	44	54	64	74	84	94	104	114	124	134	144	154	164	174	184	194	204	214	224	234	244	254	264	274	284	294	301
402134_ITS_KP8LM_TGACCTCC-GCTCTAGT_S88_L001_R2	8.0	0.0	0.0	0.0	0.0	0.0	0.0	0.0	0.0	0.0	0.0	0.0	0.0	0.0	1.0	0.0	0.0	0.0	2.0	0.0	0.0	2.0	9.0	4.0	2.0	0.0	4402.0	58223.0
	34	44	54	64	74	84	94	104	114	124	134	144	154	164	174	184	194	204	214	224	234	244	254	264	274	284	294	301
402135_ITS_KP8LM_TGACCTCC-GACACTGA_S89_L001_R2	7.0	0.0	0.0	0.0	0.0	0.0	0.0	0.0	0.0	0.0	0.0	0.0	0.0	0.0	1.0	2.0	0.0	0.0	2.0	0.0	0.0	2.0	6.0	6.0	0.0	0.0	7494.0	83614.0
	34	44	54	64	74	84	94	104	114	124	134	144	154	164	174	184	194	204	214	224	234	244	254	264	274	284	294	301
402136_ITS_KP8LM_TGACCTCC-TGCGTACG_S90_L001_R2	2.0	0.0	1.0	0.0	0.0	0.0	0.0	0.0	0.0	1.0	0.0	0.0	0.0	0.0	0.0	0.0	0.0	0.0	4.0	0.0	0.0	0.0	1.0	6.0	2.0	0.0	5949.0	50658.0
	34	44	54	64	74	84	94	104	114	124	134	144	154	164	174	184	194	204	214	224	234	244	254	264	274	284	294	301
402137_ITS_KP8LM_TGACCTCC-TAGTGTAG_S91_L001_R2	7.0	0.0	1.0	0.0	0.0	0.0	0.0	0.0	0.0	0.0	0.0	0.0	0.0	0.0	0.0	1.0	0.0	0.0	3.0	0.0	0.0	0.0	0.0	4.0	3.0	0.0	6808.0	56751.0
	34	44	54	64	74	84	94	104	114	124	134	144	154	164	174	184	194	204	214	224	234	244	254	264	274	284	294	301
402138_ITS_KP8LM_ACAAGGAG-ACGACGTG_S92_L001_R2	7.0	0.0	0.0	0.0	0.0	0.0	0.0	0.0	0.0	0.0	0.0	0.0	0.0	0.0	0.0	2.0	0.0	0.0	2.0	0.0	0.0	0.0	2.0	2.0	3.0	0.0	5197.0	43746.0
	34	44	54	64	74	84	94	104	114	124	134	144	154	164	174	184	194	204	214	224	234	244	254	264	274	284	294	301
402139_ITS_KP8LM_ACAAGGAG-ATATACAC_S93_L001_R2	8.0	0.0	1.0	1.0	0.0	0.0	0.0	0.0	0.0	0.0	0.0	0.0	0.0	0.0	0.0	0.0	0.0	0.0	5.0	0.0	0.0	2.0	4.0	7.0	1.0	1.0	6740.0	69765.0
	34	44	54	64	74	84	94	104	114	124	134	144	154	164	174	184	194	204	214	224	234	244	254	264	274	284	294	301
402140_ITS_KP8LM_ACAAGGAG-CGTCGCTA_S94_L001_R2	3.0	0.0	1.0	0.0	0.0	0.0	0.0	0.0	0.0	0.0	0.0	0.0	0.0	0.0	0.0	1.0	0.0	0.0	2.0	0.0	0.0	0.0	4.0	0.0	1.0	0.0	5124.0	37964.0
	34	44	54	64	74	84	94	104	114	124	134	144	154	164	174	184	194	204	214	224	234	244	254	264	274	284	294	301
402141_ITS_KP8LM_ACAAGGAG-CTAGAGCT_S95_L001_R2	7.0	0.0	0.0	0.0	0.0	0.0	0.0	0.0	0.0	0.0	0.0	0.0	0.0	0.0	0.0	1.0	0.0	0.0	1.0	0.0	0.0	2.0	3.0	11.0	0.0	0.0	4386.0	36513.0
	34	44	54	64	74	84	94	104	114	124	134	144	154	164	174	184	194	204	214	224	234	244	254	264	274	284	294	301
402142_ITS_KP8LM_ACAAGGAG-GCTCTAGT_S96_L001_R2	11.0	0.0	0.0	0.0	0.0	0.0	0.0	0.0	0.0	0.0	0.0	0.0	0.0	0.0	0.0	1.0	0.0	0.0	4.0	0.0	0.0	0.0	1.0	7.0	6.0	0.0	5548.0	47642.0
	34	44	54	64	74	84	94	104	114	124	134	144	154	164	174	184	194	204	214	224	234	244	254	264	274	284	294	301
402143_ITS_KP8LM_TCTGTTGC-CTAGAGCT_S97_L001_R2	35.0	0.0	0.0	0.0	0.0	0.0	2.0	0.0	0.0	0.0	0.0	0.0	0.0	0.0	2.0	2.0	0.0	0.0	8.0	0.0	0.0	9.0	22.0	29.0	13.0	1.0	74443.0	300661.0
	34	44	54	64	74	84	94	104	114	124	134	144	154	164	174	184	194	204	214	224	234	244	254	264	274	284	294	301
402144_ITS_KP8LM_TCTGTTGC-GCTCTAGT_S98_L001_R2	7.0	0.0	0.0	0.0	0.0	0.0	0.0	0.0	0.0	0.0	0.0	0.0	0.0	0.0	0.0	0.0	0.0	0.0	0.0	0.0	0.0	2.0	2.0	6.0	1.0	1.0	7660.0	49118.0
	34	44	54	64	74	84	94	104	114	124	134	144	154	164	174	184	194	204	214	224	234	244	254	264	274	284	294	301
402145_ITS_KP8LM_TCTGTTGC-GACACTGA_S99_L001_R2	4.0	0.0	0.0	0.0	0.0	0.0	0.0	0.0	0.0	0.0	0.0	0.0	0.0	0.0	0.0	1.0	0.0	0.0	1.0	0.0	0.0	1.0	5.0	1.0	2.0	0.0	6286.0	64035.0
	291	292	293	294	295	296	297	298	299	300	301
402146_ITS_KP69D_TATCAGGT-ACGACGTG_S94_L001_R2	1.0	0.0	0.0	2.0	10.0	17.0	389.0	7240.0	7909.0	23739.0	89250.0
	293	294	295	296	297	298	299	300	301
402147_ITS_KP69D_TATCAGGT-ATATACAC_S95_L001_R2	1.0	0.0	8.0	28.0	367.0	2746.0	10482.0	36880.0	103695.0
	290	291	292	293	294	295	296	297	298	299	300	301
402148_ITS_KP69D_TATCAGGT-CGTCGCTA_S96_L001_R2	1.0	3.0	0.0	1.0	3.0	21.0	43.0	193.0	1851.0	20229.0	35308.0	108975.0
	290	291	292	293	294	295	296	297	298	299	300	301
402149_ITS_KP69D_TATCAGGT-CTAGAGCT_S97_L001_R2	2.0	2.0	0.0	0.0	1.0	25.0	32.0	186.0	1290.0	20978.0	37878.0	134934.0
	290	291	292	293	294	295	296	297	298	299	300	301
402150_ITS_KP69D_TATCAGGT-GCTCTAGT_S98_L001_R2	1.0	0.0	0.0	0.0	3.0	6.0	20.0	158.0	719.0	3972.0	13847.0	53569.0
	290	291	292	293	294	295	296	297	298	299	300	301
402151_ITS_KP69D_TATCAGGT-GACACTGA_S99_L001_R2	1.0	0.0	0.0	0.0	0.0	5.0	6.0	231.0	816.0	4914.0	13269.0	66622.0
	295	296	297	298	299	300	301
402152_ITS_KP69D_TATCAGGT-TGCGTACG_S100_L001_R2	5.0	11.0	163.0	2143.0	4286.0	22708.0	63772.0
	291	292	293	294	295	296	297	298	299	300	301
402153_ITS_KP69D_TATCAGGT-TAGTGTAG_S101_L001_R2	1.0	0.0	0.0	0.0	8.0	8.0	97.0	477.0	5139.0	16533.0	56419.0
	291	292	293	294	295	296	297	298	299	300	301
402154_ITS_KP69D_TGTAATTG-ACGACGTG_S102_L001_R2	1.0	0.0	0.0	0.0	11.0	11.0	188.0	250.0	4792.0	22625.0	56987.0
	293	294	295	296	297	298	299	300	301
402155_ITS_KP69D_TGTAATTG-ATATACAC_S103_L001_R2	1.0	1.0	14.0	24.0	141.0	297.0	5986.0	28146.0	61405.0
	295	296	297	298	299	300	301
402156_ITS_KP69D_TGTAATTG-CGTCGCTA_S104_L001_R2	24.0	6.0	177.0	470.0	5200.0	13230.0	49549.0
	293	294	295	296	297	298	299	300	301
402157_ITS_KP69D_TGTAATTG-CTAGAGCT_S105_L001_R2	2.0	0.0	16.0	5.0	226.0	983.0	23356.0	15104.0	49883.0
	292	293	294	295	296	297	298	299	300	301
402158_ITS_KP69D_TGTAATTG-GCTCTAGT_S106_L001_R2	1.0	0.0	0.0	5.0	12.0	197.0	2473.0	5521.0	18144.0	59439.0
	295	296	297	298	299	300	301
402159_ITS_KP69D_TGTAATTG-GACACTGA_S107_L001_R2	26.0	5.0	216.0	1271.0	8333.0	18911.0	67537.0
	294	295	296	297	298	299	300	301
402160_ITS_KP69D_TGTAATTG-TGCGTACG_S108_L001_R2	1.0	6.0	3.0	174.0	1923.0	4041.0	17163.0	52279.0
	294	295	296	297	298	299	300	301
402161_ITS_KP69D_TGTAATTG-TAGTGTAG_S109_L001_R2	1.0	9.0	12.0	114.0	1336.0	3436.0	14593.0	49228.0
	295	296	297	298	299	300	301
402162_ITS_KP69D_AATGGAGC-ACGACGTG_S110_L001_R2	18.0	13.0	558.0	2359.0	8337.0	21380.0	72751.0
	34	44	54	64	74	84	94	104	114	124	134	144	154	164	174	184	194	204	214	224	234	244	254	264	274	284	294	301
402163_ITS_KP8LM_AATGGAGC-ATATACAC_S100_L001_R2	11.0	1.0	0.0	0.0	0.0	0.0	0.0	0.0	0.0	0.0	0.0	0.0	0.0	0.0	0.0	0.0	0.0	0.0	1.0	0.0	0.0	0.0	6.0	12.0	7.0	0.0	7169.0	83880.0
	34	44	54	64	74	84	94	104	114	124	134	144	154	164	174	184	194	204	214	224	234	244	254	264	274	284	294	301
402164_ITS_KP8LM_AATGGAGC-CGTCGCTA_S101_L001_R2	7.0	0.0	0.0	0.0	0.0	0.0	0.0	0.0	0.0	0.0	0.0	0.0	0.0	0.0	0.0	0.0	0.0	0.0	4.0	0.0	0.0	0.0	3.0	2.0	0.0	0.0	6405.0	46312.0
	34	44	54	64	74	84	94	104	114	124	134	144	154	164	174	184	194	204	214	224	234	244	254	264	274	284	294	301
402165_ITS_KP8LM_AATGGAGC-CTAGAGCT_S102_L001_R2	4.0	0.0	0.0	0.0	0.0	0.0	0.0	0.0	0.0	0.0	0.0	0.0	0.0	0.0	1.0	1.0	0.0	0.0	0.0	0.0	0.0	0.0	2.0	8.0	3.0	0.0	6696.0	58066.0
	34	44	54	64	74	84	94	104	114	124	134	144	154	164	174	184	194	204	214	224	234	244	254	264	274	284	294	301
59000_ITS_KP8LM_AGCTTGAC-ACGACGTG_S103_L001_R2	1.0	0.0	0.0	0.0	0.0	0.0	0.0	0.0	0.0	0.0	0.0	0.0	0.0	0.0	0.0	1.0	0.0	0.0	2.0	0.0	0.0	0.0	3.0	6.0	2.0	0.0	3929.0	46075.0
	34	44	54	64	74	84	94	104	114	124	134	144	154	164	174	184	194	204	214	224	234	244	254	264	274	284	294	301
59001_ITS_KP8LM_AGCTTGAC-ATATACAC_S104_L001_R2	3.0	0.0	0.0	0.0	0.0	0.0	0.0	0.0	0.0	0.0	0.0	0.0	0.0	0.0	0.0	0.0	0.0	0.0	2.0	0.0	0.0	0.0	8.0	9.0	1.0	1.0	6590.0	53517.0
	34	44	54	64	74	84	94	104	114	124	134	144	154	164	174	184	194	204	214	224	234	244	254	264	274	284	294	301
59002_ITS_KP8LM_AGCTTGAC-CGTCGCTA_S105_L001_R2	5.0	1.0	0.0	0.0	0.0	0.0	0.0	0.0	0.0	0.0	0.0	0.0	0.0	0.0	0.0	0.0	0.0	0.0	0.0	0.0	0.0	0.0	3.0	4.0	2.0	0.0	4978.0	50448.0
	34	44	54	64	74	84	94	104	114	124	134	144	154	164	174	184	194	204	214	224	234	244	254	264	274	284	294	301
59003_ITS_KP8LM_AGCTTGAC-CTAGAGCT_S106_L001_R2	15.0	1.0	0.0	0.0	0.0	0.0	0.0	0.0	0.0	0.0	0.0	0.0	0.0	0.0	0.0	2.0	0.0	0.0	1.0	0.0	0.0	0.0	10.0	9.0	4.0	1.0	7531.0	124933.0
	34	44	54	64	74	84	94	104	114	124	134	144	154	164	174	184	194	204	214	224	234	244	254	264	274	284	294	301
59004_ITS_KP8LM_AGCTTGAC-GCTCTAGT_S107_L001_R2	5.0	0.0	0.0	0.0	0.0	0.0	0.0	0.0	0.0	0.0	0.0	0.0	0.0	0.0	0.0	0.0	0.0	0.0	1.0	0.0	0.0	1.0	3.0	4.0	1.0	1.0	5091.0	47759.0
	34	44	54	64	74	84	94	104	114	124	134	144	154	164	174	184	194	204	214	224	234	244	254	264	274	284	294	301
59005_ITS_KP8LM_AGCTTGAC-GACACTGA_S108_L001_R2	16.0	0.0	0.0	1.0	0.0	0.0	0.0	0.0	0.0	0.0	0.0	0.0	0.0	0.0	0.0	0.0	0.0	0.0	1.0	0.0	0.0	4.0	4.0	8.0	3.0	2.0	9394.0	108014.0
	34	44	54	64	74	84	94	104	114	124	134	144	154	164	174	184	194	204	214	224	234	244	254	264	274	284	294	301
59006_ITS_KP8LM_AGCTTGAC-TGCGTACG_S109_L001_R2	4.0	0.0	0.0	0.0	0.0	0.0	0.0	0.0	0.0	0.0	0.0	0.0	0.0	0.0	0.0	0.0	0.0	1.0	1.0	0.0	0.0	1.0	3.0	4.0	2.0	0.0	8567.0	54918.0
	294	295	296	297	298	299	300	301
59007_ITS_KP8LM_AGCTTGAC-TAGTGTAG_S110_L001_R2	1.0	1.0	4.0	26.0	11.0	163.0	928.0	2568.0
	290	291	292	293	294	295	296	297	298	299	300	301
ATCC1010MOCK_ITS_KP69D_AATGGAGC-GCTCTAGT_S111_L001_R2	1.0	0.0	0.0	0.0	3.0	9.0	10.0	275.0	5890.0	48025.0	29149.0	82777.0
	290	291	292	293	294	295	296	297	298	299	300	301
ATCC1010MOCK_ITS_KP69D_ACAAGGAG-GACACTGA_S112_L001_R2	1.0	1.0	1.0	4.0	0.0	9.0	12.0	275.0	9938.0	75519.0	37062.0	103948.0
	34	44	54	64	74	84	94	104	114	124	134	144	154	164	174	184	194	204	214	224	234	244	254	264	274	284	294	301
ATCC1010MOCK_ITS_KP8LM_ACAAGGAG-GACACTGA_S111_L001_R2	8.0	0.0	0.0	0.0	0.0	0.0	0.0	0.0	0.0	0.0	0.0	0.0	0.0	0.0	0.0	1.0	0.0	0.0	2.0	0.0	0.0	4.0	5.0	4.0	5.0	0.0	24469.0	45099.0
	34	44	54	64	74	84	94	104	114	124	134	144	154	164	174	184	194	204	214	224	234	244	254	264	274	284	294	301
ATCC1010MOCK_ITS_KP8LM_CGTCCGAA-CTAGAGCT_S112_L001_R2	10.0	0.0	1.0	0.0	0.0	0.0	0.0	0.0	0.0	0.0	0.0	0.0	0.0	0.0	0.0	0.0	0.0	1.0	3.0	0.0	0.0	1.0	8.0	9.0	2.0	0.0	20869.0	49274.0
	295	296	297	298	299	300	301
No_Template_Control_ITS_KP69D_AATGGAGC-TGCGTACG_S113_L001_R2	1.0	2.0	10.0	27.0	273.0	805.0	2791.0
	295	296	297	298	299	300	301
No_Template_Control_ITS_KP69D_ACAAGGAG-TAGTGTAG_S114_L001_R2	4.0	6.0	29.0	39.0	474.0	1328.0	4953.0
	34	44	54	64	74	84	94	104	114	124	134	144	154	164	174	184	194	204	214	224	234	244	254	264	274	284	294	301
No_Template_Control_ITS_KP8LM_ACAAGGAG-TAGTGTAG_S113_L001_R2	1.0	0.0	0.0	0.0	0.0	0.0	0.0	0.0	0.0	0.0	0.0	0.0	0.0	0.0	0.0	0.0	0.0	0.0	0.0	0.0	0.0	1.0	1.0	0.0	0.0	0.0	251.0	3792.0
	296	297	298	299	300	301
No_Template_Control_ITS_KP8LM_CGTCCGAA-GACACTGA_S114_L001_R2	2.0	9.0	22.0	222.0	444.0	1920.0
	290	291	292	293	294	295	296	297	298	299	300	301
Soil_DNA_ITS_KP69D_AATGGAGC-GACACTGA_S115_L001_R2	1.0	0.0	0.0	1.0	0.0	43.0	85.0	735.0	3356.0	17030.0	59815.0	269145.0
	291	292	293	294	295	296	297	298	299	300	301
Soil_DNA_ITS_KP69D_ACAAGGAG-TGCGTACG_S116_L001_R2	1.0	0.0	3.0	1.0	29.0	65.0	589.0	2819.0	14381.0	56452.0	243884.0
	34	44	54	64	74	84	94	104	114	124	134	144	154	164	174	184	194	204	214	224	234	244	254	264	274	284	294	301
Soil_DNA_ITS_KP8LM_ACAAGGAG-TGCGTACG_S115_L001_R2	28.0	1.0	0.0	1.0	0.0	0.0	0.0	0.0	0.0	0.0	0.0	0.0	0.0	0.0	1.0	3.0	0.0	0.0	9.0	0.0	0.0	2.0	7.0	15.0	1.0	2.0	12061.0	191159.0
	34	44	54	64	74	84	94	104	114	124	134	144	154	164	174	184	194	204	214	224	234	244	254	264	274	284	294	301
Soil_DNA_ITS_KP8LM_CGTCCGAA-GCTCTAGT_S116_L001_R2	10.0	0.0	0.0	0.0	0.0	0.0	0.0	0.0	0.0	0.0	0.0	0.0	0.0	0.0	0.0	3.0	0.0	0.0	3.0	0.0	0.0	1.0	7.0	11.0	2.0	0.0	11601.0	157922.0

