	12.0	13.0	14.0	15.0	16.0	17.0	18.0	19.0	20.0	21.0	22.0	23.0	24.0	25.0	26.0	27.0	28.0	29.0	30.0	31.0	32.0	33.0	34.0	35.0	36.0	37.0
401954_ITS_KP69D_GAAGAAGC-ACGACGTG_S1_L001_R2	3.0	22.0	85.0	255.0	362.0	346.0	789.0	1297.0	1503.0	1484.0	1508.0	1552.0	1611.0	1705.0	1867.0	2012.0	2197.0	2653.0	3093.0	3587.0	4435.0	5359.0	6135.0	6504.0	3621.0	193.0
	11.0	12.0	13.0	14.0	15.0	16.0	17.0	18.0	19.0	20.0	21.0	22.0	23.0	24.0	25.0	26.0	27.0	28.0	29.0	30.0	31.0	32.0	33.0	34.0	35.0	36.0	37.0
401955_ITS_KP69D_GAAGAAGC-ATATACAC_S2_L001_R2	1.0	2.0	42.0	113.0	307.0	335.0	464.0	942.0	1433.0	1567.0	1495.0	1552.0	1543.0	1577.0	1731.0	1902.0	1965.0	2274.0	2642.0	3019.0	3610.0	4354.0	5001.0	5643.0	5913.0	4297.0	665.0
	12.0	13.0	14.0	15.0	16.0	17.0	18.0	19.0	20.0	21.0	22.0	23.0	24.0	25.0	26.0	27.0	28.0	29.0	30.0	31.0	32.0	33.0	34.0	35.0	36.0	37.0
401956_ITS_KP69D_GAAGAAGC-CGTCGCTA_S3_L001_R2	3.0	31.0	106.0	228.0	215.0	286.0	497.0	778.0	851.0	906.0	966.0	954.0	1034.0	1082.0	1206.0	1289.0	1539.0	1672.0	1969.0	2408.0	2782.0	3167.0	3787.0	4105.0	4200.0	1013.0
	11.0	12.0	13.0	14.0	15.0	16.0	17.0	18.0	19.0	20.0	21.0	22.0	23.0	24.0	25.0	26.0	27.0	28.0	29.0	30.0	31.0	32.0	33.0	34.0	35.0	36.0	37.0
401957_ITS_KP69D_GAAGAAGC-CTAGAGCT_S4_L001_R2	1.0	3.0	23.0	139.0	360.0	362.0	427.0	846.0	1252.0	1417.0	1449.0	1478.0	1457.0	1524.0	1642.0	1678.0	1940.0	2094.0	2516.0	2786.0	3433.0	4189.0	5026.0	6516.0	7982.0	8162.0	1481.0
	12.0	13.0	14.0	15.0	16.0	17.0	18.0	19.0	20.0	21.0	22.0	23.0	24.0	25.0	26.0	27.0	28.0	29.0	30.0	31.0	32.0	33.0	34.0	35.0	36.0	37.0
401958_ITS_KP69D_GAAGAAGC-GCTCTAGT_S5_L001_R2	6.0	58.0	166.0	298.0	326.0	506.0	994.0	1408.0	1584.0	1600.0	1656.0	1752.0	1886.0	2007.0	2178.0	2323.0	2779.0	3111.0	3672.0	4361.0	5056.0	6039.0	6895.0	7614.0	6943.0	1423.0
	11.0	12.0	13.0	14.0	15.0	16.0	17.0	18.0	19.0	20.0	21.0	22.0	23.0	24.0	25.0	26.0	27.0	28.0	29.0	30.0	31.0	32.0	33.0	34.0	35.0	36.0	37.0
401959_ITS_KP69D_GAAGAAGC-GACACTGA_S6_L001_R2	2.0	9.0	39.0	186.0	390.0	469.0	621.0	1322.0	1990.0	2022.0	1989.0	2013.0	2040.0	2080.0	2168.0	2402.0	2659.0	2968.0	3415.0	4039.0	4613.0	5645.0	6357.0	7363.0	8049.0	6635.0	1200.0
	12.0	13.0	14.0	15.0	16.0	17.0	18.0	19.0	20.0	21.0	22.0	23.0	24.0	25.0	26.0	27.0	28.0	29.0	30.0	31.0	32.0	33.0	34.0	35.0	36.0	37.0
401960_ITS_KP69D_GAAGAAGC-TGCGTACG_S7_L001_R2	2.0	37.0	185.0	289.0	344.0	489.0	974.0	1473.0	1525.0	1559.0	1552.0	1633.0	1664.0	1864.0	2027.0	2182.0	2429.0	2835.0	3332.0	3901.0	4517.0	5485.0	6371.0	6380.0	4747.0	1042.0
	11.0	12.0	13.0	14.0	15.0	16.0	17.0	18.0	19.0	20.0	21.0	22.0	23.0	24.0	25.0	26.0	27.0	28.0	29.0	30.0	31.0	32.0	33.0	34.0	35.0	36.0	37.0
401961_ITS_KP69D_GAAGAAGC-TAGTGTAG_S8_L001_R2	1.0	3.0	21.0	117.0	204.0	266.0	381.0	645.0	1032.0	1088.0	1006.0	1070.0	1096.0	1093.0	1271.0	1330.0	1423.0	1739.0	1997.0	2225.0	2722.0	3243.0	3855.0	4524.0	4848.0	3941.0	670.0
	13.0	14.0	15.0	16.0	17.0	18.0	19.0	20.0	21.0	22.0	23.0	24.0	25.0	26.0	27.0	28.0	29.0	30.0	31.0	32.0	33.0	34.0	35.0	36.0	37.0
401962_ITS_KP69D_GAGAGAAT-ACGACGTG_S9_L001_R2	21.0	87.0	140.0	150.0	185.0	409.0	599.0	671.0	665.0	688.0	750.0	733.0	816.0	927.0	997.0	1130.0	1261.0	1559.0	1864.0	2126.0	2511.0	2697.0	2847.0	1899.0	287.0
	12.0	13.0	14.0	15.0	16.0	17.0	18.0	19.0	20.0	21.0	22.0	23.0	24.0	25.0	26.0	27.0	28.0	29.0	30.0	31.0	32.0	33.0	34.0	35.0	36.0	37.0
401963_ITS_KP69D_GAGAGAAT-ATATACAC_S10_L001_R2	5.0	67.0	264.0	447.0	459.0	686.0	1460.0	2043.0	2258.0	2374.0	2552.0	2575.0	2728.0	2920.0	3184.0	3556.0	4008.0	4513.0	5400.0	6505.0	7713.0	9439.0	10936.0	11745.0	10129.0	2072.0
	12.0	13.0	14.0	15.0	16.0	17.0	18.0	19.0	20.0	21.0	22.0	23.0	24.0	25.0	26.0	27.0	28.0	29.0	30.0	31.0	32.0	33.0	34.0	35.0	36.0	37.0
401964_ITS_KP69D_GAGAGAAT-CGTCGCTA_S11_L001_R2	10.0	40.0	168.0	342.0	414.0	475.0	921.0	1497.0	1779.0	1881.0	1940.0	2098.0	2231.0	2346.0	2464.0	2779.0	3178.0	3529.0	4250.0	5187.0	6374.0	7679.0	8901.0	10105.0	8234.0	1635.0
	11.0	12.0	13.0	14.0	15.0	16.0	17.0	18.0	19.0	20.0	21.0	22.0	23.0	24.0	25.0	26.0	27.0	28.0	29.0	30.0	31.0	32.0	33.0	34.0	35.0	36.0	37.0
401965_ITS_KP69D_GAGAGAAT-CTAGAGCT_S12_L001_R2	2.0	2.0	57.0	194.0	389.0	443.0	555.0	1124.0	1728.0	1916.0	1996.0	1992.0	2167.0	2274.0	2454.0	2536.0	2855.0	3312.0	3734.0	4625.0	5431.0	6561.0	8097.0	9183.0	10216.0	7836.0	1488.0
	12.0	13.0	14.0	15.0	16.0	17.0	18.0	19.0	20.0	21.0	22.0	23.0	24.0	25.0	26.0	27.0	28.0	29.0	30.0	31.0	32.0	33.0	34.0	35.0	36.0	37.0
401966_ITS_KP69D_GAGAGAAT-GCTCTAGT_S13_L001_R2	5.0	47.0	200.0	335.0	383.0	585.0	1081.0	1488.0	1657.0	1733.0	1830.0	1914.0	2087.0	2083.0	2269.0	2544.0	3052.0	3417.0	4162.0	4937.0	5826.0	7116.0	8453.0	9052.0	7712.0	1641.0
	12.0	13.0	14.0	15.0	16.0	17.0	18.0	19.0	20.0	21.0	22.0	23.0	24.0	25.0	26.0	27.0	28.0	29.0	30.0	31.0	32.0	33.0	34.0	35.0	36.0	37.0
401967_ITS_KP69D_GAGAGAAT-GACACTGA_S14_L001_R2	10.0	81.0	369.0	706.0	840.0	1081.0	2305.0	3619.0	3923.0	4016.0	4073.0	4169.0	4280.0	4547.0	4860.0	5173.0	5927.0	6858.0	8038.0	9636.0	11595.0	13966.0	17148.0	19437.0	17905.0	3312.0
	13.0	14.0	15.0	16.0	17.0	18.0	19.0	20.0	21.0	22.0	23.0	24.0	25.0	26.0	27.0	28.0	29.0	30.0	31.0	32.0	33.0	34.0	35.0	36.0	37.0
401968_ITS_KP69D_GAGAGAAT-TGCGTACG_S15_L001_R2	28.0	172.0	296.0	369.0	462.0	811.0	1293.0	1467.0	1533.0	1596.0	1686.0	1726.0	1904.0	2068.0	2299.0	2587.0	3103.0	3690.0	4438.0	5184.0	6258.0	7353.0	8292.0	7023.0	1006.0
	11.0	12.0	13.0	14.0	15.0	16.0	17.0	18.0	19.0	20.0	21.0	22.0	23.0	24.0	25.0	26.0	27.0	28.0	29.0	30.0	31.0	32.0	33.0	34.0	35.0	36.0	37.0
401969_ITS_KP69D_GAGAGAAT-TAGTGTAG_S16_L001_R2	1.0	3.0	42.0	171.0	342.0	378.0	575.0	1218.0	1636.0	1763.0	1708.0	1727.0	1800.0	1925.0	2016.0	2173.0	2360.0	2799.0	3057.0	3499.0	4310.0	5306.0	6139.0	7541.0	8462.0	6428.0	927.0
	11.0	12.0	13.0	14.0	15.0	16.0	17.0	18.0	19.0	20.0	21.0	22.0	23.0	24.0	25.0	26.0	27.0	28.0	29.0	30.0	31.0	32.0	33.0	34.0	35.0	36.0	37.0
401970_ITS_KP69D_TCGTCGAT-ACGACGTG_S17_L001_R2	3.0	3.0	42.0	204.0	344.0	467.0	680.0	1377.0	2028.0	2257.0	2178.0	2171.0	2291.0	2323.0	2426.0	2576.0	2876.0	3228.0	3711.0	4235.0	5013.0	5581.0	6647.0	7637.0	8299.0	6861.0	1090.0
	12.0	13.0	14.0	15.0	16.0	17.0	18.0	19.0	20.0	21.0	22.0	23.0	24.0	25.0	26.0	27.0	28.0	29.0	30.0	31.0	32.0	33.0	34.0	35.0	36.0	37.0
401971_ITS_KP69D_TCGTCGAT-ATATACAC_S18_L001_R2	4.0	64.0	312.0	506.0	574.0	906.0	1929.0	2582.0	2655.0	2633.0	2617.0	2703.0	2731.0	2880.0	3106.0	3450.0	3836.0	4412.0	5295.0	6230.0	7141.0	8554.0	9883.0	10884.0	8924.0	2045.0
	12.0	13.0	14.0	15.0	16.0	17.0	18.0	19.0	20.0	21.0	22.0	23.0	24.0	25.0	26.0	27.0	28.0	29.0	30.0	31.0	32.0	33.0	34.0	35.0	36.0	37.0
401972_ITS_KP69D_TCGTCGAT-CGTCGCTA_S19_L001_R2	3.0	66.0	249.0	403.0	428.0	568.0	1176.0	1640.0	1845.0	1920.0	2056.0	2086.0	2179.0	2346.0	2592.0	2934.0	3229.0	3660.0	4504.0	5299.0	6243.0	7551.0	8633.0	10084.0	10365.0	2721.0
	12.0	13.0	14.0	15.0	16.0	17.0	18.0	19.0	20.0	21.0	22.0	23.0	24.0	25.0	26.0	27.0	28.0	29.0	30.0	31.0	32.0	33.0	34.0	35.0	36.0	37.0
401973_ITS_KP69D_TCGTCGAT-CTAGAGCT_S20_L001_R2	4.0	55.0	239.0	414.0	512.0	667.0	1221.0	1724.0	1933.0	1933.0	2062.0	2221.0	2257.0	2379.0	2669.0	2906.0	3295.0	3779.0	4464.0	5397.0	6216.0	7460.0	8806.0	10432.0	10810.0	2880.0
	12.0	13.0	14.0	15.0	16.0	17.0	18.0	19.0	20.0	21.0	22.0	23.0	24.0	25.0	26.0	27.0	28.0	29.0	30.0	31.0	32.0	33.0	34.0	35.0	36.0	37.0
401974_ITS_KP69D_TCGTCGAT-GCTCTAGT_S21_L001_R2	11.0	92.0	263.0	362.0	337.0	547.0	1010.0	1537.0	1796.0	1816.0	1846.0	2022.0	2140.0	2344.0	2464.0	2868.0	3100.0	3686.0	4559.0	5239.0	6209.0	7192.0	8422.0	9296.0	8441.0	2132.0
	11.0	12.0	13.0	14.0	15.0	16.0	17.0	18.0	19.0	20.0	21.0	22.0	23.0	24.0	25.0	26.0	27.0	28.0	29.0	30.0	31.0	32.0	33.0	34.0	35.0	36.0	37.0
401975_ITS_KP69D_TCGTCGAT-GACACTGA_S22_L001_R2	1.0	8.0	71.0	242.0	378.0	447.0	586.0	1178.0	1794.0	2086.0	2099.0	2140.0	2226.0	2364.0	2429.0	2673.0	3015.0	3294.0	3935.0	4447.0	5485.0	6449.0	7492.0	9001.0	10173.0	9754.0	2175.0
	12.0	13.0	14.0	15.0	16.0	17.0	18.0	19.0	20.0	21.0	22.0	23.0	24.0	25.0	26.0	27.0	28.0	29.0	30.0	31.0	32.0	33.0	34.0	35.0	36.0	37.0
401976_ITS_KP69D_TCGTCGAT-TGCGTACG_S23_L001_R2	5.0	24.0	130.0	282.0	282.0	369.0	725.0	1080.0	1223.0	1193.0	1340.0	1349.0	1410.0	1524.0	1677.0	1825.0	2017.0	2337.0	2635.0	3328.0	3918.0	4742.0	5683.0	6658.0	6184.0	1308.0
	11.0	12.0	13.0	14.0	15.0	16.0	17.0	18.0	19.0	20.0	21.0	22.0	23.0	24.0	25.0	26.0	27.0	28.0	29.0	30.0	31.0	32.0	33.0	34.0	35.0	36.0	37.0
401977_ITS_KP69D_TCGTCGAT-TAGTGTAG_S24_L001_R2	1.0	5.0	31.0	133.0	272.0	304.0	393.0	739.0	1082.0	1153.0	1121.0	1205.0	1216.0	1297.0	1403.0	1528.0	1622.0	1836.0	2113.0	2523.0	2963.0	3470.0	4076.0	4906.0	5571.0	4947.0	784.0
	12.0	13.0	14.0	15.0	16.0	17.0	18.0	19.0	20.0	21.0	22.0	23.0	24.0	25.0	26.0	27.0	28.0	29.0	30.0	31.0	32.0	33.0	34.0	35.0	36.0	37.0
401978_ITS_KP69D_ATTGGGCT-ACGACGTG_S25_L001_R2	4.0	23.0	135.0	338.0	446.0	681.0	1402.0	2094.0	2356.0	2549.0	2545.0	2564.0	2693.0	2916.0	3148.0	3546.0	4086.0	4676.0	5425.0	6045.0	6803.0	7333.0	7371.0	5514.0	2484.0	203.0
	12.0	13.0	14.0	15.0	16.0	17.0	18.0	19.0	20.0	21.0	22.0	23.0	24.0	25.0	26.0	27.0	28.0	29.0	30.0	31.0	32.0	33.0	34.0	35.0	36.0	37.0
401979_ITS_KP69D_ATTGGGCT-ATATACAC_S26_L001_R2	4.0	63.0	232.0	459.0	654.0	931.0	1804.0	2622.0	2948.0	3003.0	3163.0	3366.0	3352.0	3467.0	3944.0	4340.0	4759.0	5574.0	6427.0	7471.0	8580.0	9615.0	10736.0	10166.0	6393.0	827.0
	12.0	13.0	14.0	15.0	16.0	17.0	18.0	19.0	20.0	21.0	22.0	23.0	24.0	25.0	26.0	27.0	28.0	29.0	30.0	31.0	32.0	33.0	34.0	35.0	36.0	37.0
401980_ITS_KP69D_ATTGGGCT-CGTCGCTA_S27_L001_R2	2.0	27.0	162.0	367.0	400.0	668.0	1451.0	2064.0	2188.0	2237.0	2111.0	2213.0	2329.0	2377.0	2595.0	2834.0	3237.0	3565.0	4264.0	4868.0	5723.0	6279.0	7160.0	6707.0	3720.0	368.0
	12.0	13.0	14.0	15.0	16.0	17.0	18.0	19.0	20.0	21.0	22.0	23.0	24.0	25.0	26.0	27.0	28.0	29.0	30.0	31.0	32.0	33.0	34.0	35.0	36.0	37.0
401981_ITS_KP69D_ATTGGGCT-CTAGAGCT_S28_L001_R2	1.0	30.0	150.0	397.0	554.0	850.0	1684.0	2334.0	2443.0	2391.0	2371.0	2481.0	2546.0	2692.0	2885.0	3219.0	3632.0	4155.0	4788.0	5595.0	6458.0	7531.0	8517.0	8503.0	5559.0	735.0
	11.0	12.0	13.0	14.0	15.0	16.0	17.0	18.0	19.0	20.0	21.0	22.0	23.0	24.0	25.0	26.0	27.0	28.0	29.0	30.0	31.0	32.0	33.0	34.0	35.0	36.0	37.0
401982_ITS_KP69D_ATTGGGCT-GCTCTAGT_S29_L001_R2	1.0	3.0	58.0	126.0	288.0	414.0	595.0	1095.0	1734.0	1792.0	1914.0	1994.0	2127.0	2213.0	2310.0	2454.0	2773.0	2996.0	3578.0	4084.0	4695.0	5391.0	6126.0	6590.0	6822.0	4693.0	599.0
	11.0	12.0	13.0	14.0	15.0	16.0	17.0	18.0	19.0	20.0	21.0	22.0	23.0	24.0	25.0	26.0	27.0	28.0	29.0	30.0	31.0	32.0	33.0	34.0	35.0	36.0	37.0
401983_ITS_KP69D_ATTGGGCT-GACACTGA_S30_L001_R2	1.0	2.0	28.0	184.0	454.0	593.0	907.0	1775.0	2728.0	2882.0	2737.0	2872.0	2779.0	2872.0	3016.0	3193.0	3578.0	4148.0	4682.0	5341.0	6232.0	7371.0	8389.0	9475.0	9829.0	6746.0	784.0
	12.0	13.0	14.0	15.0	16.0	17.0	18.0	19.0	20.0	21.0	22.0	23.0	24.0	25.0	26.0	27.0	28.0	29.0	30.0	31.0	32.0	33.0	34.0	35.0	36.0	37.0
401984_ITS_KP69D_ATTGGGCT-TGCGTACG_S31_L001_R2	4.0	22.0	88.0	293.0	374.0	565.0	968.0	1482.0	1661.0	1748.0	1863.0	1938.0	1956.0	2068.0	2338.0	2528.0	2755.0	3116.0	3582.0	4356.0	5094.0	5960.0	6668.0	7341.0	5393.0	663.0
	13.0	14.0	15.0	16.0	17.0	18.0	19.0	20.0	21.0	22.0	23.0	24.0	25.0	26.0	27.0	28.0	29.0	30.0	31.0	32.0	33.0	34.0	35.0	36.0	37.0
401985_ITS_KP69D_ATTGGGCT-TAGTGTAG_S32_L001_R2	12.0	102.0	270.0	389.0	587.0	1024.0	1503.0	1637.0	1662.0	1680.0	1721.0	1889.0	2073.0	2115.0	2350.0	2682.0	3104.0	3506.0	4041.0	4697.0	5443.0	6197.0	6661.0	4803.0	476.0
	10.0	11.0	12.0	13.0	14.0	15.0	16.0	17.0	18.0	19.0	20.0	21.0	22.0	23.0	24.0	25.0	26.0	27.0	28.0	29.0	30.0	31.0	32.0	33.0	34.0	35.0	36.0	37.0
401986_ITS_KP69D_ACCACATA-ACGACGTG_S33_L001_R2	1.0	0.0	2.0	30.0	118.0	335.0	418.0	657.0	1449.0	2028.0	1950.0	1932.0	1983.0	1880.0	2010.0	2161.0	2427.0	2628.0	3054.0	3406.0	4060.0	4527.0	5324.0	5982.0	6601.0	6137.0	4124.0	483.0
	12.0	13.0	14.0	15.0	16.0	17.0	18.0	19.0	20.0	21.0	22.0	23.0	24.0	25.0	26.0	27.0	28.0	29.0	30.0	31.0	32.0	33.0	34.0	35.0	36.0	37.0
401987_ITS_KP69D_ACCACATA-ATATACAC_S34_L001_R2	6.0	29.0	208.0	413.0	564.0	937.0	1855.0	2797.0	2863.0	2704.0	2618.0	2684.0	2764.0	2888.0	3147.0	3481.0	3975.0	4379.0	5265.0	6262.0	7257.0	8409.0	9524.0	9873.0	6471.0	947.0
	12.0	13.0	14.0	15.0	16.0	17.0	18.0	19.0	20.0	21.0	22.0	23.0	24.0	25.0	26.0	27.0	28.0	29.0	30.0	31.0	32.0	33.0	34.0	35.0	36.0	37.0
401988_ITS_KP69D_ACCACATA-CGTCGCTA_S35_L001_R2	5.0	37.0	174.0	316.0	397.0	581.0	1018.0	1612.0	1809.0	1861.0	1942.0	1999.0	2145.0	2206.0	2437.0	2782.0	3057.0	3596.0	4128.0	4625.0	5563.0	6446.0	7415.0	8260.0	7132.0	1325.0
	11.0	12.0	13.0	14.0	15.0	16.0	17.0	18.0	19.0	20.0	21.0	22.0	23.0	24.0	25.0	26.0	27.0	28.0	29.0	30.0	31.0	32.0	33.0	34.0	35.0	36.0	37.0
401989_ITS_KP69D_ACCACATA-CTAGAGCT_S36_L001_R2	4.0	6.0	62.0	252.0	535.0	708.0	1054.0	1980.0	3021.0	3247.0	3123.0	3124.0	3211.0	3320.0	3594.0	4019.0	4305.0	4783.0	5639.0	6534.0	7704.0	9134.0	10755.0	12303.0	14285.0	13158.0	2215.0
	13.0	14.0	15.0	16.0	17.0	18.0	19.0	20.0	21.0	22.0	23.0	24.0	25.0	26.0	27.0	28.0	29.0	30.0	31.0	32.0	33.0	34.0	35.0	36.0	37.0
401990_ITS_KP69D_ACCACATA-GCTCTAGT_S37_L001_R2	39.0	182.0	383.0	453.0	710.0	1451.0	2215.0	2489.0	2384.0	2370.0	2466.0	2585.0	2693.0	2905.0	3288.0	3676.0	4271.0	5000.0	5841.0	6756.0	8090.0	9321.0	10132.0	7913.0	1280.0
	11.0	12.0	13.0	14.0	15.0	16.0	17.0	18.0	19.0	20.0	21.0	22.0	23.0	24.0	25.0	26.0	27.0	28.0	29.0	30.0	31.0	32.0	33.0	34.0	35.0	36.0	37.0
401991_ITS_KP69D_ACCACATA-GACACTGA_S38_L001_R2	1.0	6.0	43.0	243.0	614.0	733.0	1187.0	2524.0	3709.0	3946.0	3851.0	3919.0	3848.0	4090.0	4231.0	4580.0	5018.0	5630.0	6532.0	7470.0	8938.0	10800.0	12654.0	14625.0	16492.0	13078.0	1727.0
	12.0	13.0	14.0	15.0	16.0	17.0	18.0	19.0	20.0	21.0	22.0	23.0	24.0	25.0	26.0	27.0	28.0	29.0	30.0	31.0	32.0	33.0	34.0	35.0	36.0	37.0
401992_ITS_KP69D_ACCACATA-TGCGTACG_S39_L001_R2	2.0	30.0	147.0	343.0	434.0	609.0	1167.0	1874.0	2076.0	2025.0	2139.0	2350.0	2405.0	2560.0	2817.0	2940.0	3403.0	3893.0	4570.0	5552.0	6493.0	7719.0	8746.0	9324.0	7225.0	1126.0
	11.0	12.0	13.0	14.0	15.0	16.0	17.0	18.0	19.0	20.0	21.0	22.0	23.0	24.0	25.0	26.0	27.0	28.0	29.0	30.0	31.0	32.0	33.0	34.0	35.0	36.0	37.0
401993_ITS_KP69D_ACCACATA-TAGTGTAG_S40_L001_R2	2.0	1.0	5.0	70.0	139.0	189.0	282.0	493.0	672.0	689.0	667.0	657.0	648.0	716.0	801.0	848.0	990.0	1098.0	1353.0	1384.0	1508.0	1678.0	1896.0	2263.0	2552.0	1962.0	220.0
	10.0	11.0	12.0	13.0	14.0	15.0	16.0	17.0	18.0	19.0	20.0	21.0	22.0	23.0	24.0	25.0	26.0	27.0	28.0	29.0	30.0	31.0	32.0	33.0	34.0	35.0	36.0	37.0
401994_ITS_KP69D_AACACAAG-ACGACGTG_S41_L001_R2	1.0	1.0	2.0	36.0	280.0	584.0	752.0	1199.0	2240.0	3092.0	3046.0	2969.0	2963.0	3027.0	3157.0	3291.0	3762.0	4070.0	4540.0	5302.0	6411.0	7308.0	8523.0	9952.0	10792.0	10934.0	8105.0	1015.0
	12.0	13.0	14.0	15.0	16.0	17.0	18.0	19.0	20.0	21.0	22.0	23.0	24.0	25.0	26.0	27.0	28.0	29.0	30.0	31.0	32.0	33.0	34.0	35.0	36.0	37.0
401995_ITS_KP69D_AACACAAG-ATATACAC_S42_L001_R2	60.0	448.0	1935.0	4093.0	5598.0	9528.0	17812.0	23799.0	23477.0	21377.0	20872.0	21350.0	21992.0	23374.0	25625.0	28409.0	32107.0	37813.0	44270.0	52133.0	60000.0	67814.0	70715.0	68992.0	47449.0	7226.0
	10.0	11.0	12.0	13.0	14.0	15.0	16.0	17.0	18.0	19.0	20.0	21.0	22.0	23.0	24.0	25.0	26.0	27.0	28.0	29.0	30.0	31.0	32.0	33.0	34.0	35.0	36.0	37.0
401996_ITS_KP69D_AACACAAG-CGTCGCTA_S43_L001_R2	1.0	2.0	10.0	55.0	251.0	643.0	1143.0	1742.0	3461.0	5017.0	5059.0	4630.0	4324.0	4378.0	4394.0	4504.0	4857.0	5306.0	6023.0	6962.0	8197.0	9806.0	11863.0	13985.0	15959.0	16084.0	9460.0	914.0
	12.0	13.0	14.0	15.0	16.0	17.0	18.0	19.0	20.0	21.0	22.0	23.0	24.0	25.0	26.0	27.0	28.0	29.0	30.0	31.0	32.0	33.0	34.0	35.0	36.0	37.0
401997_ITS_KP69D_AACACAAG-CTAGAGCT_S44_L001_R2	11.0	110.0	467.0	1182.0	1847.0	3029.0	6041.0	8269.0	7637.0	6403.0	5959.0	5933.0	5674.0	6213.0	6658.0	7232.0	8187.0	9362.0	10908.0	12922.0	15889.0	18319.0	20201.0	20594.0	13604.0	1782.0
	11.0	12.0	13.0	14.0	15.0	16.0	17.0	18.0	19.0	20.0	21.0	22.0	23.0	24.0	25.0	26.0	27.0	28.0	29.0	30.0	31.0	32.0	33.0	34.0	35.0	36.0	37.0
401998_ITS_KP69D_AACACAAG-GCTCTAGT_S45_L001_R2	6.0	9.0	147.0	1055.0	3833.0	6065.0	8131.0	15146.0	23643.0	25271.0	23793.0	23413.0	23578.0	23873.0	24974.0	26526.0	28913.0	32506.0	37146.0	43937.0	53084.0	64562.0	78687.0	95700.0	108088.0	72561.0	7913.0
	11.0	12.0	13.0	14.0	15.0	16.0	17.0	18.0	19.0	20.0	21.0	22.0	23.0	24.0	25.0	26.0	27.0	28.0	29.0	30.0	31.0	32.0	33.0	34.0	35.0	36.0	37.0
401999_ITS_KP69D_AACACAAG-GACACTGA_S46_L001_R2	3.0	6.0	78.0	393.0	825.0	1104.0	2047.0	4283.0	5710.0	5219.0	4223.0	3979.0	3818.0	3994.0	4214.0	4461.0	4770.0	5437.0	6345.0	7291.0	8526.0	9897.0	11449.0	12852.0	13133.0	8470.0	857.0
	12.0	13.0	14.0	15.0	16.0	17.0	18.0	19.0	20.0	21.0	22.0	23.0	24.0	25.0	26.0	27.0	28.0	29.0	30.0	31.0	32.0	33.0	34.0	35.0	36.0	37.0
402000_ITS_KP69D_AACACAAG-TGCGTACG_S47_L001_R2	2.0	62.0	300.0	671.0	939.0	1470.0	2818.0	3812.0	3879.0	3533.0	3468.0	3490.0	3718.0	3738.0	3941.0	4398.0	5095.0	5908.0	6772.0	7949.0	9266.0	11060.0	12797.0	13684.0	10022.0	1274.0
	11.0	12.0	13.0	14.0	15.0	16.0	17.0	18.0	19.0	20.0	21.0	22.0	23.0	24.0	25.0	26.0	27.0	28.0	29.0	30.0	31.0	32.0	33.0	34.0	35.0	36.0	37.0
402001_ITS_KP69D_AACACAAG-TAGTGTAG_S48_L001_R2	2.0	22.0	170.0	1082.0	3131.0	4896.0	7551.0	14987.0	21376.0	21515.0	19770.0	19227.0	19340.0	19632.0	20666.0	21647.0	24587.0	27240.0	31505.0	36786.0	43967.0	52389.0	62760.0	74165.0	80656.0	57041.0	6964.0
	12.0	13.0	14.0	15.0	16.0	17.0	18.0	19.0	20.0	21.0	22.0	23.0	24.0	25.0	26.0	27.0	28.0	29.0	30.0	31.0	32.0	33.0	34.0	35.0	36.0	37.0
402002_ITS_KP69D_AATGTCCG-ACGACGTG_S49_L001_R2	8.0	48.0	182.0	306.0	343.0	555.0	1213.0	1829.0	1937.0	1969.0	2142.0	2141.0	2331.0	2400.0	2576.0	2925.0	3266.0	3766.0	4383.0	5100.0	6030.0	6944.0	7498.0	6772.0	3222.0	230.0
	11.0	12.0	13.0	14.0	15.0	16.0	17.0	18.0	19.0	20.0	21.0	22.0	23.0	24.0	25.0	26.0	27.0	28.0	29.0	30.0	31.0	32.0	33.0	34.0	35.0	36.0	37.0
402003_ITS_KP69D_AATGTCCG-ATATACAC_S50_L001_R2	1.0	7.0	89.0	330.0	655.0	751.0	1130.0	2297.0	3453.0	3741.0	3664.0	3708.0	3800.0	3854.0	4194.0	4529.0	5004.0	5577.0	6577.0	7622.0	8834.0	10705.0	12347.0	14052.0	14812.0	12483.0	2459.0
	11.0	12.0	13.0	14.0	15.0	16.0	17.0	18.0	19.0	20.0	21.0	22.0	23.0	24.0	25.0	26.0	27.0	28.0	29.0	30.0	31.0	32.0	33.0	34.0	35.0	36.0	37.0
402004_ITS_KP69D_AATGTCCG-CGTCGCTA_S51_L001_R2	1.0	5.0	55.0	213.0	364.0	402.0	555.0	1144.0	1732.0	1984.0	2040.0	2105.0	2195.0	2282.0	2484.0	2682.0	2830.0	3349.0	3833.0	4585.0	5293.0	6109.0	6959.0	7960.0	8366.0	6410.0	1002.0
	13.0	14.0	15.0	16.0	17.0	18.0	19.0	20.0	21.0	22.0	23.0	24.0	25.0	26.0	27.0	28.0	29.0	30.0	31.0	32.0	33.0	34.0	35.0	36.0	37.0
402005_ITS_KP69D_AATGTCCG-CTAGAGCT_S52_L001_R2	35.0	145.0	303.0	368.0	536.0	1078.0	1695.0	1819.0	1800.0	1703.0	1774.0	1819.0	1945.0	2128.0	2345.0	2566.0	3037.0	3550.0	4093.0	4983.0	5715.0	6542.0	7064.0	5560.0	757.0
	12.0	13.0	14.0	15.0	16.0	17.0	18.0	19.0	20.0	21.0	22.0	23.0	24.0	25.0	26.0	27.0	28.0	29.0	30.0	31.0	32.0	33.0	34.0	35.0	36.0	37.0
402006_ITS_KP69D_AATGTCCG-GCTCTAGT_S53_L001_R2	2.0	45.0	193.0	325.0	381.0	603.0	1181.0	1682.0	1836.0	1819.0	1925.0	1909.0	2114.0	2199.0	2461.0	2759.0	3067.0	3403.0	4155.0	4874.0	5514.0	6601.0	7183.0	8177.0	7098.0	1230.0
	12.0	13.0	14.0	15.0	16.0	17.0	18.0	19.0	20.0	21.0	22.0	23.0	24.0	25.0	26.0	27.0	28.0	29.0	30.0	31.0	32.0	33.0	34.0	35.0	36.0	37.0
402007_ITS_KP69D_AATGTCCG-GACACTGA_S54_L001_R2	10.0	62.0	220.0	451.0	489.0	797.0	1555.0	2424.0	2619.0	2466.0	2401.0	2504.0	2658.0	2769.0	2913.0	3220.0	3696.0	4217.0	4956.0	5744.0	6686.0	7795.0	9030.0	9632.0	7455.0	1171.0
	11.0	12.0	13.0	14.0	15.0	16.0	17.0	18.0	19.0	20.0	21.0	22.0	23.0	24.0	25.0	26.0	27.0	28.0	29.0	30.0	31.0	32.0	33.0	34.0	35.0	36.0	37.0
402008_ITS_KP69D_AATGTCCG-TGCGTACG_S55_L001_R2	1.0	2.0	22.0	122.0	314.0	392.0	513.0	1099.0	1669.0	2014.0	2083.0	2057.0	2111.0	2129.0	2275.0	2391.0	2686.0	2993.0	3442.0	3869.0	4883.0	5737.0	6995.0	7874.0	8290.0	5502.0	516.0
	13.0	14.0	15.0	16.0	17.0	18.0	19.0	20.0	21.0	22.0	23.0	24.0	25.0	26.0	27.0	28.0	29.0	30.0	31.0	32.0	33.0	34.0	35.0	36.0	37.0
402009_ITS_KP69D_AATGTCCG-TAGTGTAG_S56_L001_R2	15.0	119.0	260.0	290.0	461.0	1013.0	1409.0	1574.0	1479.0	1472.0	1487.0	1600.0	1624.0	1815.0	2026.0	2199.0	2654.0	3132.0	3508.0	4391.0	4919.0	5470.0	5589.0	3513.0	315.0
	12.0	13.0	14.0	15.0	16.0	17.0	18.0	19.0	20.0	21.0	22.0	23.0	24.0	25.0	26.0	27.0	28.0	29.0	30.0	31.0	32.0	33.0	34.0	35.0	36.0	37.0
402010_ITS_KP69D_TACTTCGC-ACGACGTG_S57_L001_R2	9.0	37.0	168.0	347.0	408.0	695.0	1363.0	2141.0	2281.0	2179.0	2085.0	2101.0	2184.0	2321.0	2534.0	2812.0	3098.0	3555.0	4126.0	4642.0	5305.0	6019.0	6752.0	6968.0	4889.0	461.0
	12.0	13.0	14.0	15.0	16.0	17.0	18.0	19.0	20.0	21.0	22.0	23.0	24.0	25.0	26.0	27.0	28.0	29.0	30.0	31.0	32.0	33.0	34.0	35.0	36.0	37.0
402011_ITS_KP69D_TACTTCGC-ATATACAC_S58_L001_R2	8.0	67.0	308.0	585.0	655.0	1195.0	2345.0	3236.0	3146.0	2816.0	2803.0	2844.0	2939.0	3156.0	3409.0	3673.0	4119.0	4820.0	5558.0	6563.0	7582.0	8598.0	9759.0	10437.0	7637.0	998.0
	12.0	13.0	14.0	15.0	16.0	17.0	18.0	19.0	20.0	21.0	22.0	23.0	24.0	25.0	26.0	27.0	28.0	29.0	30.0	31.0	32.0	33.0	34.0	35.0	36.0	37.0
402012_ITS_KP69D_TACTTCGC-CGTCGCTA_S59_L001_R2	5.0	74.0	311.0	425.0	574.0	1039.0	2022.0	2919.0	3085.0	2972.0	2886.0	2829.0	2894.0	3110.0	3284.0	3723.0	4123.0	4797.0	5555.0	6534.0	7507.0	8575.0	9190.0	9350.0	6485.0	675.0
	11.0	12.0	13.0	14.0	15.0	16.0	17.0	18.0	19.0	20.0	21.0	22.0	23.0	24.0	25.0	26.0	27.0	28.0	29.0	30.0	31.0	32.0	33.0	34.0	35.0	36.0	37.0
402013_ITS_KP69D_TACTTCGC-CTAGAGCT_S60_L001_R2	5.0	44.0	354.0	1748.0	4112.0	4815.0	7527.0	16488.0	25234.0	25720.0	24089.0	23239.0	23181.0	23522.0	24511.0	26041.0	28720.0	32668.0	37145.0	42643.0	49793.0	57845.0	68177.0	80644.0	91620.0	75973.0	10717.0
	11.0	12.0	13.0	14.0	15.0	16.0	17.0	18.0	19.0	20.0	21.0	22.0	23.0	24.0	25.0	26.0	27.0	28.0	29.0	30.0	31.0	32.0	33.0	34.0	35.0	36.0	37.0
402014_ITS_KP69D_TACTTCGC-GCTCTAGT_S61_L001_R2	4.0	16.0	81.0	299.0	476.0	525.0	900.0	1895.0	2704.0	2805.0	2590.0	2597.0	2617.0	2672.0	2785.0	3091.0	3332.0	3802.0	4277.0	5236.0	6117.0	7011.0	7968.0	8475.0	7976.0	5086.0	530.0
	11.0	12.0	13.0	14.0	15.0	16.0	17.0	18.0	19.0	20.0	21.0	22.0	23.0	24.0	25.0	26.0	27.0	28.0	29.0	30.0	31.0	32.0	33.0	34.0	35.0	36.0	37.0
402015_ITS_KP69D_TACTTCGC-GACACTGA_S62_L001_R2	3.0	13.0	105.0	408.0	743.0	868.0	1704.0	3826.0	5193.0	4895.0	4371.0	4199.0	4097.0	4203.0	4559.0	4669.0	5331.0	5954.0	6916.0	7851.0	9236.0	10753.0	12263.0	13538.0	12169.0	7369.0	807.0
	11.0	12.0	13.0	14.0	15.0	16.0	17.0	18.0	19.0	20.0	21.0	22.0	23.0	24.0	25.0	26.0	27.0	28.0	29.0	30.0	31.0	32.0	33.0	34.0	35.0	36.0	37.0
402016_ITS_KP69D_TACTTCGC-TGCGTACG_S63_L001_R2	1.0	7.0	59.0	263.0	459.0	622.0	963.0	1959.0	2920.0	2942.0	2961.0	2770.0	2869.0	2969.0	3135.0	3467.0	3813.0	4254.0	4904.0	5753.0	6662.0	7956.0	9209.0	10616.0	11118.0	7843.0	990.0
	12.0	13.0	14.0	15.0	16.0	17.0	18.0	19.0	20.0	21.0	22.0	23.0	24.0	25.0	26.0	27.0	28.0	29.0	30.0	31.0	32.0	33.0	34.0	35.0	36.0	37.0
402017_ITS_KP69D_TACTTCGC-TAGTGTAG_S64_L001_R2	5.0	86.0	341.0	633.0	832.0	1502.0	3194.0	4437.0	4122.0	3875.0	3784.0	3682.0	3785.0	4084.0	4302.0	4915.0	5258.0	6156.0	7126.0	8514.0	9957.0	11192.0	12398.0	11989.0	6924.0	662.0
	12.0	13.0	14.0	15.0	16.0	17.0	18.0	19.0	20.0	21.0	22.0	23.0	24.0	25.0	26.0	27.0	28.0	29.0	30.0	31.0	32.0	33.0	34.0	35.0	36.0	37.0
402018_ITS_KP69D_GCTTCGGT-ACGACGTG_S65_L001_R2	1.0	17.0	64.0	77.0	74.0	155.0	286.0	443.0	469.0	509.0	458.0	526.0	562.0	600.0	659.0	771.0	823.0	951.0	1029.0	1162.0	1365.0	1588.0	1950.0	2104.0	1780.0	388.0
	12.0	13.0	14.0	15.0	16.0	17.0	18.0	19.0	20.0	21.0	22.0	23.0	24.0	25.0	26.0	27.0	28.0	29.0	30.0	31.0	32.0	33.0	34.0	35.0	36.0	37.0
402019_ITS_KP69D_GCTTCGGT-ATATACAC_S66_L001_R2	3.0	51.0	197.0	301.0	278.0	445.0	915.0	1364.0	1465.0	1652.0	1613.0	1665.0	1830.0	1850.0	2091.0	2223.0	2677.0	2895.0	3456.0	3891.0	4440.0	5362.0	6289.0	7163.0	6767.0	1575.0
	13.0	14.0	15.0	16.0	17.0	18.0	19.0	20.0	21.0	22.0	23.0	24.0	25.0	26.0	27.0	28.0	29.0	30.0	31.0	32.0	33.0	34.0	35.0	36.0	37.0
402020_ITS_KP69D_GCTTCGGT-CGTCGCTA_S67_L001_R2	1.0	7.0	15.0	24.0	35.0	62.0	55.0	45.0	45.0	44.0	14.0	11.0	5.0	13.0	13.0	6.0	7.0	5.0	8.0	14.0	11.0	8.0	8.0	9.0	2.0
	12.0	13.0	14.0	15.0	16.0	17.0	18.0	19.0	20.0	21.0	22.0	23.0	24.0	25.0	26.0	27.0	28.0	29.0	30.0	31.0	32.0	33.0	34.0	35.0	36.0	37.0
402021_ITS_KP69D_GCTTCGGT-CTAGAGCT_S68_L001_R2	3.0	41.0	201.0	363.0	342.0	482.0	1153.0	1916.0	2264.0	2219.0	2237.0	2228.0	2391.0	2477.0	2664.0	2975.0	3210.0	3807.0	4457.0	5321.0	6219.0	7368.0	9041.0	10544.0	8708.0	1368.0
	13.0	14.0	15.0	16.0	17.0	18.0	19.0	20.0	21.0	22.0	23.0	24.0	25.0	26.0	27.0	28.0	29.0	30.0	31.0	32.0	33.0	34.0	35.0	36.0	37.0
402022_ITS_KP69D_GCTTCGGT-GCTCTAGT_S69_L001_R2	8.0	14.0	25.0	36.0	40.0	64.0	73.0	62.0	77.0	74.0	74.0	70.0	67.0	83.0	98.0	123.0	126.0	143.0	160.0	190.0	242.0	304.0	416.0	413.0	108.0
	12.0	13.0	14.0	15.0	16.0	17.0	18.0	19.0	20.0	21.0	22.0	23.0	24.0	25.0	26.0	27.0	28.0	29.0	30.0	31.0	32.0	33.0	34.0	35.0	36.0	37.0
402023_ITS_KP69D_GCTTCGGT-GACACTGA_S70_L001_R2	4.0	91.0	318.0	436.0	425.0	612.0	1402.0	2245.0	2513.0	2564.0	2679.0	2696.0	2861.0	3124.0	3354.0	3697.0	4191.0	4796.0	5608.0	6694.0	7840.0	9395.0	10845.0	12202.0	11335.0	2436.0
	11.0	12.0	13.0	14.0	15.0	16.0	17.0	18.0	19.0	20.0	21.0	22.0	23.0	24.0	25.0	26.0	27.0	28.0	29.0	30.0	31.0	32.0	33.0	34.0	35.0	36.0	37.0
402024_ITS_KP69D_GCTTCGGT-TGCGTACG_S71_L001_R2	1.0	7.0	63.0	246.0	340.0	332.0	533.0	1070.0	1658.0	1766.0	1981.0	2030.0	2206.0	2130.0	2426.0	2720.0	2916.0	3416.0	3936.0	4528.0	5440.0	6529.0	7692.0	8501.0	9001.0	7330.0	1353.0
	11.0	12.0	13.0	14.0	15.0	16.0	17.0	18.0	19.0	20.0	21.0	22.0	23.0	24.0	25.0	26.0	27.0	28.0	29.0	30.0	31.0	32.0	33.0	34.0	35.0	36.0	37.0
402025_ITS_KP69D_GCTTCGGT-TAGTGTAG_S72_L001_R2	4.0	4.0	46.0	231.0	378.0	410.0	685.0	1343.0	1920.0	2071.0	2156.0	2214.0	2302.0	2431.0	2555.0	2862.0	3308.0	3661.0	4115.0	4943.0	5810.0	6702.0	7612.0	8509.0	8493.0	6456.0	1049.0
	11.0	12.0	13.0	14.0	15.0	16.0	17.0	18.0	19.0	20.0	21.0	22.0	23.0	24.0	25.0	26.0	27.0	28.0	29.0	30.0	31.0	32.0	33.0	34.0	35.0	36.0	37.0
402026_ITS_KP69D_CTTACACC-ACGACGTG_S73_L001_R2	1.0	17.0	160.0	504.0	709.0	844.0	1454.0	3018.0	4092.0	4309.0	4329.0	4395.0	4607.0	4905.0	5414.0	6051.0	6763.0	7749.0	8977.0	9981.0	11423.0	11988.0	12529.0	11951.0	11123.0	8376.0	1247.0
	12.0	13.0	14.0	15.0	16.0	17.0	18.0	19.0	20.0	21.0	22.0	23.0	24.0	25.0	26.0	27.0	28.0	29.0	30.0	31.0	32.0	33.0	34.0	35.0	36.0	37.0
402027_ITS_KP69D_CTTACACC-ATATACAC_S74_L001_R2	13.0	131.0	411.0	591.0	678.0	1145.0	2170.0	2976.0	3083.0	3020.0	3044.0	3112.0	3218.0	3432.0	3715.0	4155.0	4937.0	5534.0	6324.0	7227.0	8224.0	9180.0	10076.0	10906.0	9307.0	1558.0
	10.0	11.0	12.0	13.0	14.0	15.0	16.0	17.0	18.0	19.0	20.0	21.0	22.0	23.0	24.0	25.0	26.0	27.0	28.0	29.0	30.0	31.0	32.0	33.0	34.0	35.0	36.0	37.0
402028_ITS_KP69D_CTTACACC-CGTCGCTA_S75_L001_R2	1.0	2.0	29.0	276.0	847.0	1113.0	1156.0	1998.0	4003.0	5960.0	6441.0	6489.0	6849.0	6916.0	7517.0	7975.0	8938.0	9816.0	11523.0	13213.0	15515.0	18532.0	21406.0	23084.0	22866.0	21949.0	19184.0	3895.0
	11.0	12.0	13.0	14.0	15.0	16.0	17.0	18.0	19.0	20.0	21.0	22.0	23.0	24.0	25.0	26.0	27.0	28.0	29.0	30.0	31.0	32.0	33.0	34.0	35.0	36.0	37.0
402029_ITS_KP69D_CTTACACC-CTAGAGCT_S76_L001_R2	4.0	38.0	310.0	1112.0	1810.0	2168.0	3427.0	7060.0	9914.0	10436.0	10452.0	10333.0	10383.0	10937.0	11737.0	12510.0	13973.0	15990.0	18599.0	21881.0	25350.0	29843.0	33280.0	35229.0	36811.0	30452.0	5279.0
	12.0	13.0	14.0	15.0	16.0	17.0	18.0	19.0	20.0	21.0	22.0	23.0	24.0	25.0	26.0	27.0	28.0	29.0	30.0	31.0	32.0	33.0	34.0	35.0	36.0	37.0
402030_ITS_KP69D_CTTACACC-GCTCTAGT_S77_L001_R2	11.0	108.0	403.0	534.0	624.0	1124.0	2183.0	3070.0	3181.0	3100.0	3076.0	3320.0	3398.0	3776.0	4111.0	4514.0	5324.0	6072.0	6954.0	8169.0	9291.0	10657.0	10991.0	10155.0	7051.0	909.0
	11.0	12.0	13.0	14.0	15.0	16.0	17.0	18.0	19.0	20.0	21.0	22.0	23.0	24.0	25.0	26.0	27.0	28.0	29.0	30.0	31.0	32.0	33.0	34.0	35.0	36.0	37.0
402031_ITS_KP69D_CTTACACC-GACACTGA_S78_L001_R2	2.0	6.0	139.0	524.0	954.0	1016.0	1726.0	3705.0	5457.0	5330.0	4880.0	4863.0	4955.0	4964.0	5117.0	5615.0	6219.0	7196.0	8189.0	9593.0	11028.0	12897.0	14896.0	16399.0	17411.0	13611.0	1864.0
	12.0	13.0	14.0	15.0	16.0	17.0	18.0	19.0	20.0	21.0	22.0	23.0	24.0	25.0	26.0	27.0	28.0	29.0	30.0	31.0	32.0	33.0	34.0	35.0	36.0	37.0
402032_ITS_KP69D_CTTACACC-TGCGTACG_S79_L001_R2	8.0	108.0	356.0	559.0	657.0	1076.0	2334.0	3368.0	3532.0	3339.0	3490.0	3593.0	3689.0	4002.0	4216.0	4706.0	5445.0	6069.0	7179.0	8436.0	9900.0	11538.0	13140.0	14007.0	10175.0	1674.0
	11.0	12.0	13.0	14.0	15.0	16.0	17.0	18.0	19.0	20.0	21.0	22.0	23.0	24.0	25.0	26.0	27.0	28.0	29.0	30.0	31.0	32.0	33.0	34.0	35.0	36.0	37.0
402033_ITS_KP69D_CTTACACC-TAGTGTAG_S80_L001_R2	1.0	8.0	107.0	358.0	662.0	795.0	1421.0	2810.0	4018.0	4001.0	3892.0	3753.0	3819.0	3957.0	4028.0	4403.0	4883.0	5536.0	6362.0	7315.0	8582.0	10006.0	11875.0	13422.0	14299.0	10462.0	1802.0
	12.0	13.0	14.0	15.0	16.0	17.0	18.0	19.0	20.0	21.0	22.0	23.0	24.0	25.0	26.0	27.0	28.0	29.0	30.0	31.0	32.0	33.0	34.0	35.0	36.0	37.0
402034_ITS_KP69D_TGACCTCC-ACGACGTG_S81_L001_R2	13.0	88.0	266.0	252.0	325.0	752.0	1531.0	2023.0	2036.0	2102.0	2042.0	2066.0	2086.0	2459.0	2681.0	3097.0	3588.0	3884.0	4436.0	4928.0	5322.0	5268.0	4803.0	3859.0	1921.0	203.0
	11.0	12.0	13.0	14.0	15.0	16.0	17.0	18.0	19.0	20.0	21.0	22.0	23.0	24.0	25.0	26.0	27.0	28.0	29.0	30.0	31.0	32.0	33.0	34.0	35.0	36.0	37.0
402035_ITS_KP69D_TGACCTCC-ATATACAC_S82_L001_R2	4.0	31.0	310.0	890.0	1480.0	1742.0	2957.0	5976.0	8374.0	8803.0	8866.0	8865.0	9198.0	9696.0	10461.0	11223.0	12944.0	14249.0	16494.0	18352.0	21438.0	24147.0	27185.0	30352.0	33216.0	30473.0	7220.0
	11.0	12.0	13.0	14.0	15.0	16.0	17.0	18.0	19.0	20.0	21.0	22.0	23.0	24.0	25.0	26.0	27.0	28.0	29.0	30.0	31.0	32.0	33.0	34.0	35.0	36.0	37.0
402036_ITS_KP69D_TGACCTCC-CGTCGCTA_S83_L001_R2	1.0	8.0	80.0	295.0	559.0	697.0	1132.0	2276.0	3362.0	3847.0	3868.0	3799.0	3784.0	3973.0	4109.0	4382.0	4735.0	5534.0	6525.0	7590.0	8526.0	10163.0	11447.0	12466.0	11540.0	5715.0	410.0
	11.0	12.0	13.0	14.0	15.0	16.0	17.0	18.0	19.0	20.0	21.0	22.0	23.0	24.0	25.0	26.0	27.0	28.0	29.0	30.0	31.0	32.0	33.0	34.0	35.0	36.0	37.0
402037_ITS_KP69D_TGACCTCC-CTAGAGCT_S84_L001_R2	1.0	14.0	117.0	382.0	586.0	778.0	1539.0	2899.0	3980.0	4032.0	3949.0	3850.0	3829.0	3947.0	4113.0	4521.0	4889.0	5633.0	6287.0	7397.0	8386.0	9923.0	11503.0	13081.0	13615.0	9468.0	1540.0
	12.0	13.0	14.0	15.0	16.0	17.0	18.0	19.0	20.0	21.0	22.0	23.0	24.0	25.0	26.0	27.0	28.0	29.0	30.0	31.0	32.0	33.0	34.0	35.0	36.0	37.0
402038_ITS_KP69D_TGACCTCC-GCTCTAGT_S85_L001_R2	10.0	72.0	191.0	324.0	354.0	649.0	1328.0	1847.0	1891.0	1902.0	1926.0	2031.0	1999.0	2242.0	2277.0	2662.0	3022.0	3479.0	3976.0	4636.0	5111.0	5570.0	5764.0	5685.0	4079.0	550.0
	11.0	12.0	13.0	14.0	15.0	16.0	17.0	18.0	19.0	20.0	21.0	22.0	23.0	24.0	25.0	26.0	27.0	28.0	29.0	30.0	31.0	32.0	33.0	34.0	35.0	36.0	37.0
402039_ITS_KP69D_TGACCTCC-GACACTGA_S86_L001_R2	2.0	9.0	92.0	444.0	656.0	720.0	1282.0	2511.0	3531.0	3665.0	3483.0	3586.0	3728.0	4017.0	4136.0	4459.0	4864.0	5506.0	6281.0	7340.0	8637.0	9560.0	10779.0	12290.0	13494.0	10905.0	1897.0
	12.0	13.0	14.0	15.0	16.0	17.0	18.0	19.0	20.0	21.0	22.0	23.0	24.0	25.0	26.0	27.0	28.0	29.0	30.0	31.0	32.0	33.0	34.0	35.0	36.0	37.0
402040_ITS_KP69D_TGACCTCC-TGCGTACG_S87_L001_R2	11.0	128.0	396.0	668.0	744.0	1205.0	2754.0	4196.0	4563.0	4398.0	4462.0	4558.0	4649.0	4833.0	5235.0	5934.0	6636.0	7691.0	9006.0	10319.0	11965.0	13392.0	14751.0	13780.0	7872.0	1066.0
	11.0	12.0	13.0	14.0	15.0	16.0	17.0	18.0	19.0	20.0	21.0	22.0	23.0	24.0	25.0	26.0	27.0	28.0	29.0	30.0	31.0	32.0	33.0	34.0	35.0	36.0	37.0
402041_ITS_KP69D_TGACCTCC-TAGTGTAG_S88_L001_R2	5.0	44.0	442.0	1363.0	2609.0	3327.0	5035.0	9623.0	14035.0	15712.0	16156.0	16503.0	17148.0	18009.0	19133.0	21494.0	22776.0	26104.0	29271.0	33777.0	39461.0	45858.0	53377.0	61539.0	66876.0	58153.0	12855.0
	12.0	13.0	14.0	15.0	16.0	17.0	18.0	19.0	20.0	21.0	22.0	23.0	24.0	25.0	26.0	27.0	28.0	29.0	30.0	31.0	32.0	33.0	34.0	35.0	36.0	37.0
402042_ITS_KP69D_ACAAGGAG-ACGACGTG_S89_L001_R2	3.0	27.0	155.0	336.0	510.0	737.0	1322.0	2002.0	2148.0	2164.0	2164.0	2256.0	2266.0	2439.0	2708.0	2819.0	3197.0	3705.0	4251.0	4994.0	5990.0	7060.0	7987.0	8787.0	5596.0	646.0
	12.0	13.0	14.0	15.0	16.0	17.0	18.0	19.0	20.0	21.0	22.0	23.0	24.0	25.0	26.0	27.0	28.0	29.0	30.0	31.0	32.0	33.0	34.0	35.0	36.0	37.0
402043_ITS_KP69D_ACAAGGAG-ATATACAC_S90_L001_R2	6.0	73.0	423.0	1122.0	1748.0	2510.0	4688.0	7120.0	7801.0	7649.0	7757.0	7737.0	8001.0	8354.0	8958.0	9815.0	10981.0	12616.0	14777.0	17840.0	21112.0	25386.0	30938.0	36938.0	30815.0	3989.0
	12.0	13.0	14.0	15.0	16.0	17.0	18.0	19.0	20.0	21.0	22.0	23.0	24.0	25.0	26.0	27.0	28.0	29.0	30.0	31.0	32.0	33.0	34.0	35.0	36.0	37.0
402044_ITS_KP69D_ACAAGGAG-CGTCGCTA_S91_L001_R2	7.0	73.0	377.0	641.0	748.0	1227.0	2493.0	3412.0	3653.0	3691.0	3819.0	3874.0	4040.0	4354.0	4807.0	5247.0	6024.0	7043.0	8381.0	9728.0	11224.0	12844.0	13759.0	14566.0	12091.0	2506.0
	11.0	12.0	13.0	14.0	15.0	16.0	17.0	18.0	19.0	20.0	21.0	22.0	23.0	24.0	25.0	26.0	27.0	28.0	29.0	30.0	31.0	32.0	33.0	34.0	35.0	36.0	37.0
402045_ITS_KP69D_ACAAGGAG-CTAGAGCT_S92_L001_R2	2.0	18.0	178.0	896.0	1960.0	2885.0	4533.0	8844.0	12636.0	13426.0	13072.0	12777.0	13420.0	13740.0	14577.0	15668.0	17447.0	19755.0	22740.0	26420.0	31076.0	37130.0	43593.0	51026.0	57631.0	52816.0	13622.0
	12.0	13.0	14.0	15.0	16.0	17.0	18.0	19.0	20.0	21.0	22.0	23.0	24.0	25.0	26.0	27.0	28.0	29.0	30.0	31.0	32.0	33.0	34.0	35.0	36.0	37.0
402046_ITS_KP69D_ACAAGGAG-GCTCTAGT_S93_L001_R2	5.0	97.0	358.0	658.0	816.0	1275.0	2549.0	3368.0	3267.0	3252.0	3292.0	3461.0	3604.0	3904.0	4252.0	4689.0	5322.0	6293.0	7362.0	8650.0	9903.0	11059.0	11579.0	10495.0	7272.0	1029.0
	2.0	3.0	4.0	5.0	6.0	7.0	8.0	9.0	10.0	11.0	12.0	13.0	14.0	15.0	16.0	17.0	18.0	19.0	20.0	21.0	22.0	23.0	24.0	25.0	26.0	27.0	28.0	29.0	30.0	31.0	32.0	33.0	34.0	35.0	36.0	37.0
402047_ITS_KP8LM_TCTGTTGC-ACGACGTG_S1_L001_R2	31.0	0.0	2.0	1.0	0.0	1.0	1.0	6.0	8.0	11.0	35.0	188.0	766.0	1382.0	1810.0	3669.0	7457.0	9713.0	9426.0	9229.0	9539.0	10158.0	11108.0	12218.0	13268.0	15889.0	17608.0	19769.0	22322.0	24820.0	27806.0	29700.0	28544.0	20043.0	6143.0	161.0
	2.0	3.0	4.0	5.0	6.0	7.0	8.0	9.0	10.0	11.0	12.0	13.0	14.0	15.0	16.0	17.0	18.0	19.0	20.0	21.0	22.0	23.0	24.0	25.0	26.0	27.0	28.0	29.0	30.0	31.0	32.0	33.0	34.0	35.0	36.0	37.0
402048_ITS_KP8LM_TCTGTTGC-ATATACAC_S2_L001_R2	5.0	0.0	0.0	0.0	0.0	0.0	0.0	1.0	2.0	1.0	7.0	37.0	144.0	250.0	252.0	469.0	997.0	1514.0	1548.0	1623.0	1617.0	1736.0	1971.0	2120.0	2447.0	2688.0	3394.0	4057.0	4864.0	5927.0	7031.0	8132.0	8486.0	6254.0	2093.0	83.0
	2.0	3.0	4.0	5.0	6.0	7.0	8.0	9.0	10.0	11.0	12.0	13.0	14.0	15.0	16.0	17.0	18.0	19.0	20.0	21.0	22.0	23.0	24.0	25.0	26.0	27.0	28.0	29.0	30.0	31.0	32.0	33.0	34.0	35.0	36.0	37.0
402049_ITS_KP8LM_TCTGTTGC-CGTCGCTA_S3_L001_R2	9.0	0.0	1.0	0.0	0.0	0.0	0.0	2.0	1.0	5.0	3.0	65.0	185.0	315.0	351.0	649.0	1431.0	2104.0	2158.0	2123.0	2246.0	2333.0	2492.0	2757.0	3097.0	3483.0	4310.0	5173.0	6211.0	7685.0	8938.0	9426.0	8879.0	6175.0	2207.0	101.0
	2.0	3.0	4.0	5.0	6.0	7.0	8.0	9.0	10.0	11.0	12.0	13.0	14.0	15.0	16.0	17.0	18.0	19.0	20.0	21.0	22.0	23.0	24.0	25.0	26.0	27.0	28.0	29.0	30.0	31.0	32.0	33.0	34.0	35.0	36.0	37.0
402050_ITS_KP8LM_GAAGAAGC-ACGACGTG_S4_L001_R2	3.0	0.0	0.0	1.0	0.0	0.0	0.0	1.0	0.0	2.0	1.0	15.0	104.0	140.0	141.0	240.0	582.0	866.0	976.0	941.0	963.0	1111.0	1138.0	1334.0	1508.0	1809.0	2050.0	2430.0	2880.0	3270.0	3574.0	3664.0	3167.0	1696.0	326.0	7.0
	2.0	3.0	4.0	5.0	6.0	7.0	8.0	9.0	10.0	11.0	12.0	13.0	14.0	15.0	16.0	17.0	18.0	19.0	20.0	21.0	22.0	23.0	24.0	25.0	26.0	27.0	28.0	29.0	30.0	31.0	32.0	33.0	34.0	35.0	36.0	37.0
402051_ITS_KP8LM_GACTCTTG-ACGACGTG_S5_L001_R2	20.0	0.0	0.0	1.0	0.0	1.0	4.0	4.0	8.0	6.0	20.0	92.0	531.0	1040.0	1187.0	2069.0	5116.0	7709.0	8240.0	8088.0	8179.0	8424.0	9099.0	9946.0	10954.0	13028.0	15163.0	17862.0	21760.0	25743.0	30207.0	33368.0	29931.0	17774.0	4360.0	109.0
	2.0	3.0	4.0	5.0	6.0	7.0	8.0	9.0	10.0	11.0	12.0	13.0	14.0	15.0	16.0	17.0	18.0	19.0	20.0	21.0	22.0	23.0	24.0	25.0	26.0	27.0	28.0	29.0	30.0	31.0	32.0	33.0	34.0	35.0	36.0	37.0
402052_ITS_KP8LM_GAAGAAGC-CGTCGCTA_S6_L001_R2	6.0	0.0	0.0	0.0	0.0	0.0	1.0	2.0	0.0	0.0	4.0	53.0	157.0	179.0	220.0	359.0	739.0	958.0	1096.0	1147.0	1247.0	1334.0	1488.0	1648.0	1912.0	2243.0	2610.0	3134.0	3753.0	4511.0	5072.0	5718.0	6206.0	5248.0	2761.0	208.0
	2.0	3.0	4.0	5.0	6.0	7.0	8.0	9.0	10.0	11.0	12.0	13.0	14.0	15.0	16.0	17.0	18.0	19.0	20.0	21.0	22.0	23.0	24.0	25.0	26.0	27.0	28.0	29.0	30.0	31.0	32.0	33.0	34.0	35.0	36.0	37.0
402053_ITS_KP8LM_GAAGAAGC-CTAGAGCT_S7_L001_R2	3.0	0.0	0.0	1.0	0.0	0.0	0.0	2.0	2.0	5.0	7.0	31.0	130.0	192.0	209.0	332.0	751.0	1139.0	1245.0	1328.0	1297.0	1360.0	1596.0	1721.0	1860.0	2257.0	2596.0	3247.0	3915.0	4673.0	5411.0	6070.0	5909.0	4058.0	1147.0	30.0
	2.0	3.0	4.0	5.0	6.0	7.0	8.0	9.0	10.0	11.0	12.0	13.0	14.0	15.0	16.0	17.0	18.0	19.0	20.0	21.0	22.0	23.0	24.0	25.0	26.0	27.0	28.0	29.0	30.0	31.0	32.0	33.0	34.0	35.0	36.0	37.0
402054_ITS_KP8LM_GAAGAAGC-GCTCTAGT_S8_L001_R2	5.0	0.0	0.0	0.0	0.0	0.0	0.0	2.0	1.0	2.0	5.0	37.0	123.0	168.0	173.0	332.0	676.0	1047.0	1160.0	1184.0	1196.0	1304.0	1417.0	1587.0	1806.0	2110.0	2502.0	2943.0	3628.0	4210.0	5010.0	5380.0	5020.0	3199.0	946.0	35.0
	2.0	3.0	4.0	5.0	6.0	7.0	8.0	9.0	10.0	11.0	12.0	13.0	14.0	15.0	16.0	17.0	18.0	19.0	20.0	21.0	22.0	23.0	24.0	25.0	26.0	27.0	28.0	29.0	30.0	31.0	32.0	33.0	34.0	35.0	36.0	37.0
402055_ITS_KP8LM_GAAGAAGC-GACACTGA_S9_L001_R2	6.0	0.0	0.0	0.0	0.0	0.0	1.0	4.0	2.0	2.0	8.0	39.0	183.0	306.0	345.0	512.0	1136.0	1658.0	1751.0	1725.0	1798.0	1946.0	2168.0	2416.0	2545.0	2966.0	3469.0	4229.0	4862.0	5944.0	6731.0	7262.0	6847.0	4669.0	1628.0	84.0
	2.0	3.0	4.0	5.0	6.0	7.0	8.0	9.0	10.0	11.0	12.0	13.0	14.0	15.0	16.0	17.0	18.0	19.0	20.0	21.0	22.0	23.0	24.0	25.0	26.0	27.0	28.0	29.0	30.0	31.0	32.0	33.0	34.0	35.0	36.0	37.0
402056_ITS_KP8LM_GAAGAAGC-TGCGTACG_S10_L001_R2	13.0	0.0	0.0	0.0	0.0	1.0	0.0	1.0	4.0	4.0	9.0	45.0	243.0	366.0	376.0	476.0	971.0	1492.0	1683.0	1836.0	1937.0	2080.0	2302.0	2591.0	2788.0	3278.0	4025.0	4863.0	5875.0	7212.0	8489.0	9375.0	8919.0	6369.0	2061.0	54.0
	2.0	3.0	4.0	5.0	6.0	7.0	8.0	9.0	10.0	11.0	12.0	13.0	14.0	15.0	16.0	17.0	18.0	19.0	20.0	21.0	22.0	23.0	24.0	25.0	26.0	27.0	28.0	29.0	30.0	31.0	32.0	33.0	34.0	35.0	36.0	37.0
402057_ITS_KP8LM_GACTCTTG-ATATACAC_S11_L001_R2	24.0	0.0	4.0	1.0	0.0	0.0	3.0	5.0	9.0	12.0	65.0	392.0	1083.0	1328.0	1506.0	3015.0	6967.0	10064.0	10602.0	11069.0	11121.0	12248.0	13202.0	15009.0	17283.0	20305.0	23679.0	28621.0	33850.0	40136.0	46715.0	50409.0	43491.0	25579.0	8195.0	331.0
	2.0	3.0	4.0	5.0	6.0	7.0	8.0	9.0	10.0	11.0	12.0	13.0	14.0	15.0	16.0	17.0	18.0	19.0	20.0	21.0	22.0	23.0	24.0	25.0	26.0	27.0	28.0	29.0	30.0	31.0	32.0	33.0	34.0	35.0	36.0	37.0
402058_ITS_KP8LM_GAGAGAAT-ACGACGTG_S12_L001_R2	4.0	0.0	0.0	0.0	0.0	0.0	0.0	0.0	3.0	1.0	4.0	32.0	146.0	177.0	199.0	362.0	732.0	1054.0	1144.0	1164.0	1194.0	1335.0	1405.0	1562.0	1676.0	2067.0	2499.0	2731.0	3317.0	3830.0	4358.0	4731.0	4524.0	3848.0	2043.0	96.0
	2.0	3.0	4.0	5.0	6.0	7.0	8.0	9.0	10.0	11.0	12.0	13.0	14.0	15.0	16.0	17.0	18.0	19.0	20.0	21.0	22.0	23.0	24.0	25.0	26.0	27.0	28.0	29.0	30.0	31.0	32.0	33.0	34.0	35.0	36.0	37.0
402059_ITS_KP8LM_GACTCTTG-CGTCGCTA_S13_L001_R2	16.0	0.0	1.0	0.0	0.0	0.0	2.0	4.0	3.0	2.0	5.0	68.0	311.0	510.0	578.0	1147.0	2608.0	3645.0	3628.0	3674.0	3606.0	3757.0	4058.0	4439.0	5106.0	5814.0	6826.0	8038.0	9735.0	11349.0	12903.0	13880.0	12873.0	8568.0	2785.0	80.0
	10.0	11.0	12.0	13.0	14.0	15.0	16.0	17.0	18.0	19.0	20.0	21.0	22.0	23.0	24.0	25.0	26.0	27.0	28.0	29.0	30.0	31.0	32.0	33.0	34.0	35.0	36.0	37.0
402060_ITS_KP8LM_GAGAGAAT-CGTCGCTA_S14_L001_R2	3.0	3.0	3.0	21.0	95.0	128.0	116.0	230.0	499.0	702.0	794.0	793.0	868.0	867.0	942.0	1072.0	1190.0	1365.0	1672.0	1934.0	2275.0	2847.0	3284.0	3807.0	3999.0	3477.0	1580.0	79.0
	2.0	3.0	4.0	5.0	6.0	7.0	8.0	9.0	10.0	11.0	12.0	13.0	14.0	15.0	16.0	17.0	18.0	19.0	20.0	21.0	22.0	23.0	24.0	25.0	26.0	27.0	28.0	29.0	30.0	31.0	32.0	33.0	34.0	35.0	36.0	37.0
402061_ITS_KP8LM_GAGAGAAT-CTAGAGCT_S15_L001_R2	19.0	0.0	2.0	0.0	0.0	0.0	1.0	1.0	12.0	4.0	15.0	88.0	376.0	854.0	958.0	1303.0	2709.0	4377.0	4899.0	5269.0	5459.0	5606.0	6041.0	6647.0	7460.0	8415.0	9579.0	11458.0	14070.0	17603.0	22013.0	26644.0	30804.0	29629.0	16331.0	1055.0
	2.0	3.0	4.0	5.0	6.0	7.0	8.0	9.0	10.0	11.0	12.0	13.0	14.0	15.0	16.0	17.0	18.0	19.0	20.0	21.0	22.0	23.0	24.0	25.0	26.0	27.0	28.0	29.0	30.0	31.0	32.0	33.0	34.0	35.0	36.0	37.0
402062_ITS_KP8LM_GAGAGAAT-GCTCTAGT_S16_L001_R2	1.0	0.0	0.0	0.0	0.0	0.0	0.0	0.0	0.0	2.0	0.0	35.0	144.0	177.0	212.0	414.0	833.0	1188.0	1157.0	1220.0	1209.0	1267.0	1422.0	1663.0	1695.0	1988.0	2327.0	2825.0	3451.0	4250.0	5294.0	5842.0	6141.0	5163.0	1950.0	82.0
	2.0	3.0	4.0	5.0	6.0	7.0	8.0	9.0	10.0	11.0	12.0	13.0	14.0	15.0	16.0	17.0	18.0	19.0	20.0	21.0	22.0	23.0	24.0	25.0	26.0	27.0	28.0	29.0	30.0	31.0	32.0	33.0	34.0	35.0	36.0	37.0
402063_ITS_KP8LM_GAGAGAAT-GACACTGA_S17_L001_R2	20.0	0.0	1.0	0.0	0.0	0.0	3.0	3.0	6.0	10.0	21.0	94.0	430.0	977.0	992.0	1339.0	2964.0	4978.0	5868.0	6177.0	6449.0	6598.0	6953.0	7691.0	7998.0	9312.0	10951.0	12647.0	15606.0	19348.0	24323.0	31465.0	39051.0	39702.0	18048.0	931.0
	2.0	3.0	4.0	5.0	6.0	7.0	8.0	9.0	10.0	11.0	12.0	13.0	14.0	15.0	16.0	17.0	18.0	19.0	20.0	21.0	22.0	23.0	24.0	25.0	26.0	27.0	28.0	29.0	30.0	31.0	32.0	33.0	34.0	35.0	36.0	37.0
402064_ITS_KP8LM_GAGAGAAT-TGCGTACG_S18_L001_R2	3.0	0.0	0.0	0.0	1.0	0.0	0.0	0.0	1.0	2.0	7.0	46.0	165.0	192.0	212.0	429.0	965.0	1366.0	1451.0	1423.0	1506.0	1481.0	1758.0	1908.0	2208.0	2448.0	3067.0	3743.0	4529.0	5447.0	6230.0	7025.0	6509.0	4561.0	1794.0	119.0
	2.0	3.0	4.0	5.0	6.0	7.0	8.0	9.0	10.0	11.0	12.0	13.0	14.0	15.0	16.0	17.0	18.0	19.0	20.0	21.0	22.0	23.0	24.0	25.0	26.0	27.0	28.0	29.0	30.0	31.0	32.0	33.0	34.0	35.0	36.0	37.0
402065_ITS_KP8LM_GAGAGAAT-TAGTGTAG_S19_L001_R2	24.0	1.0	3.0	0.0	1.0	0.0	1.0	6.0	7.0	10.0	23.0	143.0	623.0	950.0	991.0	1413.0	2644.0	4305.0	4839.0	5333.0	6019.0	6332.0	7033.0	7720.0	8719.0	10044.0	11948.0	14182.0	17506.0	21415.0	26488.0	32221.0	35673.0	31392.0	15572.0	1103.0
	2.0	3.0	4.0	5.0	6.0	7.0	8.0	9.0	10.0	11.0	12.0	13.0	14.0	15.0	16.0	17.0	18.0	19.0	20.0	21.0	22.0	23.0	24.0	25.0	26.0	27.0	28.0	29.0	30.0	31.0	32.0	33.0	34.0	35.0	36.0	37.0
402066_ITS_KP8LM_TCGTCGAT-ACGACGTG_S20_L001_R2	6.0	0.0	0.0	0.0	0.0	0.0	1.0	0.0	1.0	3.0	4.0	63.0	218.0	198.0	328.0	606.0	1535.0	1934.0	1750.0	1623.0	1672.0	1752.0	1870.0	2196.0	2570.0	2960.0	3517.0	4248.0	4703.0	5143.0	5019.0	4868.0	4503.0	3110.0	1257.0	108.0
	2.0	3.0	4.0	5.0	6.0	7.0	8.0	9.0	10.0	11.0	12.0	13.0	14.0	15.0	16.0	17.0	18.0	19.0	20.0	21.0	22.0	23.0	24.0	25.0	26.0	27.0	28.0	29.0	30.0	31.0	32.0	33.0	34.0	35.0	36.0	37.0
402067_ITS_KP8LM_TCGTCGAT-ATATACAC_S21_L001_R2	35.0	0.0	0.0	1.0	0.0	1.0	2.0	8.0	8.0	15.0	45.0	299.0	1041.0	1689.0	1984.0	3971.0	7819.0	9940.0	10190.0	10002.0	10049.0	10836.0	11528.0	12690.0	14168.0	16089.0	18392.0	22057.0	25768.0	30517.0	35370.0	39525.0	41780.0	36429.0	17543.0	1367.0
	2.0	3.0	4.0	5.0	6.0	7.0	8.0	9.0	10.0	11.0	12.0	13.0	14.0	15.0	16.0	17.0	18.0	19.0	20.0	21.0	22.0	23.0	24.0	25.0	26.0	27.0	28.0	29.0	30.0	31.0	32.0	33.0	34.0	35.0	36.0	37.0
402068_ITS_KP8LM_TCGTCGAT-CGTCGCTA_S22_L001_R2	5.0	0.0	0.0	0.0	0.0	0.0	0.0	1.0	1.0	4.0	5.0	30.0	118.0	142.0	189.0	385.0	740.0	1018.0	979.0	989.0	926.0	1027.0	1107.0	1191.0	1371.0	1644.0	1917.0	2237.0	2665.0	3221.0	3708.0	3923.0	3730.0	3173.0	1136.0	43.0
	2.0	3.0	4.0	5.0	6.0	7.0	8.0	9.0	10.0	11.0	12.0	13.0	14.0	15.0	16.0	17.0	18.0	19.0	20.0	21.0	22.0	23.0	24.0	25.0	26.0	27.0	28.0	29.0	30.0	31.0	32.0	33.0	34.0	35.0	36.0	37.0
402069_ITS_KP8LM_TCGTCGAT-CTAGAGCT_S23_L001_R2	18.0	0.0	3.0	1.0	1.0	4.0	6.0	9.0	4.0	12.0	32.0	200.0	739.0	1171.0	1266.0	2031.0	4568.0	6414.0	6816.0	6583.0	6937.0	7257.0	7572.0	8476.0	9633.0	10873.0	12819.0	15630.0	19015.0	23158.0	28202.0	33098.0	35959.0	31699.0	11819.0	281.0
	2.0	3.0	4.0	5.0	6.0	7.0	8.0	9.0	10.0	11.0	12.0	13.0	14.0	15.0	16.0	17.0	18.0	19.0	20.0	21.0	22.0	23.0	24.0	25.0	26.0	27.0	28.0	29.0	30.0	31.0	32.0	33.0	34.0	35.0	36.0	37.0
402070_ITS_KP8LM_TCGTCGAT-GCTCTAGT_S24_L001_R2	22.0	0.0	2.0	1.0	0.0	0.0	4.0	4.0	9.0	12.0	37.0	194.0	873.0	1230.0	1187.0	1932.0	4467.0	6910.0	7314.0	7202.0	7456.0	7734.0	8310.0	8867.0	10216.0	11826.0	13978.0	16992.0	20683.0	25421.0	30705.0	34990.0	35366.0	24749.0	6598.0	165.0
	2.0	3.0	4.0	5.0	6.0	7.0	8.0	9.0	10.0	11.0	12.0	13.0	14.0	15.0	16.0	17.0	18.0	19.0	20.0	21.0	22.0	23.0	24.0	25.0	26.0	27.0	28.0	29.0	30.0	31.0	32.0	33.0	34.0	35.0	36.0	37.0
402071_ITS_KP8LM_GACTCTTG-GCTCTAGT_S25_L001_R2	20.0	0.0	1.0	0.0	1.0	2.0	1.0	3.0	7.0	3.0	19.0	108.0	472.0	971.0	1039.0	2115.0	4770.0	7020.0	7206.0	6863.0	7025.0	7256.0	7810.0	8423.0	9303.0	10794.0	12806.0	15332.0	18872.0	22631.0	26998.0	29793.0	26757.0	15399.0	4719.0	260.0
	2.0	3.0	4.0	5.0	6.0	7.0	8.0	9.0	10.0	11.0	12.0	13.0	14.0	15.0	16.0	17.0	18.0	19.0	20.0	21.0	22.0	23.0	24.0	25.0	26.0	27.0	28.0	29.0	30.0	31.0	32.0	33.0	34.0	35.0	36.0	37.0
402072_ITS_KP8LM_TCGTCGAT-TGCGTACG_S26_L001_R2	14.0	0.0	2.0	0.0	0.0	1.0	0.0	2.0	6.0	7.0	7.0	72.0	402.0	631.0	724.0	1502.0	3194.0	3933.0	3888.0	3844.0	4002.0	4294.0	4697.0	5166.0	5915.0	6824.0	7633.0	8688.0	9879.0	11284.0	12865.0	14308.0	14887.0	12164.0	4383.0	129.0
	2.0	3.0	4.0	5.0	6.0	7.0	8.0	9.0	10.0	11.0	12.0	13.0	14.0	15.0	16.0	17.0	18.0	19.0	20.0	21.0	22.0	23.0	24.0	25.0	26.0	27.0	28.0	29.0	30.0	31.0	32.0	33.0	34.0	35.0	36.0	37.0
402073_ITS_KP8LM_GACTCTTG-GACACTGA_S27_L001_R2	5.0	0.0	0.0	0.0	0.0	0.0	0.0	3.0	6.0	11.0	10.0	87.0	349.0	469.0	627.0	1409.0	3249.0	4189.0	4277.0	4069.0	4296.0	4500.0	4858.0	5298.0	6128.0	7081.0	8396.0	10031.0	11774.0	13944.0	15542.0	16130.0	15089.0	12374.0	5232.0	223.0
	2.0	3.0	4.0	5.0	6.0	7.0	8.0	9.0	10.0	11.0	12.0	13.0	14.0	15.0	16.0	17.0	18.0	19.0	20.0	21.0	22.0	23.0	24.0	25.0	26.0	27.0	28.0	29.0	30.0	31.0	32.0	33.0	34.0	35.0	36.0	37.0
402074_ITS_KP8LM_ATTGGGCT-ACGACGTG_S28_L001_R2	4.0	0.0	1.0	0.0	0.0	1.0	0.0	2.0	1.0	5.0	2.0	19.0	100.0	191.0	262.0	429.0	783.0	1275.0	1407.0	1521.0	1435.0	1453.0	1684.0	1852.0	2106.0	2441.0	2875.0	3284.0	3954.0	4520.0	5091.0	5802.0	5785.0	3871.0	807.0	4.0
	2.0	3.0	4.0	5.0	6.0	7.0	8.0	9.0	10.0	11.0	12.0	13.0	14.0	15.0	16.0	17.0	18.0	19.0	20.0	21.0	22.0	23.0	24.0	25.0	26.0	27.0	28.0	29.0	30.0	31.0	32.0	33.0	34.0	35.0	36.0	37.0
402075_ITS_KP8LM_GACTCTTG-TGCGTACG_S29_L001_R2	20.0	0.0	2.0	1.0	1.0	1.0	0.0	5.0	5.0	3.0	15.0	143.0	488.0	823.0	945.0	1816.0	3978.0	5504.0	5278.0	5365.0	5479.0	5624.0	6034.0	6930.0	7823.0	9092.0	10546.0	12536.0	15188.0	17991.0	20521.0	22102.0	21608.0	15998.0	5720.0	178.0
	2.0	3.0	4.0	5.0	6.0	7.0	8.0	9.0	10.0	11.0	12.0	13.0	14.0	15.0	16.0	17.0	18.0	19.0	20.0	21.0	22.0	23.0	24.0	25.0	26.0	27.0	28.0	29.0	30.0	31.0	32.0	33.0	34.0	35.0	36.0	37.0
402076_ITS_KP8LM_ATTGGGCT-CGTCGCTA_S30_L001_R2	10.0	0.0	1.0	0.0	0.0	2.0	0.0	3.0	2.0	0.0	1.0	37.0	158.0	257.0	291.0	641.0	1182.0	1745.0	1801.0	2017.0	2095.0	2206.0	2439.0	2616.0	3011.0	3609.0	4063.0	4720.0	5542.0	6406.0	7088.0	7150.0	6047.0	3690.0	946.0	18.0
	2.0	3.0	4.0	5.0	6.0	7.0	8.0	9.0	10.0	11.0	12.0	13.0	14.0	15.0	16.0	17.0	18.0	19.0	20.0	21.0	22.0	23.0	24.0	25.0	26.0	27.0	28.0	29.0	30.0	31.0	32.0	33.0	34.0	35.0	36.0	37.0
402077_ITS_KP8LM_GACTCTTG-TAGTGTAG_S31_L001_R2	12.0	0.0	1.0	1.0	0.0	0.0	0.0	0.0	3.0	4.0	8.0	30.0	166.0	358.0	452.0	649.0	1431.0	2327.0	2538.0	2498.0	2537.0	2576.0	2833.0	3037.0	3399.0	4118.0	4821.0	6009.0	7522.0	9049.0	10744.0	11152.0	9868.0	6741.0	1977.0	71.0
	2.0	3.0	4.0	5.0	6.0	7.0	8.0	9.0	10.0	11.0	12.0	13.0	14.0	15.0	16.0	17.0	18.0	19.0	20.0	21.0	22.0	23.0	24.0	25.0	26.0	27.0	28.0	29.0	30.0	31.0	32.0	33.0	34.0	35.0	36.0	37.0
402078_ITS_KP8LM_ATTGGGCT-GCTCTAGT_S32_L001_R2	1.0	0.0	0.0	0.0	0.0	0.0	0.0	0.0	0.0	2.0	5.0	23.0	125.0	201.0	271.0	528.0	1070.0	1434.0	1490.0	1454.0	1479.0	1611.0	1720.0	1948.0	2230.0	2531.0	3043.0	3568.0	4013.0	4616.0	4768.0	4825.0	3947.0	2201.0	505.0	5.0
	2.0	3.0	4.0	5.0	6.0	7.0	8.0	9.0	10.0	11.0	12.0	13.0	14.0	15.0	16.0	17.0	18.0	19.0	20.0	21.0	22.0	23.0	24.0	25.0	26.0	27.0	28.0	29.0	30.0	31.0	32.0	33.0	34.0	35.0	36.0	37.0
402079_ITS_KP8LM_ATTGGGCT-GACACTGA_S33_L001_R2	4.0	0.0	0.0	0.0	0.0	0.0	0.0	1.0	5.0	3.0	5.0	56.0	245.0	409.0	504.0	969.0	1747.0	2183.0	2380.0	2523.0	2581.0	2809.0	2978.0	3431.0	3947.0	4679.0	5518.0	6349.0	7495.0	8522.0	9212.0	8897.0	7388.0	4552.0	1325.0	36.0
	2.0	3.0	4.0	5.0	6.0	7.0	8.0	9.0	10.0	11.0	12.0	13.0	14.0	15.0	16.0	17.0	18.0	19.0	20.0	21.0	22.0	23.0	24.0	25.0	26.0	27.0	28.0	29.0	30.0	31.0	32.0	33.0	34.0	35.0	36.0	37.0
402080_ITS_KP8LM_ATTGGGCT-TGCGTACG_S34_L001_R2	6.0	0.0	0.0	0.0	0.0	1.0	0.0	1.0	1.0	1.0	3.0	31.0	112.0	153.0	247.0	561.0	1126.0	1385.0	1422.0	1384.0	1472.0	1577.0	1799.0	1945.0	2264.0	2608.0	3017.0	3344.0	3603.0	3846.0	3975.0	3675.0	2973.0	1726.0	512.0	8.0
	2.0	3.0	4.0	5.0	6.0	7.0	8.0	9.0	10.0	11.0	12.0	13.0	14.0	15.0	16.0	17.0	18.0	19.0	20.0	21.0	22.0	23.0	24.0	25.0	26.0	27.0	28.0	29.0	30.0	31.0	32.0	33.0	34.0	35.0	36.0	37.0
402081_ITS_KP8LM_GCAGGATA-ACGACGTG_S35_L001_R2	26.0	0.0	1.0	0.0	0.0	1.0	2.0	6.0	3.0	12.0	19.0	138.0	632.0	1168.0	1316.0	2511.0	5692.0	8351.0	8413.0	8320.0	8180.0	8695.0	9011.0	10002.0	11439.0	13109.0	15118.0	18197.0	22155.0	27027.0	31782.0	35620.0	34363.0	22739.0	6197.0	184.0
	2.0	3.0	4.0	5.0	6.0	7.0	8.0	9.0	10.0	11.0	12.0	13.0	14.0	15.0	16.0	17.0	18.0	19.0	20.0	21.0	22.0	23.0	24.0	25.0	26.0	27.0	28.0	29.0	30.0	31.0	32.0	33.0	34.0	35.0	36.0	37.0
402082_ITS_KP8LM_ACCACATA-ACGACGTG_S36_L001_R2	26.0	0.0	2.0	0.0	1.0	1.0	2.0	6.0	6.0	15.0	32.0	133.0	772.0	1269.0	1472.0	2645.0	6564.0	9101.0	9085.0	8584.0	8794.0	9395.0	9943.0	11276.0	12707.0	15102.0	18144.0	21408.0	25370.0	29372.0	33539.0	34756.0	27495.0	13676.0	3080.0	76.0
	12.0	13.0	14.0	15.0	16.0	17.0	18.0	19.0	20.0	21.0	22.0	23.0	24.0	25.0	26.0	27.0	28.0	29.0	30.0	31.0	32.0	33.0	34.0	35.0	36.0
402083_ITS_KP8LM_ACCACATA-ATATACAC_S37_L001_R2	2.0	8.0	25.0	35.0	50.0	115.0	227.0	256.0	120.0	44.0	43.0	39.0	22.0	23.0	26.0	22.0	34.0	41.0	38.0	43.0	55.0	39.0	46.0	25.0	13.0
	2.0	3.0	4.0	5.0	6.0	7.0	8.0	9.0	10.0	11.0	12.0	13.0	14.0	15.0	16.0	17.0	18.0	19.0	20.0	21.0	22.0	23.0	24.0	25.0	26.0	27.0	28.0	29.0	30.0	31.0	32.0	33.0	34.0	35.0	36.0	37.0
402084_ITS_KP8LM_ACCACATA-CGTCGCTA_S38_L001_R2	9.0	0.0	0.0	0.0	0.0	0.0	3.0	1.0	1.0	2.0	7.0	55.0	230.0	333.0	422.0	963.0	2085.0	2580.0	2500.0	2413.0	2407.0	2584.0	2834.0	3166.0	3652.0	4297.0	5101.0	6322.0	7117.0	8219.0	8696.0	8528.0	7163.0	4563.0	1562.0	36.0
	2.0	3.0	4.0	5.0	6.0	7.0	8.0	9.0	10.0	11.0	12.0	13.0	14.0	15.0	16.0	17.0	18.0	19.0	20.0	21.0	22.0	23.0	24.0	25.0	26.0	27.0	28.0	29.0	30.0	31.0	32.0	33.0	34.0	35.0	36.0	37.0
402085_ITS_KP8LM_ACCACATA-CTAGAGCT_S39_L001_R2	33.0	0.0	0.0	0.0	0.0	1.0	2.0	7.0	5.0	12.0	17.0	130.0	597.0	1077.0	1559.0	2974.0	6171.0	8290.0	8573.0	7879.0	8211.0	8269.0	9048.0	9566.0	10902.0	12446.0	14440.0	17497.0	20912.0	24764.0	28976.0	31549.0	31057.0	22722.0	6941.0	131.0
	2.0	3.0	4.0	5.0	6.0	7.0	8.0	9.0	10.0	11.0	12.0	13.0	14.0	15.0	16.0	17.0	18.0	19.0	20.0	21.0	22.0	23.0	24.0	25.0	26.0	27.0	28.0	29.0	30.0	31.0	32.0	33.0	34.0	35.0	36.0	37.0
402086_ITS_KP8LM_ACCACATA-GCTCTAGT_S40_L001_R2	22.0	1.0	1.0	0.0	1.0	2.0	2.0	5.0	8.0	13.0	21.0	197.0	749.0	1136.0	1448.0	3015.0	6604.0	8516.0	7970.0	7863.0	7885.0	8345.0	8947.0	9955.0	11397.0	12990.0	15458.0	18437.0	22087.0	25657.0	29539.0	32769.0	30642.0	19433.0	5465.0	127.0
	2.0	3.0	4.0	5.0	6.0	7.0	8.0	9.0	10.0	11.0	12.0	13.0	14.0	15.0	16.0	17.0	18.0	19.0	20.0	21.0	22.0	23.0	24.0	25.0	26.0	27.0	28.0	29.0	30.0	31.0	32.0	33.0	34.0	35.0	36.0	37.0
402087_ITS_KP8LM_GCAGGATA-CGTCGCTA_S41_L001_R2	20.0	0.0	1.0	0.0	0.0	3.0	2.0	5.0	6.0	10.0	29.0	186.0	702.0	946.0	1122.0	2264.0	5106.0	7125.0	7289.0	7219.0	7357.0	7625.0	8338.0	9220.0	10557.0	12459.0	14533.0	17859.0	21717.0	26055.0	29200.0	30733.0	27770.0	18145.0	5498.0	140.0
	2.0	3.0	4.0	5.0	6.0	7.0	8.0	9.0	10.0	11.0	12.0	13.0	14.0	15.0	16.0	17.0	18.0	19.0	20.0	21.0	22.0	23.0	24.0	25.0	26.0	27.0	28.0	29.0	30.0	31.0	32.0	33.0	34.0	35.0	36.0	37.0
402088_ITS_KP8LM_ACCACATA-TGCGTACG_S42_L001_R2	18.0	0.0	0.0	0.0	2.0	3.0	2.0	0.0	3.0	5.0	14.0	82.0	353.0	658.0	779.0	1295.0	2844.0	3938.0	3963.0	3892.0	4007.0	4184.0	4449.0	4933.0	5679.0	6462.0	7715.0	9677.0	11762.0	14309.0	17106.0	19249.0	18498.0	13220.0	4978.0	162.0
	12.0	13.0	14.0	15.0	16.0	17.0	18.0	19.0	20.0	21.0	22.0	23.0	24.0	25.0	26.0	27.0	28.0	29.0	30.0	31.0	32.0	33.0	34.0	35.0	36.0	37.0
402089_ITS_KP8LM_ACCACATA-TAGTGTAG_S43_L001_R2	1.0	6.0	11.0	41.0	28.0	78.0	155.0	178.0	122.0	133.0	102.0	92.0	108.0	117.0	106.0	127.0	175.0	181.0	232.0	311.0	381.0	396.0	427.0	321.0	71.0	1.0
	2.0	3.0	4.0	5.0	6.0	7.0	8.0	9.0	10.0	11.0	12.0	13.0	14.0	15.0	16.0	17.0	18.0	19.0	20.0	21.0	22.0	23.0	24.0	25.0	26.0	27.0	28.0	29.0	30.0	31.0	32.0	33.0	34.0	35.0	36.0	37.0
402090_ITS_KP8LM_GCAGGATA-GCTCTAGT_S44_L001_R2	30.0	0.0	1.0	0.0	0.0	0.0	3.0	3.0	14.0	16.0	38.0	184.0	835.0	1331.0	1427.0	2403.0	5360.0	7842.0	8428.0	8403.0	8999.0	9466.0	10017.0	11027.0	12418.0	14161.0	16441.0	19919.0	24611.0	30679.0	38313.0	45589.0	51602.0	47641.0	19577.0	610.0
	2.0	3.0	4.0	5.0	6.0	7.0	8.0	9.0	10.0	11.0	12.0	13.0	14.0	15.0	16.0	17.0	18.0	19.0	20.0	21.0	22.0	23.0	24.0	25.0	26.0	27.0	28.0	29.0	30.0	31.0	32.0	33.0	34.0	35.0	36.0	37.0
402091_ITS_KP8LM_GCAGGATA-GACACTGA_S45_L001_R2	9.0	1.0	1.0	1.0	0.0	1.0	0.0	1.0	2.0	5.0	9.0	61.0	222.0	327.0	369.0	683.0	1658.0	2392.0	2393.0	2412.0	2414.0	2616.0	2824.0	3289.0	3795.0	4343.0	5020.0	5568.0	6645.0	8005.0	9422.0	10821.0	11780.0	11327.0	5801.0	401.0
	2.0	3.0	4.0	5.0	6.0	7.0	8.0	9.0	10.0	11.0	12.0	13.0	14.0	15.0	16.0	17.0	18.0	19.0	20.0	21.0	22.0	23.0	24.0	25.0	26.0	27.0	28.0	29.0	30.0	31.0	32.0	33.0	34.0	35.0	36.0	37.0
402092_ITS_KP8LM_AACACAAG-CGTCGCTA_S46_L001_R2	16.0	1.0	1.0	0.0	2.0	0.0	1.0	1.0	3.0	3.0	19.0	72.0	409.0	886.0	956.0	1279.0	2642.0	4244.0	4585.0	4668.0	4985.0	5114.0	5578.0	5971.0	6767.0	7947.0	9265.0	11265.0	13568.0	17040.0	20928.0	24603.0	27742.0	24165.0	8426.0	195.0
	2.0	3.0	4.0	5.0	6.0	7.0	8.0	9.0	10.0	11.0	12.0	13.0	14.0	15.0	16.0	17.0	18.0	19.0	20.0	21.0	22.0	23.0	24.0	25.0	26.0	27.0	28.0	29.0	30.0	31.0	32.0	33.0	34.0	35.0	36.0	37.0
402093_ITS_KP8LM_GCAGGATA-TGCGTACG_S47_L001_R2	31.0	0.0	2.0	0.0	0.0	1.0	4.0	3.0	8.0	12.0	35.0	315.0	893.0	1077.0	1306.0	2768.0	6458.0	8941.0	9140.0	8876.0	9156.0	9696.0	10399.0	11945.0	13970.0	16861.0	20668.0	25355.0	30946.0	36855.0	39729.0	33298.0	25053.0	17479.0	6633.0	256.0
	2.0	3.0	4.0	5.0	6.0	7.0	8.0	9.0	10.0	11.0	12.0	13.0	14.0	15.0	16.0	17.0	18.0	19.0	20.0	21.0	22.0	23.0	24.0	25.0	26.0	27.0	28.0	29.0	30.0	31.0	32.0	33.0	34.0	35.0	36.0	37.0
402094_ITS_KP8LM_AACACAAG-GCTCTAGT_S48_L001_R2	29.0	0.0	2.0	0.0	0.0	1.0	0.0	5.0	4.0	15.0	22.0	150.0	584.0	1074.0	1245.0	2150.0	4927.0	6856.0	6913.0	6446.0	6767.0	6822.0	7529.0	8097.0	9338.0	10818.0	12953.0	15632.0	18850.0	22839.0	26291.0	27903.0	25364.0	16713.0	4394.0	89.0
	2.0	3.0	4.0	5.0	6.0	7.0	8.0	9.0	10.0	11.0	12.0	13.0	14.0	15.0	16.0	17.0	18.0	19.0	20.0	21.0	22.0	23.0	24.0	25.0	26.0	27.0	28.0	29.0	30.0	31.0	32.0	33.0	34.0	35.0	36.0	37.0
402095_ITS_KP8LM_GCAGGATA-TAGTGTAG_S49_L001_R2	4.0	0.0	0.0	0.0	0.0	0.0	1.0	0.0	1.0	0.0	3.0	13.0	66.0	130.0	120.0	195.0	353.0	521.0	558.0	550.0	576.0	729.0	751.0	844.0	864.0	1080.0	1299.0	1574.0	2083.0	2405.0	2860.0	3185.0	3347.0	2552.0	872.0	20.0
	2.0	3.0	4.0	5.0	6.0	7.0	8.0	9.0	10.0	11.0	12.0	13.0	14.0	15.0	16.0	17.0	18.0	19.0	20.0	21.0	22.0	23.0	24.0	25.0	26.0	27.0	28.0	29.0	30.0	31.0	32.0	33.0	34.0	35.0	36.0	37.0
402096_ITS_KP8LM_AACACAAG-TGCGTACG_S50_L001_R2	6.0	0.0	0.0	0.0	0.0	0.0	0.0	1.0	1.0	1.0	7.0	33.0	135.0	268.0	302.0	680.0	1547.0	1966.0	1805.0	1834.0	1799.0	1783.0	2038.0	2128.0	2489.0	2772.0	3451.0	3988.0	4816.0	5898.0	6802.0	7667.0	7401.0	4832.0	1161.0	34.0
	2.0	3.0	4.0	5.0	6.0	7.0	8.0	9.0	10.0	11.0	12.0	13.0	14.0	15.0	16.0	17.0	18.0	19.0	20.0	21.0	22.0	23.0	24.0	25.0	26.0	27.0	28.0	29.0	30.0	31.0	32.0	33.0	34.0	35.0	36.0	37.0
402097_ITS_KP8LM_AACACAAG-TAGTGTAG_S51_L001_R2	3.0	0.0	1.0	0.0	0.0	1.0	0.0	1.0	1.0	2.0	7.0	29.0	160.0	308.0	336.0	688.0	1703.0	2406.0	2373.0	2203.0	2209.0	2301.0	2466.0	2639.0	3037.0	3560.0	4167.0	4969.0	5986.0	7053.0	8329.0	9346.0	8692.0	4897.0	1299.0	138.0
	9.0	10.0	11.0	12.0	13.0	14.0	15.0	16.0	17.0	18.0	19.0	20.0	21.0	22.0	23.0	24.0	25.0	26.0	27.0	28.0	29.0	30.0	31.0	32.0	33.0	34.0	35.0	36.0	37.0
402098_ITS_KP8LM_AATGTCCG-ACGACGTG_S52_L001_R2	3.0	1.0	0.0	2.0	60.0	121.0	168.0	268.0	627.0	1166.0	1413.0	1449.0	1311.0	1360.0	1499.0	1674.0	1846.0	2216.0	2502.0	2693.0	3230.0	3555.0	3855.0	3776.0	3316.0	2616.0	1467.0	383.0	20.0
	2.0	3.0	4.0	5.0	6.0	7.0	8.0	9.0	10.0	11.0	12.0	13.0	14.0	15.0	16.0	17.0	18.0	19.0	20.0	21.0	22.0	23.0	24.0	25.0	26.0	27.0	28.0	29.0	30.0	31.0	32.0	33.0	34.0	35.0	36.0	37.0
402099_ITS_KP8LM_AATGTCCG-ATATACAC_S53_L001_R2	15.0	0.0	2.0	0.0	0.0	0.0	0.0	3.0	5.0	5.0	29.0	288.0	645.0	785.0	797.0	1554.0	3307.0	4751.0	5100.0	5296.0	5634.0	5981.0	6594.0	7463.0	8496.0	10192.0	12408.0	15032.0	18019.0	21172.0	23117.0	23345.0	20308.0	12809.0	3604.0	128.0
	2.0	3.0	4.0	5.0	6.0	7.0	8.0	9.0	10.0	11.0	12.0	13.0	14.0	15.0	16.0	17.0	18.0	19.0	20.0	21.0	22.0	23.0	24.0	25.0	26.0	27.0	28.0	29.0	30.0	31.0	32.0	33.0	34.0	35.0	36.0	37.0
402100_ITS_KP8LM_AATGTCCG-CGTCGCTA_S54_L001_R2	5.0	0.0	0.0	0.0	0.0	0.0	1.0	2.0	0.0	5.0	7.0	38.0	151.0	178.0	195.0	445.0	884.0	1224.0	1312.0	1351.0	1445.0	1420.0	1676.0	1866.0	2090.0	2482.0	3002.0	3448.0	4254.0	5072.0	5584.0	5891.0	5566.0	4040.0	1290.0	23.0
	2.0	3.0	4.0	5.0	6.0	7.0	8.0	9.0	10.0	11.0	12.0	13.0	14.0	15.0	16.0	17.0	18.0	19.0	20.0	21.0	22.0	23.0	24.0	25.0	26.0	27.0	28.0	29.0	30.0	31.0	32.0	33.0	34.0	35.0	36.0	37.0
402101_ITS_KP8LM_CGTCCGAA-ACGACGTG_S55_L001_R2	15.0	0.0	0.0	0.0	0.0	1.0	2.0	5.0	6.0	12.0	27.0	278.0	759.0	805.0	783.0	1411.0	3027.0	4778.0	5187.0	5261.0	5394.0	5636.0	6162.0	6924.0	8006.0	9417.0	11629.0	13913.0	16999.0	19319.0	20994.0	21076.0	18109.0	10739.0	2989.0	106.0
	2.0	3.0	4.0	5.0	6.0	7.0	8.0	9.0	10.0	11.0	12.0	13.0	14.0	15.0	16.0	17.0	18.0	19.0	20.0	21.0	22.0	23.0	24.0	25.0	26.0	27.0	28.0	29.0	30.0	31.0	32.0	33.0	34.0	35.0	36.0	37.0
402102_ITS_KP8LM_AATGTCCG-GCTCTAGT_S56_L001_R2	5.0	0.0	1.0	0.0	0.0	0.0	0.0	3.0	2.0	3.0	5.0	77.0	159.0	191.0	303.0	645.0	1195.0	1519.0	1573.0	1610.0	1766.0	1761.0	1880.0	2246.0	2617.0	3070.0	3591.0	4304.0	5035.0	5749.0	5827.0	5314.0	4324.0	2747.0	708.0	20.0
	13.0	14.0	15.0	16.0	17.0	18.0	19.0	20.0	21.0	22.0	23.0	24.0	25.0	26.0	27.0	28.0	29.0	30.0	31.0	32.0	33.0	34.0	35.0	36.0	37.0
402103_ITS_KP8LM_AATGTCCG-GACACTGA_S57_L001_R2	1.0	5.0	11.0	24.0	50.0	77.0	82.0	49.0	47.0	32.0	32.0	37.0	26.0	43.0	43.0	51.0	62.0	72.0	79.0	76.0	78.0	54.0	67.0	49.0	9.0
	2.0	3.0	4.0	5.0	6.0	7.0	8.0	9.0	10.0	11.0	12.0	13.0	14.0	15.0	16.0	17.0	18.0	19.0	20.0	21.0	22.0	23.0	24.0	25.0	26.0	27.0	28.0	29.0	30.0	31.0	32.0	33.0	34.0	35.0	36.0	37.0
402104_ITS_KP8LM_AATGTCCG-TGCGTACG_S58_L001_R2	4.0	0.0	0.0	0.0	0.0	0.0	0.0	0.0	0.0	2.0	6.0	40.0	152.0	195.0	209.0	461.0	1020.0	1345.0	1429.0	1509.0	1582.0	1799.0	1862.0	2143.0	2492.0	3052.0	3597.0	4497.0	5415.0	6236.0	6496.0	5746.0	4444.0	3061.0	1076.0	21.0
	2.0	3.0	4.0	5.0	6.0	7.0	8.0	9.0	10.0	11.0	12.0	13.0	14.0	15.0	16.0	17.0	18.0	19.0	20.0	21.0	22.0	23.0	24.0	25.0	26.0	27.0	28.0	29.0	30.0	31.0	32.0	33.0	34.0	35.0	36.0	37.0
402105_ITS_KP8LM_AATGTCCG-TAGTGTAG_S59_L001_R2	12.0	1.0	0.0	0.0	2.0	0.0	2.0	2.0	7.0	6.0	23.0	101.0	431.0	669.0	740.0	1385.0	2719.0	3953.0	4052.0	4172.0	4355.0	4696.0	5324.0	5832.0	6743.0	7942.0	9801.0	11451.0	13648.0	15491.0	16861.0	17741.0	16001.0	9762.0	2540.0	84.0
	2.0	3.0	4.0	5.0	6.0	7.0	8.0	9.0	10.0	11.0	12.0	13.0	14.0	15.0	16.0	17.0	18.0	19.0	20.0	21.0	22.0	23.0	24.0	25.0	26.0	27.0	28.0	29.0	30.0	31.0	32.0	33.0	34.0	35.0	36.0	37.0
402106_ITS_KP8LM_TACTTCGC-ACGACGTG_S60_L001_R2	3.0	0.0	0.0	0.0	0.0	0.0	0.0	0.0	0.0	2.0	8.0	49.0	117.0	206.0	472.0	1036.0	1780.0	1920.0	1680.0	1551.0	1622.0	1680.0	1792.0	1988.0	2144.0	2215.0	2510.0	2609.0	2682.0	2737.0	2727.0	2798.0	2624.0	1674.0	496.0	7.0
	2.0	3.0	4.0	5.0	6.0	7.0	8.0	9.0	10.0	11.0	12.0	13.0	14.0	15.0	16.0	17.0	18.0	19.0	20.0	21.0	22.0	23.0	24.0	25.0	26.0	27.0	28.0	29.0	30.0	31.0	32.0	33.0	34.0	35.0	36.0	37.0
402107_ITS_KP8LM_TACTTCGC-ATATACAC_S61_L001_R2	34.0	0.0	3.0	0.0	1.0	0.0	5.0	7.0	11.0	12.0	68.0	496.0	1238.0	1491.0	1842.0	3794.0	8285.0	10928.0	10604.0	10903.0	11166.0	11911.0	13142.0	14870.0	17286.0	20010.0	23572.0	28103.0	33324.0	38002.0	42264.0	42314.0	37487.0	25652.0	8682.0	288.0
	2.0	3.0	4.0	5.0	6.0	7.0	8.0	9.0	10.0	11.0	12.0	13.0	14.0	15.0	16.0	17.0	18.0	19.0	20.0	21.0	22.0	23.0	24.0	25.0	26.0	27.0	28.0	29.0	30.0	31.0	32.0	33.0	34.0	35.0	36.0	37.0
402108_ITS_KP8LM_TACTTCGC-CGTCGCTA_S62_L001_R2	1.0	0.0	1.0	0.0	0.0	0.0	1.0	1.0	7.0	5.0	2.0	57.0	164.0	202.0	292.0	688.0	1514.0	2001.0	1931.0	1748.0	1822.0	1796.0	1956.0	2170.0	2423.0	2837.0	3347.0	3799.0	4576.0	5312.0	5975.0	6229.0	5445.0	3665.0	1120.0	55.0
	2.0	3.0	4.0	5.0	6.0	7.0	8.0	9.0	10.0	11.0	12.0	13.0	14.0	15.0	16.0	17.0	18.0	19.0	20.0	21.0	22.0	23.0	24.0	25.0	26.0	27.0	28.0	29.0	30.0	31.0	32.0	33.0	34.0	35.0	36.0	37.0
402109_ITS_KP8LM_TACTTCGC-CTAGAGCT_S63_L001_R2	15.0	0.0	1.0	0.0	0.0	1.0	1.0	2.0	4.0	6.0	18.0	117.0	325.0	362.0	495.0	1167.0	2610.0	3346.0	3175.0	3019.0	2924.0	3122.0	3355.0	3734.0	4212.0	5037.0	6042.0	7078.0	8531.0	9861.0	10684.0	10619.0	8844.0	5488.0	1858.0	73.0
	2.0	3.0	4.0	5.0	6.0	7.0	8.0	9.0	10.0	11.0	12.0	13.0	14.0	15.0	16.0	17.0	18.0	19.0	20.0	21.0	22.0	23.0	24.0	25.0	26.0	27.0	28.0	29.0	30.0	31.0	32.0	33.0	34.0	35.0	36.0	37.0
402110_ITS_KP8LM_TACTTCGC-GCTCTAGT_S64_L001_R2	4.0	0.0	0.0	0.0	0.0	1.0	1.0	1.0	2.0	7.0	13.0	111.0	265.0	339.0	441.0	858.0	1803.0	2370.0	2377.0	2225.0	2276.0	2477.0	2675.0	2838.0	3252.0	3783.0	4530.0	5550.0	6406.0	7466.0	8431.0	9035.0	8735.0	7000.0	3080.0	123.0
	2.0	3.0	4.0	5.0	6.0	7.0	8.0	9.0	10.0	11.0	12.0	13.0	14.0	15.0	16.0	17.0	18.0	19.0	20.0	21.0	22.0	23.0	24.0	25.0	26.0	27.0	28.0	29.0	30.0	31.0	32.0	33.0	34.0	35.0	36.0	37.0
402111_ITS_KP8LM_CGTCCGAA-CGTCGCTA_S65_L001_R2	9.0	0.0	1.0	0.0	0.0	1.0	0.0	0.0	0.0	2.0	17.0	167.0	398.0	401.0	419.0	773.0	1554.0	2177.0	2389.0	2411.0	2468.0	2705.0	2929.0	3226.0	3850.0	4473.0	5543.0	6734.0	8313.0	9618.0	10569.0	10801.0	9844.0	6739.0	2249.0	62.0
	2.0	3.0	4.0	5.0	6.0	7.0	8.0	9.0	10.0	11.0	12.0	13.0	14.0	15.0	16.0	17.0	18.0	19.0	20.0	21.0	22.0	23.0	24.0	25.0	26.0	27.0	28.0	29.0	30.0	31.0	32.0	33.0	34.0	35.0	36.0	37.0
402112_ITS_KP8LM_TACTTCGC-TGCGTACG_S66_L001_R2	10.0	0.0	0.0	0.0	0.0	0.0	0.0	0.0	2.0	2.0	8.0	43.0	144.0	213.0	284.0	596.0	1328.0	1687.0	1620.0	1593.0	1662.0	1741.0	1879.0	2092.0	2414.0	2742.0	3161.0	3871.0	4600.0	5223.0	5923.0	6183.0	6026.0	4957.0	3032.0	256.0
	2.0	3.0	4.0	5.0	6.0	7.0	8.0	9.0	10.0	11.0	12.0	13.0	14.0	15.0	16.0	17.0	18.0	19.0	20.0	21.0	22.0	23.0	24.0	25.0	26.0	27.0	28.0	29.0	30.0	31.0	32.0	33.0	34.0	35.0	36.0	37.0
402113_ITS_KP8LM_TACTTCGC-TAGTGTAG_S67_L001_R2	21.0	0.0	1.0	1.0	1.0	0.0	0.0	1.0	7.0	10.0	26.0	194.0	611.0	798.0	997.0	1978.0	3982.0	5439.0	5446.0	5587.0	5833.0	6282.0	7025.0	7620.0	8851.0	10316.0	12429.0	14636.0	17494.0	20602.0	23272.0	25410.0	23874.0	17142.0	6270.0	334.0
	2.0	3.0	4.0	5.0	6.0	7.0	8.0	9.0	10.0	11.0	12.0	13.0	14.0	15.0	16.0	17.0	18.0	19.0	20.0	21.0	22.0	23.0	24.0	25.0	26.0	27.0	28.0	29.0	30.0	31.0	32.0	33.0	34.0	35.0	36.0	37.0
402114_ITS_KP8LM_GCTTCGGT-ACGACGTG_S68_L001_R2	4.0	0.0	0.0	0.0	0.0	0.0	0.0	2.0	0.0	3.0	2.0	39.0	93.0	133.0	164.0	289.0	685.0	992.0	1021.0	987.0	1030.0	1154.0	1106.0	1249.0	1541.0	1712.0	2044.0	2398.0	2941.0	3317.0	3898.0	4224.0	4413.0	3522.0	1301.0	61.0
	2.0	3.0	4.0	5.0	6.0	7.0	8.0	9.0	10.0	11.0	12.0	13.0	14.0	15.0	16.0	17.0	18.0	19.0	20.0	21.0	22.0	23.0	24.0	25.0	26.0	27.0	28.0	29.0	30.0	31.0	32.0	33.0	34.0	35.0	36.0	37.0
402115_ITS_KP8LM_GCTTCGGT-ATATACAC_S69_L001_R2	2.0	0.0	0.0	0.0	0.0	1.0	0.0	0.0	1.0	0.0	4.0	52.0	140.0	153.0	163.0	394.0	826.0	1119.0	1176.0	1159.0	1236.0	1339.0	1385.0	1508.0	1848.0	2062.0	2628.0	3005.0	3618.0	4083.0	4608.0	4682.0	4775.0	3928.0	1749.0	102.0
	2.0	3.0	4.0	5.0	6.0	7.0	8.0	9.0	10.0	11.0	12.0	13.0	14.0	15.0	16.0	17.0	18.0	19.0	20.0	21.0	22.0	23.0	24.0	25.0	26.0	27.0	28.0	29.0	30.0	31.0	32.0	33.0	34.0	35.0	36.0	37.0
402116_ITS_KP8LM_GCTTCGGT-CGTCGCTA_S70_L001_R2	2.0	0.0	0.0	0.0	0.0	0.0	0.0	0.0	1.0	0.0	2.0	22.0	100.0	125.0	130.0	249.0	534.0	747.0	815.0	865.0	862.0	943.0	990.0	1106.0	1252.0	1479.0	1787.0	2114.0	2598.0	2971.0	3406.0	3667.0	3925.0	3414.0	1582.0	73.0
	2.0	3.0	4.0	5.0	6.0	7.0	8.0	9.0	10.0	11.0	12.0	13.0	14.0	15.0	16.0	17.0	18.0	19.0	20.0	21.0	22.0	23.0	24.0	25.0	26.0	27.0	28.0	29.0	30.0	31.0	32.0	33.0	34.0	35.0	36.0	37.0
402117_ITS_KP8LM_GCTTCGGT-CTAGAGCT_S71_L001_R2	3.0	0.0	0.0	0.0	0.0	0.0	0.0	1.0	3.0	1.0	4.0	46.0	127.0	139.0	172.0	297.0	714.0	1042.0	1057.0	1046.0	1164.0	1255.0	1341.0	1446.0	1560.0	1928.0	2224.0	2814.0	3295.0	4003.0	4647.0	5158.0	5613.0	5270.0	2063.0	64.0
	2.0	3.0	4.0	5.0	6.0	7.0	8.0	9.0	10.0	11.0	12.0	13.0	14.0	15.0	16.0	17.0	18.0	19.0	20.0	21.0	22.0	23.0	24.0	25.0	26.0	27.0	28.0	29.0	30.0	31.0	32.0	33.0	34.0	35.0	36.0	37.0
402118_ITS_KP8LM_GCTTCGGT-GCTCTAGT_S72_L001_R2	1.0	0.0	0.0	0.0	0.0	0.0	0.0	2.0	1.0	1.0	1.0	48.0	121.0	117.0	134.0	357.0	722.0	944.0	1013.0	971.0	961.0	963.0	1096.0	1167.0	1330.0	1539.0	1950.0	2254.0	2729.0	3248.0	3667.0	3891.0	3568.0	2535.0	1180.0	59.0
	2.0	3.0	4.0	5.0	6.0	7.0	8.0	9.0	10.0	11.0	12.0	13.0	14.0	15.0	16.0	17.0	18.0	19.0	20.0	21.0	22.0	23.0	24.0	25.0	26.0	27.0	28.0	29.0	30.0	31.0	32.0	33.0	34.0	35.0	36.0	37.0
402119_ITS_KP8LM_GCTTCGGT-GACACTGA_S73_L001_R2	1.0	0.0	1.0	0.0	0.0	0.0	0.0	1.0	2.0	2.0	3.0	30.0	89.0	109.0	138.0	386.0	792.0	922.0	943.0	898.0	913.0	914.0	1022.0	1146.0	1278.0	1527.0	1725.0	2036.0	2612.0	2888.0	3172.0	3422.0	3427.0	2961.0	1222.0	72.0
	2.0	3.0	4.0	5.0	6.0	7.0	8.0	9.0	10.0	11.0	12.0	13.0	14.0	15.0	16.0	17.0	18.0	19.0	20.0	21.0	22.0	23.0	24.0	25.0	26.0	27.0	28.0	29.0	30.0	31.0	32.0	33.0	34.0	35.0	36.0	37.0
402120_ITS_KP8LM_GCTTCGGT-TGCGTACG_S74_L001_R2	5.0	0.0	1.0	0.0	0.0	1.0	0.0	0.0	0.0	2.0	3.0	18.0	57.0	84.0	100.0	215.0	497.0	742.0	827.0	838.0	759.0	809.0	822.0	820.0	988.0	1112.0	1336.0	1596.0	1873.0	2411.0	3007.0	3366.0	3625.0	2768.0	909.0	23.0
	2.0	3.0	4.0	5.0	6.0	7.0	8.0	9.0	10.0	11.0	12.0	13.0	14.0	15.0	16.0	17.0	18.0	19.0	20.0	21.0	22.0	23.0	24.0	25.0	26.0	27.0	28.0	29.0	30.0	31.0	32.0	33.0	34.0	35.0	36.0	37.0
402121_ITS_KP8LM_GCTTCGGT-TAGTGTAG_S75_L001_R2	1.0	0.0	0.0	0.0	0.0	0.0	0.0	0.0	1.0	0.0	5.0	23.0	80.0	121.0	117.0	239.0	507.0	768.0	820.0	944.0	856.0	971.0	1011.0	1183.0	1307.0	1526.0	1789.0	2220.0	2590.0	3331.0	3729.0	4223.0	4348.0	3004.0	930.0	37.0
	2.0	3.0	4.0	5.0	6.0	7.0	8.0	9.0	10.0	11.0	12.0	13.0	14.0	15.0	16.0	17.0	18.0	19.0	20.0	21.0	22.0	23.0	24.0	25.0	26.0	27.0	28.0	29.0	30.0	31.0	32.0	33.0	34.0	35.0	36.0	37.0
402122_ITS_KP8LM_CTTACACC-ACGACGTG_S76_L001_R2	6.0	0.0	0.0	0.0	1.0	0.0	0.0	0.0	0.0	0.0	3.0	38.0	119.0	178.0	224.0	517.0	1093.0	1445.0	1270.0	1171.0	1194.0	1216.0	1402.0	1573.0	1781.0	2109.0	2257.0	2714.0	3189.0	3731.0	4019.0	4234.0	4076.0	2713.0	791.0	14.0
	2.0	3.0	4.0	5.0	6.0	7.0	8.0	9.0	10.0	11.0	12.0	13.0	14.0	15.0	16.0	17.0	18.0	19.0	20.0	21.0	22.0	23.0	24.0	25.0	26.0	27.0	28.0	29.0	30.0	31.0	32.0	33.0	34.0	35.0	36.0	37.0
402123_ITS_KP8LM_CTTACACC-ATATACAC_S77_L001_R2	1.0	0.0	0.0	0.0	0.0	0.0	0.0	0.0	1.0	0.0	5.0	43.0	131.0	179.0	227.0	505.0	1169.0	1529.0	1435.0	1460.0	1370.0	1477.0	1516.0	1743.0	2001.0	2252.0	2778.0	3186.0	3931.0	4426.0	5017.0	5345.0	5141.0	3502.0	1368.0	50.0
	2.0	3.0	4.0	5.0	6.0	7.0	8.0	9.0	10.0	11.0	12.0	13.0	14.0	15.0	16.0	17.0	18.0	19.0	20.0	21.0	22.0	23.0	24.0	25.0	26.0	27.0	28.0	29.0	30.0	31.0	32.0	33.0	34.0	35.0	36.0	37.0
402124_ITS_KP8LM_CTTACACC-CGTCGCTA_S78_L001_R2	2.0	0.0	0.0	0.0	0.0	0.0	0.0	0.0	0.0	0.0	1.0	22.0	97.0	112.0	140.0	339.0	748.0	962.0	1004.0	891.0	954.0	959.0	996.0	1106.0	1254.0	1490.0	1662.0	2021.0	2430.0	2873.0	3366.0	3632.0	3811.0	2924.0	1089.0	36.0
	2.0	3.0	4.0	5.0	6.0	7.0	8.0	9.0	10.0	11.0	12.0	13.0	14.0	15.0	16.0	17.0	18.0	19.0	20.0	21.0	22.0	23.0	24.0	25.0	26.0	27.0	28.0	29.0	30.0	31.0	32.0	33.0	34.0	35.0	36.0	37.0
402125_ITS_KP8LM_CTTACACC-CTAGAGCT_S79_L001_R2	3.0	0.0	0.0	0.0	1.0	0.0	1.0	1.0	1.0	0.0	5.0	25.0	130.0	192.0	200.0	370.0	972.0	1361.0	1268.0	1183.0	1180.0	1217.0	1223.0	1283.0	1562.0	1812.0	2078.0	2571.0	3054.0	3754.0	4335.0	5081.0	5327.0	4068.0	1367.0	24.0
	2.0	3.0	4.0	5.0	6.0	7.0	8.0	9.0	10.0	11.0	12.0	13.0	14.0	15.0	16.0	17.0	18.0	19.0	20.0	21.0	22.0	23.0	24.0	25.0	26.0	27.0	28.0	29.0	30.0	31.0	32.0	33.0	34.0	35.0	36.0	37.0
402126_ITS_KP8LM_CTTACACC-GCTCTAGT_S80_L001_R2	4.0	0.0	1.0	0.0	0.0	0.0	1.0	2.0	1.0	0.0	4.0	44.0	133.0	192.0	222.0	450.0	1098.0	1459.0	1286.0	1245.0	1280.0	1273.0	1496.0	1497.0	1638.0	2057.0	2402.0	2897.0	3474.0	4224.0	4726.0	4821.0	4534.0	3238.0	982.0	17.0
	2.0	3.0	4.0	5.0	6.0	7.0	8.0	9.0	10.0	11.0	12.0	13.0	14.0	15.0	16.0	17.0	18.0	19.0	20.0	21.0	22.0	23.0	24.0	25.0	26.0	27.0	28.0	29.0	30.0	31.0	32.0	33.0	34.0	35.0	36.0	37.0
402127_ITS_KP8LM_CTTACACC-GACACTGA_S81_L001_R2	4.0	0.0	0.0	0.0	0.0	0.0	0.0	2.0	2.0	3.0	5.0	22.0	115.0	201.0	193.0	452.0	1139.0	1557.0	1461.0	1365.0	1309.0	1374.0	1459.0	1549.0	1857.0	2029.0	2395.0	2899.0	3521.0	4405.0	5175.0	6010.0	6185.0	4669.0	1362.0	39.0
	2.0	3.0	4.0	5.0	6.0	7.0	8.0	9.0	10.0	11.0	12.0	13.0	14.0	15.0	16.0	17.0	18.0	19.0	20.0	21.0	22.0	23.0	24.0	25.0	26.0	27.0	28.0	29.0	30.0	31.0	32.0	33.0	34.0	35.0	36.0	37.0
402128_ITS_KP8LM_CTTACACC-TGCGTACG_S82_L001_R2	1.0	0.0	0.0	0.0	0.0	0.0	0.0	0.0	0.0	1.0	1.0	4.0	11.0	25.0	16.0	56.0	85.0	131.0	82.0	66.0	61.0	55.0	62.0	83.0	69.0	81.0	112.0	135.0	161.0	171.0	195.0	191.0	157.0	126.0	36.0	1.0
	2.0	3.0	4.0	5.0	6.0	7.0	8.0	9.0	10.0	11.0	12.0	13.0	14.0	15.0	16.0	17.0	18.0	19.0	20.0	21.0	22.0	23.0	24.0	25.0	26.0	27.0	28.0	29.0	30.0	31.0	32.0	33.0	34.0	35.0	36.0	37.0
402129_ITS_KP8LM_CTTACACC-TAGTGTAG_S83_L001_R2	3.0	0.0	1.0	0.0	1.0	0.0	0.0	1.0	0.0	4.0	10.0	43.0	114.0	205.0	212.0	439.0	950.0	1357.0	1339.0	1369.0	1406.0	1511.0	1689.0	1848.0	2120.0	2402.0	2903.0	3426.0	4190.0	4771.0	5475.0	5780.0	5554.0	4261.0	1375.0	54.0
	2.0	3.0	4.0	5.0	6.0	7.0	8.0	9.0	10.0	11.0	12.0	13.0	14.0	15.0	16.0	17.0	18.0	19.0	20.0	21.0	22.0	23.0	24.0	25.0	26.0	27.0	28.0	29.0	30.0	31.0	32.0	33.0	34.0	35.0	36.0	37.0
402130_ITS_KP8LM_TGACCTCC-ACGACGTG_S84_L001_R2	6.0	0.0	0.0	0.0	0.0	0.0	1.0	1.0	3.0	3.0	7.0	53.0	181.0	210.0	297.0	678.0	1436.0	1923.0	1983.0	1961.0	1929.0	2125.0	2216.0	2643.0	2905.0	3445.0	3985.0	4673.0	5373.0	5874.0	5732.0	5583.0	4763.0	2870.0	659.0	4.0
	2.0	3.0	4.0	5.0	6.0	7.0	8.0	9.0	10.0	11.0	12.0	13.0	14.0	15.0	16.0	17.0	18.0	19.0	20.0	21.0	22.0	23.0	24.0	25.0	26.0	27.0	28.0	29.0	30.0	31.0	32.0	33.0	34.0	35.0	36.0	37.0
402131_ITS_KP8LM_TGACCTCC-ATATACAC_S85_L001_R2	6.0	0.0	0.0	0.0	0.0	0.0	0.0	0.0	3.0	4.0	9.0	53.0	174.0	219.0	283.0	788.0	1671.0	2040.0	2063.0	1874.0	1918.0	2063.0	2361.0	2500.0	2836.0	3411.0	3908.0	4569.0	5072.0	5828.0	6189.0	6038.0	5024.0	2696.0	568.0	15.0
	2.0	3.0	4.0	5.0	6.0	7.0	8.0	9.0	10.0	11.0	12.0	13.0	14.0	15.0	16.0	17.0	18.0	19.0	20.0	21.0	22.0	23.0	24.0	25.0	26.0	27.0	28.0	29.0	30.0	31.0	32.0	33.0	34.0	35.0	36.0	37.0
402132_ITS_KP8LM_TGACCTCC-CGTCGCTA_S86_L001_R2	3.0	0.0	1.0	0.0	0.0	0.0	0.0	1.0	1.0	6.0	4.0	56.0	181.0	244.0	322.0	657.0	1475.0	1939.0	1963.0	1867.0	1857.0	1884.0	2221.0	2500.0	2782.0	3348.0	3843.0	4408.0	5317.0	5764.0	5982.0	5791.0	4786.0	2783.0	721.0	17.0
	2.0	3.0	4.0	5.0	6.0	7.0	8.0	9.0	10.0	11.0	12.0	13.0	14.0	15.0	16.0	17.0	18.0	19.0	20.0	21.0	22.0	23.0	24.0	25.0	26.0	27.0	28.0	29.0	30.0	31.0	32.0	33.0	34.0	35.0	36.0	37.0
402133_ITS_KP8LM_TGACCTCC-CTAGAGCT_S87_L001_R2	7.0	0.0	2.0	0.0	1.0	0.0	0.0	1.0	2.0	4.0	7.0	89.0	235.0	262.0	364.0	970.0	2059.0	2522.0	2514.0	2321.0	2311.0	2520.0	2684.0	2898.0	3559.0	4029.0	4752.0	5411.0	6253.0	6847.0	7100.0	6616.0	4906.0	2385.0	488.0	11.0
	2.0	3.0	4.0	5.0	6.0	7.0	8.0	9.0	10.0	11.0	12.0	13.0	14.0	15.0	16.0	17.0	18.0	19.0	20.0	21.0	22.0	23.0	24.0	25.0	26.0	27.0	28.0	29.0	30.0	31.0	32.0	33.0	34.0	35.0	36.0	37.0
402134_ITS_KP8LM_TGACCTCC-GCTCTAGT_S88_L001_R2	7.0	0.0	0.0	0.0	0.0	3.0	2.0	3.0	2.0	4.0	11.0	95.0	188.0	241.0	334.0	960.0	1824.0	2132.0	1945.0	1974.0	2090.0	2157.0	2396.0	2691.0	3051.0	3513.0	3993.0	4641.0	5034.0	5342.0	5484.0	5297.0	4198.0	2449.0	579.0	13.0
	2.0	3.0	4.0	5.0	6.0	7.0	8.0	9.0	10.0	11.0	12.0	13.0	14.0	15.0	16.0	17.0	18.0	19.0	20.0	21.0	22.0	23.0	24.0	25.0	26.0	27.0	28.0	29.0	30.0	31.0	32.0	33.0	34.0	35.0	36.0	37.0
402135_ITS_KP8LM_TGACCTCC-GACACTGA_S89_L001_R2	5.0	0.0	0.0	0.0	0.0	1.0	0.0	2.0	1.0	4.0	11.0	88.0	235.0	305.0	427.0	1246.0	2588.0	3177.0	3072.0	2818.0	2745.0	3077.0	3319.0	3749.0	4454.0	5178.0	5994.0	6805.0	7749.0	8355.0	7961.0	7198.0	5684.0	3681.0	1156.0	49.0
	2.0	3.0	4.0	5.0	6.0	7.0	8.0	9.0	10.0	11.0	12.0	13.0	14.0	15.0	16.0	17.0	18.0	19.0	20.0	21.0	22.0	23.0	24.0	25.0	26.0	27.0	28.0	29.0	30.0	31.0	32.0	33.0	34.0	35.0	36.0	37.0
402136_ITS_KP8LM_TGACCTCC-TGCGTACG_S90_L001_R2	1.0	0.0	1.0	0.0	0.0	0.0	0.0	1.0	1.0	4.0	8.0	37.0	172.0	224.0	282.0	687.0	1434.0	1876.0	1797.0	1724.0	1684.0	1829.0	2018.0	2207.0	2541.0	2950.0	3399.0	3947.0	4548.0	5054.0	5467.0	5198.0	4411.0	2505.0	600.0	17.0
	2.0	3.0	4.0	5.0	6.0	7.0	8.0	9.0	10.0	11.0	12.0	13.0	14.0	15.0	16.0	17.0	18.0	19.0	20.0	21.0	22.0	23.0	24.0	25.0	26.0	27.0	28.0	29.0	30.0	31.0	32.0	33.0	34.0	35.0	36.0	37.0
402137_ITS_KP8LM_TGACCTCC-TAGTGTAG_S91_L001_R2	6.0	0.0	0.0	0.0	0.0	1.0	0.0	0.0	1.0	2.0	8.0	72.0	157.0	241.0	353.0	765.0	1648.0	2039.0	2125.0	1937.0	2014.0	2146.0	2301.0	2666.0	2887.0	3443.0	4024.0	4559.0	5319.0	5935.0	6084.0	5779.0	4327.0	2301.0	429.0	9.0
	2.0	3.0	4.0	5.0	6.0	7.0	8.0	9.0	10.0	11.0	12.0	13.0	14.0	15.0	16.0	17.0	18.0	19.0	20.0	21.0	22.0	23.0	24.0	25.0	26.0	27.0	28.0	29.0	30.0	31.0	32.0	33.0	34.0	35.0	36.0	37.0
402138_ITS_KP8LM_ACAAGGAG-ACGACGTG_S92_L001_R2	5.0	0.0	0.0	0.0	0.0	0.0	0.0	1.0	3.0	1.0	9.0	25.0	86.0	191.0	245.0	491.0	1136.0	1599.0	1454.0	1358.0	1414.0	1571.0	1518.0	1772.0	2000.0	2279.0	2799.0	3310.0	3972.0	4488.0	4979.0	5124.0	4222.0	2303.0	587.0	19.0
	2.0	3.0	4.0	5.0	6.0	7.0	8.0	9.0	10.0	11.0	12.0	13.0	14.0	15.0	16.0	17.0	18.0	19.0	20.0	21.0	22.0	23.0	24.0	25.0	26.0	27.0	28.0	29.0	30.0	31.0	32.0	33.0	34.0	35.0	36.0	37.0
402139_ITS_KP8LM_ACAAGGAG-ATATACAC_S93_L001_R2	6.0	1.0	1.0	0.0	0.0	0.0	0.0	3.0	2.0	2.0	6.0	38.0	182.0	273.0	359.0	654.0	1412.0	1770.0	1953.0	1952.0	2037.0	2231.0	2376.0	2525.0	2945.0	3306.0	3957.0	4797.0	5713.0	6607.0	7834.0	8332.0	7764.0	5493.0	1925.0	79.0
	2.0	3.0	4.0	5.0	6.0	7.0	8.0	9.0	10.0	11.0	12.0	13.0	14.0	15.0	16.0	17.0	18.0	19.0	20.0	21.0	22.0	23.0	24.0	25.0	26.0	27.0	28.0	29.0	30.0	31.0	32.0	33.0	34.0	35.0	36.0	37.0
402140_ITS_KP8LM_ACAAGGAG-CGTCGCTA_S94_L001_R2	3.0	1.0	0.0	0.0	0.0	0.0	0.0	0.0	0.0	2.0	6.0	21.0	117.0	169.0	226.0	414.0	857.0	1112.0	1190.0	1147.0	1125.0	1213.0	1304.0	1478.0	1664.0	1935.0	2409.0	2794.0	3361.0	4004.0	4343.0	4484.0	4004.0	2813.0	877.0	27.0
	2.0	3.0	4.0	5.0	6.0	7.0	8.0	9.0	10.0	11.0	12.0	13.0	14.0	15.0	16.0	17.0	18.0	19.0	20.0	21.0	22.0	23.0	24.0	25.0	26.0	27.0	28.0	29.0	30.0	31.0	32.0	33.0	34.0	35.0	36.0	37.0
402141_ITS_KP8LM_ACAAGGAG-CTAGAGCT_S95_L001_R2	6.0	0.0	0.0	0.0	0.0	0.0	2.0	0.0	2.0	1.0	7.0	27.0	96.0	159.0	245.0	480.0	901.0	1175.0	1158.0	1162.0	1151.0	1104.0	1301.0	1359.0	1548.0	1791.0	2132.0	2491.0	3009.0	3606.0	4089.0	4284.0	3998.0	2781.0	833.0	26.0
	2.0	3.0	4.0	5.0	6.0	7.0	8.0	9.0	10.0	11.0	12.0	13.0	14.0	15.0	16.0	17.0	18.0	19.0	20.0	21.0	22.0	23.0	24.0	25.0	26.0	27.0	28.0	29.0	30.0	31.0	32.0	33.0	34.0	35.0	36.0	37.0
402142_ITS_KP8LM_ACAAGGAG-GCTCTAGT_S96_L001_R2	7.0	0.0	0.0	0.0	1.0	1.0	0.0	3.0	1.0	3.0	6.0	22.0	99.0	217.0	222.0	433.0	921.0	1312.0	1323.0	1363.0	1404.0	1511.0	1662.0	1778.0	2079.0	2377.0	2907.0	3507.0	4199.0	5090.0	5666.0	5599.0	4960.0	3330.0	1169.0	48.0
	2.0	3.0	4.0	5.0	6.0	7.0	8.0	9.0	10.0	11.0	12.0	13.0	14.0	15.0	16.0	17.0	18.0	19.0	20.0	21.0	22.0	23.0	24.0	25.0	26.0	27.0	28.0	29.0	30.0	31.0	32.0	33.0	34.0	35.0	36.0	37.0
402143_ITS_KP8LM_TCTGTTGC-CTAGAGCT_S97_L001_R2	34.0	0.0	0.0	0.0	0.0	1.0	3.0	2.0	13.0	10.0	34.0	192.0	813.0	1423.0	1673.0	2864.0	6014.0	8350.0	8950.0	9627.0	9951.0	10301.0	10906.0	11960.0	13153.0	15005.0	17490.0	20501.0	24511.0	28173.0	31945.0	36057.0	40758.0	40689.0	22713.0	1111.0
	2.0	3.0	4.0	5.0	6.0	7.0	8.0	9.0	10.0	11.0	12.0	13.0	14.0	15.0	16.0	17.0	18.0	19.0	20.0	21.0	22.0	23.0	24.0	25.0	26.0	27.0	28.0	29.0	30.0	31.0	32.0	33.0	34.0	35.0	36.0	37.0
402144_ITS_KP8LM_TCTGTTGC-GCTCTAGT_S98_L001_R2	6.0	0.0	0.0	0.0	1.0	0.0	1.0	1.0	1.0	2.0	5.0	39.0	145.0	181.0	208.0	394.0	776.0	1091.0	1157.0	1155.0	1232.0	1371.0	1616.0	1858.0	2100.0	2480.0	3224.0	4000.0	4912.0	5720.0	6349.0	6045.0	4985.0	3814.0	1829.0	99.0
	2.0	3.0	4.0	5.0	6.0	7.0	8.0	9.0	10.0	11.0	12.0	13.0	14.0	15.0	16.0	17.0	18.0	19.0	20.0	21.0	22.0	23.0	24.0	25.0	26.0	27.0	28.0	29.0	30.0	31.0	32.0	33.0	34.0	35.0	36.0	37.0
402145_ITS_KP8LM_TCTGTTGC-GACACTGA_S99_L001_R2	1.0	0.0	1.0	0.0	0.0	0.0	0.0	2.0	1.0	3.0	7.0	54.0	176.0	253.0	278.0	610.0	1208.0	1576.0	1656.0	1769.0	1757.0	1928.0	2070.0	2265.0	2779.0	3211.0	3868.0	4711.0	5557.0	6440.0	6775.0	6743.0	6510.0	5483.0	2522.0	122.0
	11.0	12.0	13.0	14.0	15.0	16.0	17.0	18.0	19.0	20.0	21.0	22.0	23.0	24.0	25.0	26.0	27.0	28.0	29.0	30.0	31.0	32.0	33.0	34.0	35.0	36.0	37.0
402146_ITS_KP69D_TATCAGGT-ACGACGTG_S94_L001_R2	1.0	4.0	52.0	311.0	596.0	813.0	1051.0	1844.0	2874.0	3149.0	3404.0	3378.0	3695.0	3909.0	4332.0	4749.0	5461.0	6130.0	7123.0	8694.0	10088.0	11369.0	12528.0	12984.0	11352.0	7606.0	1060.0
	11.0	12.0	13.0	14.0	15.0	16.0	17.0	18.0	19.0	20.0	21.0	22.0	23.0	24.0	25.0	26.0	27.0	28.0	29.0	30.0	31.0	32.0	33.0	34.0	35.0	36.0	37.0
402147_ITS_KP69D_TATCAGGT-ATATACAC_S95_L001_R2	1.0	13.0	122.0	502.0	813.0	1015.0	1757.0	2999.0	3896.0	4004.0	4034.0	4284.0	4413.0	4601.0	5099.0	5633.0	6448.0	7303.0	8486.0	9907.0	11227.0	12676.0	13529.0	14348.0	13814.0	11039.0	2244.0
	12.0	13.0	14.0	15.0	16.0	17.0	18.0	19.0	20.0	21.0	22.0	23.0	24.0	25.0	26.0	27.0	28.0	29.0	30.0	31.0	32.0	33.0	34.0	35.0	36.0	37.0
402148_ITS_KP69D_TATCAGGT-CGTCGCTA_S96_L001_R2	7.0	96.0	418.0	742.0	825.0	1223.0	2338.0	3606.0	4126.0	4214.0	4222.0	4419.0	4687.0	5093.0	5533.0	5968.0	7110.0	8244.0	9766.0	11614.0	13520.0	15352.0	17078.0	17959.0	15246.0	3222.0
	12.0	13.0	14.0	15.0	16.0	17.0	18.0	19.0	20.0	21.0	22.0	23.0	24.0	25.0	26.0	27.0	28.0	29.0	30.0	31.0	32.0	33.0	34.0	35.0	36.0	37.0
402149_ITS_KP69D_TATCAGGT-CTAGAGCT_S97_L001_R2	7.0	89.0	415.0	919.0	1069.0	1581.0	3013.0	4395.0	4748.0	4762.0	4695.0	4941.0	5250.0	5557.0	6175.0	6794.0	7861.0	9144.0	10763.0	12713.0	15356.0	17983.0	20159.0	22338.0	20084.0	4517.0
	12.0	13.0	14.0	15.0	16.0	17.0	18.0	19.0	20.0	21.0	22.0	23.0	24.0	25.0	26.0	27.0	28.0	29.0	30.0	31.0	32.0	33.0	34.0	35.0	36.0	37.0
402150_ITS_KP69D_TATCAGGT-GCTCTAGT_S98_L001_R2	7.0	42.0	195.0	391.0	456.0	670.0	1318.0	1799.0	1945.0	1908.0	1912.0	2114.0	2142.0	2341.0	2602.0	2930.0	3305.0	3739.0	4229.0	4911.0	5562.0	6340.0	6965.0	7151.0	5851.0	1470.0
	12.0	13.0	14.0	15.0	16.0	17.0	18.0	19.0	20.0	21.0	22.0	23.0	24.0	25.0	26.0	27.0	28.0	29.0	30.0	31.0	32.0	33.0	34.0	35.0	36.0	37.0
402151_ITS_KP69D_TATCAGGT-GACACTGA_S99_L001_R2	3.0	48.0	216.0	464.0	589.0	897.0	1711.0	2521.0	2475.0	2508.0	2362.0	2351.0	2567.0	2647.0	2889.0	3229.0	3694.0	4192.0	5016.0	5765.0	6715.0	7889.0	8713.0	8958.0	6371.0	1074.0
	12.0	13.0	14.0	15.0	16.0	17.0	18.0	19.0	20.0	21.0	22.0	23.0	24.0	25.0	26.0	27.0	28.0	29.0	30.0	31.0	32.0	33.0	34.0	35.0	36.0	37.0
402152_ITS_KP69D_TATCAGGT-TGCGTACG_S100_L001_R2	4.0	27.0	197.0	462.0	600.0	733.0	1484.0	2128.0	2304.0	2374.0	2409.0	2552.0	2654.0	2804.0	3151.0	3313.0	3929.0	4436.0	5245.0	6194.0	7316.0	8854.0	10030.0	10658.0	8086.0	1144.0
	11.0	12.0	13.0	14.0	15.0	16.0	17.0	18.0	19.0	20.0	21.0	22.0	23.0	24.0	25.0	26.0	27.0	28.0	29.0	30.0	31.0	32.0	33.0	34.0	35.0	36.0	37.0
402153_ITS_KP69D_TATCAGGT-TAGTGTAG_S101_L001_R2	1.0	1.0	34.0	179.0	401.0	521.0	731.0	1286.0	1813.0	1893.0	2017.0	2057.0	2097.0	2242.0	2426.0	2660.0	2971.0	3460.0	3922.0	4430.0	5444.0	6328.0	7307.0	8247.0	8821.0	6555.0	838.0
	11.0	12.0	13.0	14.0	15.0	16.0	17.0	18.0	19.0	20.0	21.0	22.0	23.0	24.0	25.0	26.0	27.0	28.0	29.0	30.0	31.0	32.0	33.0	34.0	35.0	36.0	37.0
402154_ITS_KP69D_TGTAATTG-ACGACGTG_S102_L001_R2	1.0	3.0	23.0	184.0	366.0	469.0	599.0	1053.0	1525.0	1846.0	2003.0	2062.0	2189.0	2438.0	2527.0	2773.0	3016.0	3451.0	3927.0	4680.0	5453.0	6673.0	7578.0	8664.0	10174.0	9285.0	1903.0
	12.0	13.0	14.0	15.0	16.0	17.0	18.0	19.0	20.0	21.0	22.0	23.0	24.0	25.0	26.0	27.0	28.0	29.0	30.0	31.0	32.0	33.0	34.0	35.0	36.0	37.0
402155_ITS_KP69D_TGTAATTG-ATATACAC_S103_L001_R2	3.0	22.0	179.0	451.0	531.0	712.0	1298.0	1954.0	2224.0	2354.0	2330.0	2457.0	2591.0	2817.0	2990.0	3225.0	3735.0	4264.0	4949.0	5977.0	7124.0	8691.0	10150.0	11631.0	11004.0	2352.0
	12.0	13.0	14.0	15.0	16.0	17.0	18.0	19.0	20.0	21.0	22.0	23.0	24.0	25.0	26.0	27.0	28.0	29.0	30.0	31.0	32.0	33.0	34.0	35.0	36.0	37.0
402156_ITS_KP69D_TGTAATTG-CGTCGCTA_S104_L001_R2	3.0	18.0	141.0	337.0	347.0	464.0	765.0	1188.0	1455.0	1495.0	1663.0	1729.0	1911.0	1992.0	2131.0	2424.0	2805.0	3187.0	3812.0	4373.0	5275.0	6002.0	7068.0	8343.0	8092.0	1636.0
	12.0	13.0	14.0	15.0	16.0	17.0	18.0	19.0	20.0	21.0	22.0	23.0	24.0	25.0	26.0	27.0	28.0	29.0	30.0	31.0	32.0	33.0	34.0	35.0	36.0	37.0
402157_ITS_KP69D_TGTAATTG-CTAGAGCT_S105_L001_R2	2.0	35.0	238.0	437.0	481.0	654.0	1152.0	1645.0	1858.0	2048.0	2209.0	2294.0	2527.0	2729.0	2958.0	3260.0	3706.0	4217.0	5177.0	5883.0	6981.0	8259.0	9582.0	10628.0	8902.0	1713.0
	11.0	12.0	13.0	14.0	15.0	16.0	17.0	18.0	19.0	20.0	21.0	22.0	23.0	24.0	25.0	26.0	27.0	28.0	29.0	30.0	31.0	32.0	33.0	34.0	35.0	36.0	37.0
402158_ITS_KP69D_TGTAATTG-GCTCTAGT_S106_L001_R2	3.0	1.0	64.0	238.0	410.0	465.0	607.0	1109.0	1600.0	1922.0	2105.0	2202.0	2255.0	2448.0	2601.0	2970.0	3250.0	3816.0	4519.0	5460.0	6602.0	7490.0	8321.0	8839.0	8421.0	6801.0	1273.0
	11.0	12.0	13.0	14.0	15.0	16.0	17.0	18.0	19.0	20.0	21.0	22.0	23.0	24.0	25.0	26.0	27.0	28.0	29.0	30.0	31.0	32.0	33.0	34.0	35.0	36.0	37.0
402159_ITS_KP69D_TGTAATTG-GACACTGA_S107_L001_R2	1.0	6.0	59.0	255.0	418.0	488.0	721.0	1554.0	2066.0	2286.0	2387.0	2524.0	2507.0	2659.0	2948.0	3286.0	3616.0	4246.0	4826.0	5878.0	7002.0	7958.0	8827.0	9481.0	9767.0	8765.0	1768.0
	12.0	13.0	14.0	15.0	16.0	17.0	18.0	19.0	20.0	21.0	22.0	23.0	24.0	25.0	26.0	27.0	28.0	29.0	30.0	31.0	32.0	33.0	34.0	35.0	36.0	37.0
402160_ITS_KP69D_TGTAATTG-TGCGTACG_S108_L001_R2	5.0	45.0	181.0	359.0	413.0	605.0	1019.0	1561.0	1701.0	1725.0	1892.0	1972.0	2074.0	2323.0	2588.0	2845.0	3378.0	3952.0	4608.0	5516.0	6528.0	7251.0	7464.0	7476.0	6723.0	1386.0
	12.0	13.0	14.0	15.0	16.0	17.0	18.0	19.0	20.0	21.0	22.0	23.0	24.0	25.0	26.0	27.0	28.0	29.0	30.0	31.0	32.0	33.0	34.0	35.0	36.0	37.0
402161_ITS_KP69D_TGTAATTG-TAGTGTAG_S109_L001_R2	9.0	39.0	174.0	337.0	378.0	628.0	1107.0	1570.0	1695.0	1675.0	1742.0	1850.0	2014.0	2063.0	2417.0	2872.0	3089.0	3724.0	4297.0	5010.0	5957.0	6579.0	6764.0	6564.0	5303.0	872.0
	11.0	12.0	13.0	14.0	15.0	16.0	17.0	18.0	19.0	20.0	21.0	22.0	23.0	24.0	25.0	26.0	27.0	28.0	29.0	30.0	31.0	32.0	33.0	34.0	35.0	36.0	37.0
402162_ITS_KP69D_AATGGAGC-ACGACGTG_S110_L001_R2	1.0	3.0	54.0	304.0	552.0	602.0	954.0	1983.0	2840.0	2963.0	2923.0	3116.0	3015.0	3218.0	3506.0	3853.0	4232.0	4804.0	5453.0	6385.0	7605.0	8708.0	10030.0	10507.0	10215.0	6767.0	823.0
	2.0	3.0	4.0	5.0	6.0	7.0	8.0	9.0	10.0	11.0	12.0	13.0	14.0	15.0	16.0	17.0	18.0	19.0	20.0	21.0	22.0	23.0	24.0	25.0	26.0	27.0	28.0	29.0	30.0	31.0	32.0	33.0	34.0	35.0	36.0	37.0
402163_ITS_KP8LM_AATGGAGC-ATATACAC_S100_L001_R2	9.0	0.0	0.0	0.0	0.0	1.0	2.0	2.0	5.0	3.0	5.0	46.0	235.0	340.0	425.0	710.0	1396.0	2033.0	2115.0	2148.0	2287.0	2435.0	2646.0	2966.0	3414.0	3873.0	4626.0	5629.0	6588.0	7647.0	8612.0	9577.0	9549.0	7919.0	3649.0	195.0
	2.0	3.0	4.0	5.0	6.0	7.0	8.0	9.0	10.0	11.0	12.0	13.0	14.0	15.0	16.0	17.0	18.0	19.0	20.0	21.0	22.0	23.0	24.0	25.0	26.0	27.0	28.0	29.0	30.0	31.0	32.0	33.0	34.0	35.0	36.0	37.0
402164_ITS_KP8LM_AATGGAGC-CGTCGCTA_S101_L001_R2	6.0	0.0	0.0	0.0	0.0	1.0	1.0	1.0	0.0	2.0	1.0	39.0	150.0	165.0	237.0	405.0	994.0	1321.0	1420.0	1411.0	1487.0	1593.0	1705.0	1975.0	2274.0	2652.0	3129.0	3596.0	4311.0	4765.0	4860.0	4910.0	4732.0	3343.0	1209.0	38.0
	2.0	3.0	4.0	5.0	6.0	7.0	8.0	9.0	10.0	11.0	12.0	13.0	14.0	15.0	16.0	17.0	18.0	19.0	20.0	21.0	22.0	23.0	24.0	25.0	26.0	27.0	28.0	29.0	30.0	31.0	32.0	33.0	34.0	35.0	36.0	37.0
402165_ITS_KP8LM_AATGGAGC-CTAGAGCT_S102_L001_R2	3.0	0.0	0.0	0.0	0.0	1.0	0.0	1.0	1.0	2.0	4.0	46.0	145.0	232.0	279.0	570.0	1162.0	1436.0	1582.0	1600.0	1635.0	1835.0	1919.0	2108.0	2549.0	2960.0	3460.0	4161.0	4767.0	5508.0	6140.0	6707.0	6710.0	5270.0	1924.0	64.0
	2.0	3.0	4.0	5.0	6.0	7.0	8.0	9.0	10.0	11.0	12.0	13.0	14.0	15.0	16.0	17.0	18.0	19.0	20.0	21.0	22.0	23.0	24.0	25.0	26.0	27.0	28.0	29.0	30.0	31.0	32.0	33.0	34.0	35.0	36.0	37.0
59000_ITS_KP8LM_AGCTTGAC-ACGACGTG_S103_L001_R2	1.0	0.0	0.0	0.0	0.0	0.0	1.0	0.0	1.0	1.0	6.0	37.0	112.0	154.0	228.0	376.0	880.0	1343.0	1376.0	1376.0	1361.0	1364.0	1441.0	1617.0	1898.0	2247.0	2539.0	3151.0	3786.0	4555.0	4961.0	5315.0	5064.0	3563.0	1219.0	46.0
	2.0	3.0	4.0	5.0	6.0	7.0	8.0	9.0	10.0	11.0	12.0	13.0	14.0	15.0	16.0	17.0	18.0	19.0	20.0	21.0	22.0	23.0	24.0	25.0	26.0	27.0	28.0	29.0	30.0	31.0	32.0	33.0	34.0	35.0	36.0	37.0
59001_ITS_KP8LM_AGCTTGAC-ATATACAC_S104_L001_R2	3.0	0.0	0.0	0.0	0.0	0.0	1.0	2.0	3.0	5.0	7.0	58.0	143.0	210.0	238.0	491.0	1052.0	1363.0	1428.0	1430.0	1475.0	1565.0	1773.0	2039.0	2278.0	2651.0	3319.0	3943.0	4682.0	5485.0	5907.0	6154.0	6019.0	4658.0	1671.0	78.0
	2.0	3.0	4.0	5.0	6.0	7.0	8.0	9.0	10.0	11.0	12.0	13.0	14.0	15.0	16.0	17.0	18.0	19.0	20.0	21.0	22.0	23.0	24.0	25.0	26.0	27.0	28.0	29.0	30.0	31.0	32.0	33.0	34.0	35.0	36.0	37.0
59002_ITS_KP8LM_AGCTTGAC-CGTCGCTA_S105_L001_R2	4.0	0.0	1.0	0.0	0.0	0.0	0.0	0.0	2.0	4.0	9.0	68.0	140.0	157.0	229.0	537.0	999.0	1361.0	1341.0	1386.0	1452.0	1540.0	1681.0	1866.0	2102.0	2583.0	3066.0	3608.0	4345.0	5099.0	5257.0	5457.0	5505.0	4247.0	1341.0	54.0
	2.0	3.0	4.0	5.0	6.0	7.0	8.0	9.0	10.0	11.0	12.0	13.0	14.0	15.0	16.0	17.0	18.0	19.0	20.0	21.0	22.0	23.0	24.0	25.0	26.0	27.0	28.0	29.0	30.0	31.0	32.0	33.0	34.0	35.0	36.0	37.0
59003_ITS_KP8LM_AGCTTGAC-CTAGAGCT_S106_L001_R2	13.0	0.0	0.0	1.0	0.0	0.0	0.0	4.0	2.0	1.0	12.0	110.0	324.0	476.0	525.0	808.0	2081.0	3015.0	3186.0	3147.0	3220.0	3276.0	3546.0	3791.0	4317.0	5085.0	5918.0	7373.0	8981.0	10919.0	13059.0	15101.0	15991.0	12847.0	5105.0	273.0
	2.0	3.0	4.0	5.0	6.0	7.0	8.0	9.0	10.0	11.0	12.0	13.0	14.0	15.0	16.0	17.0	18.0	19.0	20.0	21.0	22.0	23.0	24.0	25.0	26.0	27.0	28.0	29.0	30.0	31.0	32.0	33.0	34.0	35.0	36.0	37.0
59004_ITS_KP8LM_AGCTTGAC-GCTCTAGT_S107_L001_R2	5.0	0.0	0.0	0.0	0.0	0.0	0.0	0.0	0.0	2.0	9.0	46.0	119.0	172.0	201.0	490.0	1258.0	1552.0	1551.0	1480.0	1512.0	1499.0	1616.0	1777.0	1959.0	2391.0	2887.0	3376.0	3995.0	4720.0	5454.0	5906.0	5182.0	2900.0	765.0	42.0
	2.0	3.0	4.0	5.0	6.0	7.0	8.0	9.0	10.0	11.0	12.0	13.0	14.0	15.0	16.0	17.0	18.0	19.0	20.0	21.0	22.0	23.0	24.0	25.0	26.0	27.0	28.0	29.0	30.0	31.0	32.0	33.0	34.0	35.0	36.0	37.0
59005_ITS_KP8LM_AGCTTGAC-GACACTGA_S108_L001_R2	12.0	0.0	1.0	1.0	1.0	2.0	0.0	1.0	4.0	3.0	18.0	92.0	296.0	435.0	509.0	1366.0	3174.0	4147.0	3638.0	3515.0	3385.0	3452.0	3741.0	4080.0	4698.0	5393.0	6367.0	7699.0	8883.0	10426.0	11633.0	12711.0	10704.0	5667.0	1347.0	46.0
	2.0	3.0	4.0	5.0	6.0	7.0	8.0	9.0	10.0	11.0	12.0	13.0	14.0	15.0	16.0	17.0	18.0	19.0	20.0	21.0	22.0	23.0	24.0	25.0	26.0	27.0	28.0	29.0	30.0	31.0	32.0	33.0	34.0	35.0	36.0	37.0
59006_ITS_KP8LM_AGCTTGAC-TGCGTACG_S109_L001_R2	3.0	0.0	0.0	0.0	1.0	0.0	0.0	1.0	3.0	2.0	6.0	56.0	160.0	195.0	187.0	378.0	775.0	1137.0	1304.0	1351.0	1454.0	1516.0	1693.0	1947.0	2207.0	2706.0	3158.0	3845.0	4716.0	5548.0	6451.0	7193.0	7294.0	5890.0	2258.0	66.0
	11.0	12.0	13.0	14.0	15.0	16.0	17.0	18.0	19.0	20.0	21.0	22.0	23.0	24.0	25.0	26.0	27.0	28.0	29.0	30.0	31.0	32.0	33.0	34.0	35.0	36.0
59007_ITS_KP8LM_AGCTTGAC-TAGTGTAG_S110_L001_R2	1.0	0.0	3.0	14.0	23.0	24.0	52.0	89.0	88.0	104.0	82.0	97.0	87.0	105.0	121.0	137.0	162.0	193.0	246.0	300.0	347.0	379.0	397.0	324.0	240.0	87.0
	12.0	13.0	14.0	15.0	16.0	17.0	18.0	19.0	20.0	21.0	22.0	23.0	24.0	25.0	26.0	27.0	28.0	29.0	30.0	31.0	32.0	33.0	34.0	35.0	36.0	37.0
ATCC1010MOCK_ITS_KP69D_AATGGAGC-GCTCTAGT_S111_L001_R2	10.0	91.0	350.0	692.0	923.0	1235.0	2268.0	3302.0	3700.0	3893.0	4100.0	4306.0	4677.0	4967.0	5575.0	6212.0	7426.0	8640.0	10322.0	12161.0	13278.0	12717.0	13408.0	15725.0	18508.0	7653.0
	9.0	10.0	11.0	12.0	13.0	14.0	15.0	16.0	17.0	18.0	19.0	20.0	21.0	22.0	23.0	24.0	25.0	26.0	27.0	28.0	29.0	30.0	31.0	32.0	33.0	34.0	35.0	36.0	37.0
ATCC1010MOCK_ITS_KP69D_ACAAGGAG-GACACTGA_S112_L001_R2	1.0	0.0	1.0	7.0	80.0	429.0	981.0	1410.0	1863.0	3533.0	5315.0	5777.0	5861.0	5780.0	6069.0	6325.0	6862.0	7409.0	8312.0	9793.0	11480.0	13431.0	16073.0	17053.0	17467.0	18833.0	22921.0	25688.0	8016.0
	2.0	3.0	4.0	5.0	6.0	7.0	8.0	9.0	10.0	11.0	12.0	13.0	14.0	15.0	16.0	17.0	18.0	19.0	20.0	21.0	22.0	23.0	24.0	25.0	26.0	27.0	28.0	29.0	30.0	31.0	32.0	33.0	34.0	35.0	36.0	37.0
ATCC1010MOCK_ITS_KP8LM_ACAAGGAG-GACACTGA_S111_L001_R2	7.0	0.0	0.0	0.0	0.0	0.0	0.0	2.0	2.0	3.0	2.0	16.0	125.0	271.0	273.0	432.0	924.0	1457.0	1523.0	1668.0	1687.0	1720.0	1896.0	2197.0	2478.0	2914.0	3573.0	4215.0	5138.0	5817.0	5949.0	6580.0	7428.0	7344.0	3752.0	204.0
	2.0	3.0	4.0	5.0	6.0	7.0	8.0	9.0	10.0	11.0	12.0	13.0	14.0	15.0	16.0	17.0	18.0	19.0	20.0	21.0	22.0	23.0	24.0	25.0	26.0	27.0	28.0	29.0	30.0	31.0	32.0	33.0	34.0	35.0	36.0	37.0
ATCC1010MOCK_ITS_KP8LM_CGTCCGAA-CTAGAGCT_S112_L001_R2	10.0	0.0	1.0	0.0	0.0	0.0	1.0	0.0	1.0	6.0	14.0	69.0	206.0	245.0	225.0	447.0	978.0	1367.0	1575.0	1583.0	1666.0	1771.0	2007.0	2250.0	2712.0	3186.0	3961.0	4980.0	5801.0	5934.0	5780.0	5977.0	6739.0	6642.0	3781.0	263.0
	13.0	14.0	15.0	16.0	17.0	18.0	19.0	20.0	21.0	22.0	23.0	24.0	25.0	26.0	27.0	28.0	29.0	30.0	31.0	32.0	33.0	34.0	35.0	36.0	37.0
No_Template_Control_ITS_KP69D_AATGGAGC-TGCGTACG_S113_L001_R2	6.0	16.0	40.0	47.0	73.0	127.0	184.0	162.0	123.0	130.0	106.0	98.0	119.0	130.0	117.0	141.0	179.0	194.0	210.0	249.0	310.0	330.0	382.0	365.0	71.0
	11.0	12.0	13.0	14.0	15.0	16.0	17.0	18.0	19.0	20.0	21.0	22.0	23.0	24.0	25.0	26.0	27.0	28.0	29.0	30.0	31.0	32.0	33.0	34.0	35.0	36.0	37.0
No_Template_Control_ITS_KP69D_ACAAGGAG-TAGTGTAG_S114_L001_R2	2.0	3.0	5.0	43.0	102.0	150.0	220.0	446.0	493.0	393.0	253.0	194.0	174.0	170.0	156.0	189.0	192.0	193.0	229.0	249.0	321.0	357.0	418.0	508.0	595.0	615.0	163.0
	2.0	3.0	4.0	5.0	6.0	7.0	8.0	9.0	10.0	11.0	12.0	13.0	14.0	15.0	16.0	17.0	18.0	19.0	20.0	21.0	22.0	23.0	24.0	25.0	26.0	27.0	28.0	29.0	30.0	31.0	32.0	33.0	34.0	35.0	36.0
No_Template_Control_ITS_KP8LM_ACAAGGAG-TAGTGTAG_S113_L001_R2	1.0	0.0	0.0	0.0	0.0	0.0	0.0	0.0	0.0	2.0	0.0	2.0	13.0	16.0	19.0	36.0	83.0	105.0	107.0	118.0	109.0	110.0	111.0	132.0	139.0	170.0	180.0	237.0	297.0	361.0	465.0	448.0	418.0	283.0	84.0
	13.0	14.0	15.0	16.0	17.0	18.0	19.0	20.0	21.0	22.0	23.0	24.0	25.0	26.0	27.0	28.0	29.0	30.0	31.0	32.0	33.0	34.0	35.0	36.0	37.0
No_Template_Control_ITS_KP8LM_CGTCCGAA-GACACTGA_S114_L001_R2	2.0	16.0	18.0	16.0	43.0	122.0	131.0	88.0	82.0	76.0	68.0	81.0	83.0	82.0	111.0	129.0	141.0	188.0	208.0	229.0	220.0	204.0	186.0	93.0	2.0
	10.0	11.0	12.0	13.0	14.0	15.0	16.0	17.0	18.0	19.0	20.0	21.0	22.0	23.0	24.0	25.0	26.0	27.0	28.0	29.0	30.0	31.0	32.0	33.0	34.0	35.0	36.0	37.0
Soil_DNA_ITS_KP69D_AATGGAGC-GACACTGA_S115_L001_R2	1.0	2.0	11.0	170.0	769.0	1763.0	2394.0	3472.0	6874.0	9979.0	10597.0	10118.0	10063.0	10180.0	10151.0	10793.0	11509.0	12634.0	14197.0	16544.0	19290.0	22814.0	27187.0	32162.0	37128.0	38890.0	27134.0	3385.0
	9.0	10.0	11.0	12.0	13.0	14.0	15.0	16.0	17.0	18.0	19.0	20.0	21.0	22.0	23.0	24.0	25.0	26.0	27.0	28.0	29.0	30.0	31.0	32.0	33.0	34.0	35.0	36.0	37.0
Soil_DNA_ITS_KP69D_ACAAGGAG-TGCGTACG_S116_L001_R2	1.0	0.0	0.0	4.0	58.0	481.0	1337.0	2127.0	2921.0	5588.0	8376.0	9100.0	8997.0	9031.0	8900.0	9114.0	9456.0	10540.0	11334.0	12891.0	14554.0	17398.0	20589.0	24712.0	29360.0	34709.0	37451.0	25963.0	3232.0
	2.0	3.0	4.0	5.0	6.0	7.0	8.0	9.0	10.0	11.0	12.0	13.0	14.0	15.0	16.0	17.0	18.0	19.0	20.0	21.0	22.0	23.0	24.0	25.0	26.0	27.0	28.0	29.0	30.0	31.0	32.0	33.0	34.0	35.0	36.0	37.0
Soil_DNA_ITS_KP8LM_ACAAGGAG-TGCGTACG_S115_L001_R2	24.0	1.0	1.0	0.0	0.0	0.0	1.0	5.0	9.0	6.0	15.0	55.0	315.0	764.0	905.0	1556.0	3308.0	4957.0	5113.0	4963.0	5259.0	5549.0	5826.0	6278.0	7223.0	8386.0	9811.0	11805.0	14571.0	17737.0	21066.0	23971.0	23114.0	15938.0	4640.0	118.0
	2.0	3.0	4.0	5.0	6.0	7.0	8.0	9.0	10.0	11.0	12.0	13.0	14.0	15.0	16.0	17.0	18.0	19.0	20.0	21.0	22.0	23.0	24.0	25.0	26.0	27.0	28.0	29.0	30.0	31.0	32.0	33.0	34.0	35.0	36.0	37.0
Soil_DNA_ITS_KP8LM_CGTCCGAA-GCTCTAGT_S116_L001_R2	8.0	0.0	0.0	0.0	0.0	0.0	0.0	2.0	5.0	6.0	17.0	181.0	555.0	620.0	647.0	1349.0	2768.0	4041.0	4235.0	4224.0	4453.0	4522.0	5108.0	5458.0	6258.0	7341.0	8673.0	10423.0	12779.0	15167.0	17768.0	19270.0	17842.0	11988.0	3716.0	136.0

