Sample	FastQC_mqc-generalstats-fastqc-percent_duplicates	FastQC_mqc-generalstats-fastqc-percent_gc	FastQC_mqc-generalstats-fastqc-avg_sequence_length	FastQC_mqc-generalstats-fastqc-percent_fails	FastQC_mqc-generalstats-fastqc-total_sequences
401954_ITS_KP69D_GAAGAAGC-ACGACGTG_S1_L001_R2	85.24677913544244	43.0	300.8964708922441	54.54545454545454	54178.0
401955_ITS_KP69D_GAAGAAGC-ATATACAC_S2_L001_R2	79.5454963319789	45.0	300.72148780084206	54.54545454545454	54389.0
401956_ITS_KP69D_GAAGAAGC-CGTCGCTA_S3_L001_R2	80.26649403894913	47.0	300.59173544802286	54.54545454545454	37074.0
401957_ITS_KP69D_GAAGAAGC-CTAGAGCT_S4_L001_R2	81.9915923101208	45.0	300.6303441171095	54.54545454545454	60183.0
401958_ITS_KP69D_GAAGAAGC-GCTCTAGT_S5_L001_R2	80.51799942978047	47.0	300.6116054681052	54.54545454545454	66641.0
401959_ITS_KP69D_GAAGAAGC-GACACTGA_S6_L001_R2	78.21421201073125	46.0	300.70264841439086	54.54545454545454	72685.0
401960_ITS_KP69D_GAAGAAGC-TGCGTACG_S7_L001_R2	82.26146367993474	48.0	300.7524219042116	54.54545454545454	58838.0
401961_ITS_KP69D_GAAGAAGC-TAGTGTAG_S8_L001_R2	78.10384826959412	45.0	300.65411016239744	54.54545454545454	41811.0
401962_ITS_KP69D_GAGAGAAT-ACGACGTG_S9_L001_R2	78.70018063722664	51.0	300.6469118720935	54.54545454545454	26019.0
401963_ITS_KP69D_GAGAGAAT-ATATACAC_S10_L001_R2	83.89511985445532	49.0	300.6732541634179	54.54545454545454	100038.0
401964_ITS_KP69D_GAGAGAAT-CGTCGCTA_S11_L001_R2	83.86467305517233	47.0	300.70067240886436	54.54545454545454	80457.0
401965_ITS_KP69D_GAGAGAAT-CTAGAGCT_S12_L001_R2	83.92270972861832	47.0	300.7029831543761	54.54545454545454	83167.0
401966_ITS_KP69D_GAGAGAAT-GCTCTAGT_S13_L001_R2	83.38822097898398	49.0	300.49724239177874	54.54545454545454	75609.0
401967_ITS_KP69D_GAGAGAAT-GACACTGA_S14_L001_R2	83.75856695846055	47.0	300.73798092149434	54.54545454545454	157874.0
401968_ITS_KP69D_GAGAGAAT-TGCGTACG_S15_L001_R2	83.82900186063262	46.0	300.7144229037873	54.54545454545454	66644.0
401969_ITS_KP69D_GAGAGAAT-TAGTGTAG_S16_L001_R2	82.94439727110355	47.0	300.52080344332853	54.54545454545454	68306.0
401970_ITS_KP69D_TCGTCGAT-ACGACGTG_S17_L001_R2	81.85844176203167	43.0	300.739340021947	54.54545454545454	76548.0
401971_ITS_KP69D_TCGTCGAT-ATATACAC_S18_L001_R2	82.39448253076732	46.0	300.7503820104072	54.54545454545454	96856.0
401972_ITS_KP69D_TCGTCGAT-CGTCGCTA_S19_L001_R2	84.61783439490446	48.0	300.6255838641189	54.54545454545454	84780.0
401973_ITS_KP69D_TCGTCGAT-CTAGAGCT_S20_L001_R2	83.62137545396898	47.0	300.61859687554045	54.54545454545454	86735.0
401974_ITS_KP69D_TCGTCGAT-GCTCTAGT_S21_L001_R2	84.27336920394828	49.0	300.5840639149139	54.54545454545454	79731.0
401975_ITS_KP69D_TCGTCGAT-GACACTGA_S22_L001_R2	82.21125875590515	47.0	300.70174070885014	54.54545454545454	85942.0
401976_ITS_KP69D_TCGTCGAT-TGCGTACG_S23_L001_R2	81.2969501201923	47.0	300.6286433293269	54.54545454545454	53248.0
401977_ITS_KP69D_TCGTCGAT-TAGTGTAG_S24_L001_R2	80.20730714867007	46.0	300.7048443054782	54.54545454545454	46694.0
401978_ITS_KP69D_ATTGGGCT-ACGACGTG_S25_L001_R2	83.21271646420263	48.0	300.67601447402427	54.54545454545454	77380.0
401979_ITS_KP69D_ATTGGGCT-ATATACAC_S26_L001_R2	81.31744518589133	47.0	300.7681124880839	54.54545454545454	104900.0
401980_ITS_KP69D_ATTGGGCT-CGTCGCTA_S27_L001_R2	79.60409634418446	48.0	300.55682533325705	54.54545454545454	69916.0
401981_ITS_KP69D_ATTGGGCT-CTAGAGCT_S28_L001_R2	80.99416976763918	47.0	300.67434334129285	54.54545454545454	82501.0
401982_ITS_KP69D_ATTGGGCT-GCTCTAGT_S29_L001_R2	80.816719780627	47.0	300.6105091528941	54.54545454545454	67465.0
401983_ITS_KP69D_ATTGGGCT-GACACTGA_S30_L001_R2	79.41943203914613	46.0	300.6540844889848	54.54545454545454	93598.0
401984_ITS_KP69D_ATTGGGCT-TGCGTACG_S31_L001_R2	79.49216339627299	46.0	300.6785604097248	54.54545454545454	64824.0
401985_ITS_KP69D_ATTGGGCT-TAGTGTAG_S32_L001_R2	78.5893375560834	46.0	300.71489839007654	54.54545454545454	60624.0
401986_ITS_KP69D_ACCACATA-ACGACGTG_S33_L001_R2	82.59546167075045	47.0	300.5128829500662	54.54545454545454	65707.0
401987_ITS_KP69D_ACCACATA-ATATACAC_S34_L001_R2	81.05177642980937	48.0	300.70693240901215	54.54545454545454	92320.0
401988_ITS_KP69D_ACCACATA-CGTCGCTA_S35_L001_R2	81.70801998133612	48.0	300.6973568644673	45.45454545454545	72868.0
401989_ITS_KP69D_ACCACATA-CTAGAGCT_S36_L001_R2	83.72967438050378	47.0	300.7558550071677	54.54545454545454	122075.0
401990_ITS_KP69D_ACCACATA-GCTCTAGT_S37_L001_R2	82.48568503706704	47.0	300.62461611150485	54.54545454545454	88893.0
401991_ITS_KP69D_ACCACATA-GACACTGA_S38_L001_R2	84.19164489746528	48.0	300.69720049256523	54.54545454545454	140489.0
401992_ITS_KP69D_ACCACATA-TGCGTACG_S39_L001_R2	82.63855847942514	47.0	300.6599934121436	54.54545454545454	81969.0
401993_ITS_KP69D_ACCACATA-TAGTGTAG_S40_L001_R2	78.95555648992979	45.0	300.74956901988816	54.54545454545454	23783.0
401994_ITS_KP69D_AACACAAG-ACGACGTG_S41_L001_R2	82.34066732492502	48.0	300.10785811427615	54.54545454545454	107354.0
401995_ITS_KP69D_AACACAAG-ATATACAC_S42_L001_R2	86.41682051522977	49.0	300.48691802976697	54.54545454545454	738268.0
401996_ITS_KP69D_AACACAAG-CGTCGCTA_S43_L001_R2	83.26645641817083	47.0	300.6365563980407	54.54545454545454	149030.0
401997_ITS_KP69D_AACACAAG-CTAGAGCT_S44_L001_R2	80.61761065972715	47.0	300.70554166890867	54.54545454545454	204433.0
401998_ITS_KP69D_AACACAAG-GCTCTAGT_S45_L001_R2	88.18767635813848	43.0	300.8749577742329	54.54545454545454	852560.0
401999_ITS_KP69D_AACACAAG-GACACTGA_S46_L001_R2	79.20965033287351	49.0	300.6138742277934	54.54545454545454	133384.0
402000_ITS_KP69D_AACACAAG-TGCGTACG_S47_L001_R2	82.171586091274	48.0	300.68603807650766	54.54545454545454	124066.0
402001_ITS_KP69D_AACACAAG-TAGTGTAG_S48_L001_R2	85.47940333387233	45.0	300.76646072425166	54.54545454545454	693074.0
402002_ITS_KP69D_AATGTCCG-ACGACGTG_S49_L001_R2	83.15220491756517	48.0	300.78254606651836	54.54545454545454	70116.0
402003_ITS_KP69D_AATGTCCG-ATATACAC_S50_L001_R2	83.54197914761295	46.0	300.6742418145235	54.54545454545454	136675.0
402004_ITS_KP69D_AATGTCCG-CGTCGCTA_S51_L001_R2	81.704987067677	48.0	300.7037783178882	54.54545454545454	76939.0
402005_ITS_KP69D_AATGTCCG-CTAGAGCT_S52_L001_R2	79.55492424242425	46.0	300.63697916666666	54.54545454545454	63360.0
402006_ITS_KP69D_AATGTCCG-GCTCTAGT_S53_L001_R2	81.72156841179059	47.0	300.503822041355	54.54545454545454	72736.0
402007_ITS_KP69D_AATGTCCG-GACACTGA_S54_L001_R2	79.98294291562429	47.0	300.5851830793723	54.54545454545454	87940.0
402008_ITS_KP69D_AATGTCCG-TGCGTACG_S55_L001_R2	84.19305094399911	46.0	300.4956863616788	54.54545454545454	71981.0
402009_ITS_KP69D_AATGTCCG-TAGTGTAG_S56_L001_R2	80.13337409714526	46.0	300.6445714067337	54.54545454545454	52334.0
402010_ITS_KP69D_TACTTCGC-ACGACGTG_S57_L001_R2	79.67040875071963	46.0	300.6541882556131	54.54545454545454	69480.0
402011_ITS_KP69D_TACTTCGC-ATATACAC_S58_L001_R2	78.90908358184896	47.0	300.5865942613041	54.54545454545454	99256.0
402012_ITS_KP69D_TACTTCGC-CGTCGCTA_S59_L001_R2	81.6100186427646	49.0	300.62926176758685	54.54545454545454	94943.0
402013_ITS_KP69D_TACTTCGC-CTAGAGCT_S60_L001_R2	85.77310881577947	44.0	300.70168800173576	54.54545454545454	806575.0
402014_ITS_KP69D_TACTTCGC-GCTCTAGT_S61_L001_R2	81.33858176016398	48.0	300.64235387284987	54.54545454545454	85867.0
402015_ITS_KP69D_TACTTCGC-GACACTGA_S62_L001_R2	79.71744227927934	48.0	300.72620421484385	54.54545454545454	136043.0
402016_ITS_KP69D_TACTTCGC-TGCGTACG_S63_L001_R2	81.48673682550944	48.0	300.7588881005873	54.54545454545454	101484.0
402017_ITS_KP69D_TACTTCGC-TAGTGTAG_S64_L001_R2	79.11841945779969	47.0	300.6527897862713	54.54545454545454	123755.0
402018_ITS_KP69D_GCTTCGGT-ACGACGTG_S65_L001_R2	83.66381372601137	50.0	300.2628781032375	54.54545454545454	18811.0
402019_ITS_KP69D_GCTTCGGT-ATATACAC_S66_L001_R2	83.84834608857152	47.0	300.53447116462263	45.45454545454545	62458.0
402020_ITS_KP69D_GCTTCGGT-CGTCGCTA_S67_L001_R2	22.91220556745182	48.0	300.6895074946467	54.54545454545454	467.0
402021_ITS_KP69D_GCTTCGGT-CTAGAGCT_S68_L001_R2	85.03077417588304	46.0	300.4880891439184	54.54545454545454	83999.0
402022_ITS_KP69D_GCTTCGGT-GCTCTAGT_S69_L001_R2	70.2588996763754	47.0	300.67087378640775	45.45454545454545	3090.0
402023_ITS_KP69D_GCTTCGGT-GACACTGA_S70_L001_R2	85.23902149229133	48.0	300.59695485948083	45.45454545454545	104363.0
402024_ITS_KP69D_GCTTCGGT-TGCGTACG_S71_L001_R2	84.78871130740727	48.0	300.53268206260685	54.54545454545454	80151.0
402025_ITS_KP69D_GCTTCGGT-TAGTGTAG_S72_L001_R2	81.22280296584417	47.0	300.53576030144643	54.54545454545454	82270.0
402026_ITS_KP69D_CTTACACC-ACGACGTG_S73_L001_R2	84.76612486046449	51.0	300.5405197527839	54.54545454545454	146916.0
402027_ITS_KP69D_CTTACACC-ATATACAC_S74_L001_R2	83.04103839433469	49.0	300.5416994092468	54.54545454545454	108167.0
402028_ITS_KP69D_CTTACACC-CGTCGCTA_S75_L001_R2	87.94875006565843	51.0	300.62110847579527	54.54545454545454	247493.0
402029_ITS_KP69D_CTTACACC-CTAGAGCT_S76_L001_R2	85.38576511299206	48.0	300.65396487579807	54.54545454545454	369318.0
402030_ITS_KP69D_CTTACACC-GCTCTAGT_S77_L001_R2	82.3185199721692	49.0	300.51854494853086	54.54545454545454	112106.0
402031_ITS_KP69D_CTTACACC-GACACTGA_S78_L001_R2	81.9152091886376	48.0	300.6604036640642	54.54545454545454	168556.0
402032_ITS_KP69D_CTTACACC-TGCGTACG_S79_L001_R2	84.14088912761856	49.0	300.6283215899397	54.54545454545454	126596.0
402033_ITS_KP69D_CTTACACC-TAGTGTAG_S80_L001_R2	82.23824645300466	46.0	300.69906544875806	54.54545454545454	132577.0
402034_ITS_KP69D_TGACCTCC-ACGACGTG_S81_L001_R2	81.38350179748835	52.0	300.66007318921186	54.54545454545454	62031.0
402035_ITS_KP69D_TGACCTCC-ATATACAC_S82_L001_R2	83.44986551611652	46.0	300.6414819693118	54.54545454545454	324946.0
402036_ITS_KP69D_TGACCTCC-CGTCGCTA_S83_L001_R2	84.15781763405974	46.0	300.8109714210043	54.54545454545454	120823.0
402037_ITS_KP69D_TGACCTCC-CTAGAGCT_S84_L001_R2	80.72378875931797	47.0	300.7863333819544	54.54545454545454	130259.0
402038_ITS_KP69D_TGACCTCC-GCTCTAGT_S85_L001_R2	78.42773329977823	48.0	300.58359155040347	54.54545454545454	63577.0
402039_ITS_KP69D_TGACCTCC-GACACTGA_S86_L001_R2	80.39007147660979	48.0	300.5317812847021	54.54545454545454	127874.0
402040_ITS_KP69D_TGACCTCC-TGCGTACG_S87_L001_R2	82.79825358785776	48.0	300.5186141641187	54.54545454545454	145212.0
402041_ITS_KP69D_TGACCTCC-TAGTGTAG_S88_L001_R2	86.57802303970132	43.0	300.63729746104786	54.54545454545454	610685.0
402042_ITS_KP69D_ACAAGGAG-ACGACGTG_S89_L001_R2	81.70947567163591	46.0	300.4929132412907	54.54545454545454	76269.0
402043_ITS_KP69D_ACAAGGAG-ATATACAC_S90_L001_R2	87.28808870013903	46.0	300.4640883404691	54.54545454545454	289154.0
402044_ITS_KP69D_ACAAGGAG-CGTCGCTA_S91_L001_R2	83.8390374673787	50.0	300.62851190010593	54.54545454545454	140629.0
402045_ITS_KP69D_ACAAGGAG-CTAGAGCT_S92_L001_R2	84.73464199183881	45.0	300.6262353353736	54.54545454545454	501888.0
402046_ITS_KP69D_ACAAGGAG-GCTCTAGT_S93_L001_R2	83.28763867550569	51.0	300.62555279218407	54.54545454545454	117811.0
402047_ITS_KP8LM_TCTGTTGC-ACGACGTG_S1_L001_R2	84.77265752864157	46.0	300.21750652107204	36.36363636363637	312832.0
402048_ITS_KP8LM_TCTGTTGC-ATATACAC_S2_L001_R2	84.68530465949821	47.0	300.4605734767025	45.45454545454545	69750.0
402049_ITS_KP8LM_TCTGTTGC-CGTCGCTA_S3_L001_R2	85.02149208031561	47.0	300.25692751575104	45.45454545454545	84915.0
402050_ITS_KP8LM_GAAGAAGC-ACGACGTG_S4_L001_R2	83.13394390383515	48.0	300.46542644533486	45.45454545454545	34940.0
402051_ITS_KP8LM_GACTCTTG-ACGACGTG_S5_L001_R2	89.12471599038763	44.0	300.6630499615574	45.45454545454545	290043.0
402052_ITS_KP8LM_GAAGAAGC-CGTCGCTA_S6_L001_R2	86.02769652312364	50.0	300.1434813196579	45.45454545454545	54014.0
402053_ITS_KP8LM_GAAGAAGC-CTAGAGCT_S7_L001_R2	85.8997791485797	47.0	300.5696062752266	45.45454545454545	52524.0
402054_ITS_KP8LM_GAAGAAGC-GCTCTAGT_S8_L001_R2	83.89467886798847	48.0	300.2029317064904	45.45454545454545	47208.0
402055_ITS_KP8LM_GAAGAAGC-GACACTGA_S9_L001_R2	83.50287022991583	47.0	299.6851818803724	45.45454545454545	67242.0
402056_ITS_KP8LM_GAAGAAGC-TGCGTACG_S10_L001_R2	86.29135418495574	47.0	299.6119917730568	45.45454545454545	79738.0
402057_ITS_KP8LM_GACTCTTG-ATATACAC_S11_L001_R2	91.72379177810933	50.0	300.01382920451135	45.45454545454545	436323.0
402058_ITS_KP8LM_GAGAGAAT-ACGACGTG_S12_L001_R2	83.31458973138976	47.0	300.42741900601237	45.45454545454545	46238.0
402059_ITS_KP8LM_GACTCTTG-CGTCGCTA_S13_L001_R2	84.5499503918658	47.0	299.9150739507303	45.45454545454545	130019.0
402060_ITS_KP8LM_GAGAGAAT-CGTCGCTA_S14_L001_R2	81.95121951219512	47.0	300.41757829412614	45.45454545454545	34645.0
402061_ITS_KP8LM_GAGAGAAT-CTAGAGCT_S15_L001_R2	88.03425934810451	42.0	300.5556464094852	45.45454545454545	239701.0
402062_ITS_KP8LM_GAGAGAAT-GCTCTAGT_S16_L001_R2	83.77155836156453	47.0	300.56700415768404	36.36363636363637	51952.0
402063_ITS_KP8LM_GAGAGAAT-GACACTGA_S17_L001_R2	88.60141801563233	42.0	300.5401343982688	45.45454545454545	280956.0
402064_ITS_KP8LM_GAGAGAAT-TGCGTACG_S18_L001_R2	87.28959007195195	50.0	300.2616014258367	45.45454545454545	60596.0
402065_ITS_KP8LM_GAGAGAAT-TAGTGTAG_S19_L001_R2	90.35364273128394	46.0	300.3089805012305	45.45454545454545	274684.0
402066_ITS_KP8LM_TCGTCGAT-ACGACGTG_S20_L001_R2	83.41411903195652	49.0	300.3711698923242	45.45454545454545	57766.0
402067_ITS_KP8LM_TCGTCGAT-ATATACAC_S21_L001_R2	87.70905874352563	45.0	300.49959095812943	45.45454545454545	391158.0
402068_ITS_KP8LM_TCGTCGAT-CGTCGCTA_S22_L001_R2	80.62458471760797	48.0	300.3863122923588	45.45454545454545	37625.0
402069_ITS_KP8LM_TCGTCGAT-CTAGAGCT_S23_L001_R2	88.0279570039616	47.0	299.8423946138636	45.45454545454545	292306.0
402070_ITS_KP8LM_TCGTCGAT-GCTCTAGT_S24_L001_R2	90.10783331528214	46.0	300.62708829741143	45.45454545454545	295456.0
402071_ITS_KP8LM_GACTCTTG-GCTCTAGT_S25_L001_R2	87.4815050294546	43.0	300.6372827208898	45.45454545454545	254799.0
402072_ITS_KP8LM_TCGTCGAT-TGCGTACG_S26_L001_R2	85.16446847888157	46.0	300.2052054737972	45.45454545454545	145347.0
402073_ITS_KP8LM_GACTCTTG-GACACTGA_S27_L001_R2	88.22781480182392	48.0	299.74370521621483	45.45454545454545	159656.0
402074_ITS_KP8LM_ATTGGGCT-ACGACGTG_S28_L001_R2	84.5658617629845	46.0	300.2371665376555	45.45454545454545	52967.0
402075_ITS_KP8LM_GACTCTTG-TGCGTACG_S29_L001_R2	85.94071129123087	47.0	300.4178655487262	45.45454545454545	207763.0
402076_ITS_KP8LM_ATTGGGCT-CGTCGCTA_S30_L001_R2	84.27801816775082	49.0	300.17696363584264	45.45454545454545	69794.0
402077_ITS_KP8LM_GACTCTTG-TAGTGTAG_S31_L001_R2	86.67828993521232	44.0	300.5283497709735	45.45454545454545	96932.0
402078_ITS_KP8LM_ATTGGGCT-GCTCTAGT_S32_L001_R2	82.45051799895191	47.0	300.55415810053614	45.45454545454545	49614.0
402079_ITS_KP8LM_ATTGGGCT-GACACTGA_S33_L001_R2	83.833041331967	50.0	300.3823014115236	45.45454545454545	90753.0
402080_ITS_KP8LM_ATTGGGCT-TGCGTACG_S34_L001_R2	80.12863459734692	49.0	299.9874045290098	45.45454545454545	44778.0
402081_ITS_KP8LM_GCAGGATA-ACGACGTG_S35_L001_R2	86.05639292720718	44.0	300.5707392028451	45.45454545454545	310429.0
402082_ITS_KP8LM_ACCACATA-ACGACGTG_S36_L001_R2	89.03963370920411	49.0	299.98309059452157	45.45454545454545	313849.0
402083_ITS_KP8LM_ACCACATA-ATATACAC_S37_L001_R2	23.005032350826752	48.0	300.61538461538464	45.45454545454545	1391.0
402084_ITS_KP8LM_ACCACATA-CGTCGCTA_S38_L001_R2	84.01042674528463	50.0	300.18886523773205	45.45454545454545	87851.0
402085_ITS_KP8LM_ACCACATA-CTAGAGCT_S39_L001_R2	86.92792053141899	45.0	300.66521349717397	45.45454545454545	294758.0
402086_ITS_KP8LM_ACCACATA-GCTCTAGT_S40_L001_R2	87.31341019928752	48.0	300.15711796486096	45.45454545454545	296707.0
402087_ITS_KP8LM_GCAGGATA-CGTCGCTA_S41_L001_R2	88.41466690063422	49.0	300.39853388291834	36.36363636363637	279241.0
402088_ITS_KP8LM_ACCACATA-TGCGTACG_S42_L001_R2	88.09067163497544	48.0	300.10866348841034	45.45454545454545	164241.0
402089_ITS_KP8LM_ACCACATA-TAGTGTAG_S43_L001_R2	69.23865675467829	46.0	300.63957959497566	45.45454545454545	3901.0
402090_ITS_KP8LM_GCAGGATA-GCTCTAGT_S44_L001_R2	90.31148399045769	45.0	300.47443808066674	45.45454545454545	397388.0
402091_ITS_KP8LM_GCAGGATA-GACACTGA_S45_L001_R2	86.844520063469	44.0	300.3544514328318	45.45454545454545	104618.0
402092_ITS_KP8LM_AACACAAG-CGTCGCTA_S46_L001_R2	89.70315964133547	46.0	300.3772398955692	45.45454545454545	213347.0
402093_ITS_KP8LM_GCAGGATA-TGCGTACG_S47_L001_R2	89.87675525391404	50.0	300.33590583883114	45.45454545454545	348169.0
402094_ITS_KP8LM_AACACAAG-GCTCTAGT_S48_L001_R2	87.27663442600729	47.0	300.2648890448206	45.45454545454545	250822.0
402095_ITS_KP8LM_GCAGGATA-TAGTGTAG_S49_L001_R2	84.33734939759036	43.0	300.4732181739004	45.45454545454545	27556.0
402096_ITS_KP8LM_AACACAAG-TGCGTACG_S50_L001_R2	83.85837829846996	49.0	300.4016557025649	45.45454545454545	67645.0
402097_ITS_KP8LM_AACACAAG-TAGTGTAG_S51_L001_R2	83.97614069610134	48.0	300.04514819825357	45.45454545454545	81310.0
402098_ITS_KP8LM_AATGTCCG-ACGACGTG_S52_L001_R2	81.5855576683804	50.0	300.63337793741346	45.45454545454545	42597.0
402099_ITS_KP8LM_AATGTCCG-ATATACAC_S53_L001_R2	88.75297393998635	48.0	300.53622673871746	45.45454545454545	216884.0
402100_ITS_KP8LM_AATGTCCG-CGTCGCTA_S54_L001_R2	85.80632245618506	50.0	299.8392450907238	45.45454545454545	54947.0
402101_ITS_KP8LM_CGTCCGAA-ACGACGTG_S55_L001_R2	88.21638993036957	46.0	300.4442581181264	45.45454545454545	199769.0
402102_ITS_KP8LM_AATGTCCG-GCTCTAGT_S56_L001_R2	83.65321888412018	51.0	300.25268669527895	45.45454545454545	58250.0
402103_ITS_KP8LM_AATGTCCG-GACACTGA_S57_L001_R2	60.89965397923876	50.0	300.6038062283737	63.63636363636363	1156.0
402104_ITS_KP8LM_AATGTCCG-TGCGTACG_S58_L001_R2	85.06286420330267	49.0	300.31553989748045	45.45454545454545	59891.0
402105_ITS_KP8LM_AATGTCCG-TAGTGTAG_S59_L001_R2	87.42292058193084	48.0	300.5211379233739	45.45454545454545	166549.0
402106_ITS_KP8LM_TACTTCGC-ACGACGTG_S60_L001_R2	75.05652945610153	50.0	300.48369763427263	45.45454545454545	41129.0
402107_ITS_KP8LM_TACTTCGC-ATATACAC_S61_L001_R2	88.36582534496583	50.0	300.35284290142295	45.45454545454545	417795.0
402108_ITS_KP8LM_TACTTCGC-CGTCGCTA_S62_L001_R2	80.51257727912073	47.0	300.3493506918321	45.45454545454545	61142.0
402109_ITS_KP8LM_TACTTCGC-CTAGAGCT_S63_L001_R2	83.48189887492227	50.0	299.9925937093643	45.45454545454545	106126.0
402110_ITS_KP8LM_TACTTCGC-GCTCTAGT_S64_L001_R2	82.48883865498729	47.0	300.32542526137325	45.45454545454545	88475.0
402111_ITS_KP8LM_CGTCCGAA-CGTCGCTA_S65_L001_R2	87.12738739810793	50.0	299.9404613157216	45.45454545454545	100842.0
402112_ITS_KP8LM_TACTTCGC-TGCGTACG_S66_L001_R2	80.9817986475384	46.0	300.2909530430386	45.45454545454545	63292.0
402113_ITS_KP8LM_TACTTCGC-TAGTGTAG_S67_L001_R2	88.51993634134801	49.0	300.31948901028	45.45454545454545	232490.0
402114_ITS_KP8LM_GCTTCGGT-ACGACGTG_S68_L001_R2	80.5232486050837	46.0	300.5418226906386	45.45454545454545	40325.0
402115_ITS_KP8LM_GCTTCGGT-ATATACAC_S69_L001_R2	83.03732249821974	49.0	300.482721065639	45.45454545454545	47746.0
402116_ITS_KP8LM_GCTTCGGT-CGTCGCTA_S70_L001_R2	81.61404882413802	48.0	300.3928861049747	45.45454545454545	35761.0
402117_ITS_KP8LM_GCTTCGGT-CTAGAGCT_S71_L001_R2	83.72270449718539	48.0	300.3510526424315	45.45454545454545	48497.0
402118_ITS_KP8LM_GCTTCGGT-GCTCTAGT_S72_L001_R2	79.3327864369702	48.0	300.4359857806946	45.45454545454545	36570.0
402119_ITS_KP8LM_GCTTCGGT-GACACTGA_S73_L001_R2	78.86535464881399	47.0	300.48193570727767	45.45454545454545	34654.0
402120_ITS_KP8LM_GCTTCGGT-TGCGTACG_S74_L001_R2	81.01235901938273	44.0	300.64439116634026	45.45454545454545	29614.0
402121_ITS_KP8LM_GCTTCGGT-TAGTGTAG_S75_L001_R2	82.72947847659552	47.0	300.6073444017339	45.45454545454545	36681.0
402122_ITS_KP8LM_CTTACACC-ACGACGTG_S76_L001_R2	77.4177074144575	47.0	300.44256929291055	45.45454545454545	43078.0
402123_ITS_KP8LM_CTTACACC-ATATACAC_S77_L001_R2	79.35042867073453	48.0	300.4414536185989	36.36363636363637	51788.0
402124_ITS_KP8LM_CTTACACC-CGTCGCTA_S78_L001_R2	77.64955184559435	48.0	300.24168838234874	45.45454545454545	34921.0
402125_ITS_KP8LM_CTTACACC-CTAGAGCT_S79_L001_R2	80.63046287980022	47.0	300.5537470700344	45.45454545454545	45649.0
402126_ITS_KP8LM_CTTACACC-GCTCTAGT_S80_L001_R2	80.20043684954388	48.0	300.43807015289735	45.45454545454545	46698.0
402127_ITS_KP8LM_CTTACACC-GACACTGA_S81_L001_R2	80.64748474165056	46.0	300.50979946169304	45.45454545454545	52758.0
402128_ITS_KP8LM_CTTACACC-TGCGTACG_S82_L001_R2	54.298850574712645	48.0	300.0928735632184	54.54545454545454	2175.0
402129_ITS_KP8LM_CTTACACC-TAGTGTAG_S83_L001_R2	84.91051392917738	49.0	300.43801652892563	45.45454545454545	54813.0
402130_ITS_KP8LM_TGACCTCC-ACGACGTG_S84_L001_R2	80.88063977834452	47.0	299.8022889707503	45.45454545454545	63522.0
402131_ITS_KP8LM_TGACCTCC-ATATACAC_S85_L001_R2	79.20009971487778	48.0	300.42626552202296	45.45454545454545	64183.0
402132_ITS_KP8LM_TGACCTCC-CGTCGCTA_S86_L001_R2	80.0969325935846	48.0	300.16333460876217	36.36363636363637	62724.0
402133_ITS_KP8LM_TGACCTCC-CTAGAGCT_S87_L001_R2	80.02428166734116	49.0	300.4207473357615	45.45454545454545	74130.0
402134_ITS_KP8LM_TGACCTCC-GCTCTAGT_S88_L001_R2	78.74642874243851	48.0	300.4574880692066	45.45454545454545	62653.0
402135_ITS_KP8LM_TGACCTCC-GACACTGA_S89_L001_R2	79.8000746154015	49.0	300.39122610661224	45.45454545454545	91134.0
402136_ITS_KP8LM_TGACCTCC-TGCGTACG_S90_L001_R2	76.30863238202882	48.0	300.23580107374966	45.45454545454545	56624.0
402137_ITS_KP8LM_TGACCTCC-TAGTGTAG_S91_L001_R2	77.97351285035704	48.0	300.20760325898897	36.36363636363637	63578.0
402138_ITS_KP8LM_ACAAGGAG-ACGACGTG_S92_L001_R2	79.22836543371255	48.0	300.2053879618472	45.45454545454545	48961.0
402139_ITS_KP8LM_ACAAGGAG-ATATACAC_S93_L001_R2	83.32919579277454	49.0	300.3357287515516	45.45454545454545	76535.0
402140_ITS_KP8LM_ACAAGGAG-CGTCGCTA_S94_L001_R2	79.75638051044083	49.0	300.13174013921116	45.45454545454545	43100.0
402141_ITS_KP8LM_ACAAGGAG-CTAGAGCT_S95_L001_R2	80.59818199589483	49.0	300.18294888085234	45.45454545454545	40924.0
402142_ITS_KP8LM_ACAAGGAG-GCTCTAGT_S96_L001_R2	82.3130402104472	48.0	300.1975573092822	45.45454545454545	53220.0
402143_ITS_KP8LM_TCTGTTGC-CTAGAGCT_S97_L001_R2	88.27269892624997	45.0	299.5741111380578	45.45454545454545	375227.0
402144_ITS_KP8LM_TCTGTTGC-GCTCTAGT_S98_L001_R2	87.42011021708893	50.0	300.01468387414826	45.45454545454545	56797.0
402145_ITS_KP8LM_TCTGTTGC-GACACTGA_S99_L001_R2	85.07023430391264	49.0	300.35087295268426	45.45454545454545	70336.0
402146_ITS_KP69D_TATCAGGT-ACGACGTG_S94_L001_R2	84.3345753245642	48.0	300.509929447638	54.54545454545454	128557.0
402147_ITS_KP69D_TATCAGGT-ATATACAC_S95_L001_R2	83.26016328701031	49.0	300.56068142172535	54.54545454545454	154207.0
402148_ITS_KP69D_TATCAGGT-CGTCGCTA_S96_L001_R2	87.85498235590657	50.0	300.5048731305663	45.45454545454545	166628.0
402149_ITS_KP69D_TATCAGGT-CTAGAGCT_S97_L001_R2	88.03704538007864	49.0	300.5658226163172	54.54545454545454	195328.0
402150_ITS_KP69D_TATCAGGT-GCTCTAGT_S98_L001_R2	82.51193028563524	48.0	300.65768033750606	54.54545454545454	72295.0
402151_ITS_KP69D_TATCAGGT-GACACTGA_S99_L001_R2	80.52734556973819	48.0	300.6909065498929	54.54545454545454	85864.0
402152_ITS_KP69D_TATCAGGT-TGCGTACG_S100_L001_R2	83.84539360605018	48.0	300.5869929529048	54.54545454545454	93088.0
402153_ITS_KP69D_TATCAGGT-TAGTGTAG_S101_L001_R2	82.46485854452098	48.0	300.6348847258585	54.54545454545454	78682.0
402154_ITS_KP69D_TGTAATTG-ACGACGTG_S102_L001_R2	82.21528309668297	47.0	300.6012254757556	54.54545454545454	84865.0
402155_ITS_KP69D_TGTAATTG-ATATACAC_S103_L001_R2	82.14133208352861	47.0	300.5647346768734	54.54545454545454	96015.0
402156_ITS_KP69D_TGTAATTG-CGTCGCTA_S104_L001_R2	83.71154742484269	48.0	300.62243649498953	54.54545454545454	68656.0
402157_ITS_KP69D_TGTAATTG-CTAGAGCT_S105_L001_R2	84.76248953391013	49.0	300.26535305609826	54.54545454545454	89575.0
402158_ITS_KP69D_TGTAATTG-GCTCTAGT_S106_L001_R2	84.31205706825811	49.0	300.5629895561358	45.45454545454545	85792.0
402159_ITS_KP69D_TGTAATTG-GACACTGA_S107_L001_R2	82.72775418228642	48.0	300.5801098661461	54.54545454545454	96299.0
402160_ITS_KP69D_TGTAATTG-TGCGTACG_S108_L001_R2	83.04008466728403	48.0	300.57973276888475	54.54545454545454	75590.0
402161_ITS_KP69D_TGTAATTG-TAGTGTAG_S109_L001_R2	81.99304514833622	48.0	300.6209751342228	54.54545454545454	68729.0
402162_ITS_KP69D_AATGGAGC-ACGACGTG_S110_L001_R2	83.0063747438719	49.0	300.5490627608712	54.54545454545454	105416.0
402163_ITS_KP8LM_AATGGAGC-ATATACAC_S100_L001_R2	84.23814594837903	47.0	300.4029993303106	45.45454545454545	91087.0
402164_ITS_KP8LM_AATGGAGC-CGTCGCTA_S101_L001_R2	84.72493505015835	51.0	300.1036542582444	45.45454545454545	52733.0
402165_ITS_KP8LM_AATGGAGC-CTAGAGCT_S102_L001_R2	83.606304317624	50.0	300.24893101372317	45.45454545454545	64781.0
59000_ITS_KP8LM_AGCTTGAC-ACGACGTG_S103_L001_R2	82.99446210440033	48.0	300.4306563505868	45.45454545454545	50019.0
59001_ITS_KP8LM_AGCTTGAC-ATATACAC_S104_L001_R2	83.7854018725782	50.0	300.20410437212087	45.45454545454545	60131.0
59002_ITS_KP8LM_AGCTTGAC-CGTCGCTA_S105_L001_R2	84.6900308435995	51.0	300.3365740156202	45.45454545454545	55441.0
59003_ITS_KP8LM_AGCTTGAC-CTAGAGCT_S106_L001_R2	88.47608050895424	47.0	300.5605666115752	45.45454545454545	132507.0
59004_ITS_KP8LM_AGCTTGAC-GCTCTAGT_S107_L001_R2	82.54076343963985	48.0	300.29162410623087	45.45454545454545	52866.0
59005_ITS_KP8LM_AGCTTGAC-GACACTGA_S108_L001_R2	84.30951833593025	49.0	300.3939308794605	45.45454545454545	117447.0
59006_ITS_KP8LM_AGCTTGAC-TGCGTACG_S109_L001_R2	88.28837341144234	50.0	300.02960583297903	45.45454545454545	63501.0
59007_ITS_KP8LM_AGCTTGAC-TAGTGTAG_S110_L001_R2	79.2544570502431	51.0	300.61534305780657	45.45454545454545	3702.0
ATCC1010MOCK_ITS_KP69D_AATGGAGC-GCTCTAGT_S111_L001_R2	91.2001396421069	49.0	300.13262388722694	54.54545454545454	166139.0
ATCC1010MOCK_ITS_KP69D_ACAAGGAG-GACACTGA_S112_L001_R2	90.63809145830578	48.0	300.03342593817524	54.54545454545454	226770.0
ATCC1010MOCK_ITS_KP8LM_ACAAGGAG-GACACTGA_S111_L001_R2	89.93778467462678	48.0	298.49334023018235	45.45454545454545	69597.0
ATCC1010MOCK_ITS_KP8LM_CGTCCGAA-CTAGAGCT_S112_L001_R2	91.19524637350737	49.0	298.8600416084813	45.45454545454545	70178.0
No_Template_Control_ITS_KP69D_AATGGAGC-TGCGTACG_S113_L001_R2	57.815298030186746	47.0	300.6193399846508	54.54545454545454	3909.0
No_Template_Control_ITS_KP69D_ACAAGGAG-TAGTGTAG_S114_L001_R2	53.7831113712864	44.0	300.6249085321235	54.54545454545454	6833.0
No_Template_Control_ITS_KP8LM_ACAAGGAG-TAGTGTAG_S113_L001_R2	71.92288680177953	45.0	300.47404844290656	45.45454545454545	4046.0
No_Template_Control_ITS_KP8LM_CGTCCGAA-GACACTGA_S114_L001_R2	58.57197403589156	46.0	300.61817487590685	54.54545454545454	2619.0
Soil_DNA_ITS_KP69D_AATGGAGC-GACACTGA_S115_L001_R2	82.8052231369089	46.0	300.6927994837398	54.54545454545454	350211.0
Soil_DNA_ITS_KP69D_ACAAGGAG-TGCGTACG_S116_L001_R2	83.16971692895571	45.0	300.69654394388857	54.54545454545454	318224.0
Soil_DNA_ITS_KP8LM_ACAAGGAG-TGCGTACG_S115_L001_R2	84.28550346795218	46.0	300.5340793939692	45.45454545454545	203290.0
Soil_DNA_ITS_KP8LM_CGTCCGAA-GCTCTAGT_S116_L001_R2	84.10533144609578	47.0	300.4967209247464	45.45454545454545	169560.0
