	295	296	297	298	299	300	301
401954_ITS_KP69D_GAAGAAGC-ACGACGTG_S1_L001_R1	11.0	7.0	20.0	74.0	1427.0	4982.0	47657.0
	295	296	297	298	299	300	301
401955_ITS_KP69D_GAAGAAGC-ATATACAC_S2_L001_R1	2.0	13.0	40.0	90.0	1782.0	5567.0	46895.0
	295	296	297	298	299	300	301
401956_ITS_KP69D_GAAGAAGC-CGTCGCTA_S3_L001_R1	1.0	8.0	23.0	83.0	1281.0	5257.0	30421.0
	291	292	293	294	295	296	297	298	299	300	301
401957_ITS_KP69D_GAAGAAGC-CTAGAGCT_S4_L001_R1	1.0	0.0	0.0	1.0	0.0	1.0	21.0	169.0	1138.0	21689.0	37163.0
	295	296	297	298	299	300	301
401958_ITS_KP69D_GAAGAAGC-GCTCTAGT_S5_L001_R1	52.0	25.0	1436.0	265.0	4893.0	9463.0	50507.0
	290	291	292	293	294	295	296	297	298	299	300	301
401959_ITS_KP69D_GAAGAAGC-GACACTGA_S6_L001_R1	1.0	0.0	0.0	0.0	0.0	163.0	3.0	254.0	231.0	5456.0	10774.0	55803.0
	295	296	297	298	299	300	301
401960_ITS_KP69D_GAAGAAGC-TGCGTACG_S7_L001_R1	4.0	3.0	106.0	853.0	1826.0	9952.0	46094.0
	295	296	297	298	299	300	301
401961_ITS_KP69D_GAAGAAGC-TAGTGTAG_S8_L001_R1	5.0	26.0	749.0	161.0	1190.0	7823.0	31857.0
	295	296	297	298	299	300	301
401962_ITS_KP69D_GAGAGAAT-ACGACGTG_S9_L001_R1	3.0	5.0	16.0	30.0	680.0	4726.0	20559.0
	295	296	297	298	299	300	301
401963_ITS_KP69D_GAGAGAAT-ATATACAC_S10_L001_R1	2.0	98.0	85.0	161.0	4037.0	16115.0	79540.0
	294	295	296	297	298	299	300	301
401964_ITS_KP69D_GAGAGAAT-CGTCGCTA_S11_L001_R1	1.0	9.0	3.0	637.0	125.0	3403.0	10685.0	65594.0
	295	296	297	298	299	300	301
401965_ITS_KP69D_GAGAGAAT-CTAGAGCT_S12_L001_R1	6.0	10.0	326.0	101.0	1976.0	7439.0	73309.0
	295	296	297	298	299	300	301
401966_ITS_KP69D_GAGAGAAT-GCTCTAGT_S13_L001_R1	3.0	47.0	144.0	173.0	4363.0	10609.0	60270.0
	291	292	293	294	295	296	297	298	299	300	301
401967_ITS_KP69D_GAGAGAAT-GACACTGA_S14_L001_R1	1.0	0.0	0.0	0.0	5.0	126.0	658.0	522.0	6788.0	45312.0	104462.0
	44	54	64	74	84	94	104	114	124	134	144	154	164	174	184	194	204	214	224	234	244	254	264	274	284	294	301
401968_ITS_KP69D_GAGAGAAT-TGCGTACG_S15_L001_R1	1.0	0.0	0.0	0.0	0.0	0.0	0.0	0.0	0.0	0.0	0.0	0.0	0.0	0.0	0.0	0.0	0.0	0.0	0.0	0.0	0.0	0.0	0.0	0.0	0.0	4823.0	61820.0
	294	295	296	297	298	299	300	301
401969_ITS_KP69D_GAGAGAAT-TAGTGTAG_S16_L001_R1	1.0	1.0	11.0	412.0	131.0	2953.0	8812.0	55985.0
	295	296	297	298	299	300	301
401970_ITS_KP69D_TCGTCGAT-ACGACGTG_S17_L001_R1	1.0	3.0	81.0	116.0	4712.0	12594.0	59041.0
	293	294	295	296	297	298	299	300	301
401971_ITS_KP69D_TCGTCGAT-ATATACAC_S18_L001_R1	1.0	0.0	6.0	47.0	184.0	159.0	6907.0	8023.0	81529.0
	295	296	297	298	299	300	301
401972_ITS_KP69D_TCGTCGAT-CGTCGCTA_S19_L001_R1	13.0	9.0	136.0	671.0	4728.0	12563.0	66660.0
	295	296	297	298	299	300	301
401973_ITS_KP69D_TCGTCGAT-CTAGAGCT_S20_L001_R1	29.0	6.0	411.0	322.0	3837.0	14602.0	67528.0
	295	296	297	298	299	300	301
401974_ITS_KP69D_TCGTCGAT-GCTCTAGT_S21_L001_R1	5.0	5.0	424.0	312.0	4477.0	14474.0	60034.0
	295	296	297	298	299	300	301
401975_ITS_KP69D_TCGTCGAT-GACACTGA_S22_L001_R1	1.0	4.0	238.0	191.0	5285.0	16021.0	64202.0
	293	294	295	296	297	298	299	300	301
401976_ITS_KP69D_TCGTCGAT-TGCGTACG_S23_L001_R1	1.0	2.0	5.0	2.0	56.0	91.0	5771.0	7650.0	39670.0
	294	295	296	297	298	299	300	301
401977_ITS_KP69D_TCGTCGAT-TAGTGTAG_S24_L001_R1	1.0	4.0	2.0	27.0	55.0	2413.0	7336.0	36856.0
	295	296	297	298	299	300	301
401978_ITS_KP69D_ATTGGGCT-ACGACGTG_S25_L001_R1	3.0	0.0	177.0	157.0	1456.0	5144.0	70443.0
	102	107	112	117	122	127	132	137	142	147	152	157	162	167	172	177	182	187	192	197	202	207	212	217	222	227	232	237	242	247	252	257	262	267	272	277	282	287	292	297	301
401979_ITS_KP69D_ATTGGGCT-ATATACAC_S26_L001_R1	1.0	0.0	0.0	0.0	0.0	0.0	0.0	0.0	0.0	0.0	0.0	0.0	0.0	0.0	0.0	0.0	0.0	0.0	0.0	0.0	0.0	0.0	0.0	0.0	0.0	0.0	0.0	0.0	0.0	0.0	0.0	0.0	0.0	0.0	0.0	0.0	0.0	0.0	0.0	4260.0	100639.0
	295	296	297	298	299	300	301
401980_ITS_KP69D_ATTGGGCT-CGTCGCTA_S27_L001_R1	4.0	5.0	997.0	251.0	2115.0	11737.0	54807.0
	293	294	295	296	297	298	299	300	301
401981_ITS_KP69D_ATTGGGCT-CTAGAGCT_S28_L001_R1	1.0	0.0	3.0	3.0	172.0	59.0	1529.0	9098.0	71636.0
	295	296	297	298	299	300	301
401982_ITS_KP69D_ATTGGGCT-GCTCTAGT_S29_L001_R1	1.0	0.0	22.0	85.0	830.0	10316.0	56211.0
	294	295	296	297	298	299	300	301
401983_ITS_KP69D_ATTGGGCT-GACACTGA_S30_L001_R1	1.0	4.0	5.0	766.0	96.0	1863.0	10106.0	80757.0
	296	297	298	299	300	301
401984_ITS_KP69D_ATTGGGCT-TGCGTACG_S31_L001_R1	4.0	449.0	97.0	2287.0	9592.0	52395.0
	295	296	297	298	299	300	301
401985_ITS_KP69D_ATTGGGCT-TAGTGTAG_S32_L001_R1	1.0	3.0	91.0	100.0	1355.0	8668.0	50406.0
	294	295	296	297	298	299	300	301
401986_ITS_KP69D_ACCACATA-ACGACGTG_S33_L001_R1	1.0	0.0	26.0	1906.0	142.0	1727.0	11466.0	50439.0
	295	296	297	298	299	300	301
401987_ITS_KP69D_ACCACATA-ATATACAC_S34_L001_R1	2.0	22.0	256.0	168.0	1757.0	16325.0	73790.0
	293	294	295	296	297	298	299	300	301
401988_ITS_KP69D_ACCACATA-CGTCGCTA_S35_L001_R1	1.0	0.0	4.0	2.0	45.0	111.0	2832.0	11671.0	58202.0
	291	292	293	294	295	296	297	298	299	300	301
401989_ITS_KP69D_ACCACATA-CTAGAGCT_S36_L001_R1	1.0	1.0	0.0	0.0	3.0	11.0	210.0	2138.0	6088.0	11920.0	101703.0
	292	293	294	295	296	297	298	299	300	301
401990_ITS_KP69D_ACCACATA-GCTCTAGT_S37_L001_R1	1.0	0.0	0.0	8.0	1.0	66.0	132.0	2681.0	14384.0	71620.0
	293	294	295	296	297	298	299	300	301
401991_ITS_KP69D_ACCACATA-GACACTGA_S38_L001_R1	1.0	0.0	69.0	4.0	49.0	139.0	3285.0	38921.0	98021.0
	187	192	197	202	207	212	217	222	227	232	237	242	247	252	257	262	267	272	277	282	287	292	297	301
401992_ITS_KP69D_ACCACATA-TGCGTACG_S39_L001_R1	1.0	0.0	0.0	0.0	0.0	0.0	0.0	0.0	0.0	0.0	0.0	0.0	0.0	0.0	0.0	0.0	0.0	0.0	0.0	0.0	0.0	1.0	2223.0	79744.0
	295	296	297	298	299	300	301
401993_ITS_KP69D_ACCACATA-TAGTGTAG_S40_L001_R1	1.0	1.0	12.0	34.0	330.0	3854.0	19551.0
	292	293	294	295	296	297	298	299	300	301
401994_ITS_KP69D_AACACAAG-ACGACGTG_S41_L001_R1	1.0	0.0	0.0	5.0	26.0	4712.0	191.0	1917.0	10707.0	89795.0
	187	192	197	202	207	212	217	222	227	232	237	242	247	252	257	262	267	272	277	282	287	292	297	301
401995_ITS_KP69D_AACACAAG-ATATACAC_S42_L001_R1	2.0	0.0	0.0	0.0	0.0	0.0	0.0	0.0	0.0	0.0	0.0	0.0	0.0	0.0	0.0	0.0	0.0	0.0	0.0	0.0	0.0	5.0	42744.0	695517.0
	295	296	297	298	299	300	301
401996_ITS_KP69D_AACACAAG-CGTCGCTA_S43_L001_R1	2.0	0.0	42.0	351.0	27856.0	19638.0	101141.0
	295	296	297	298	299	300	301
401997_ITS_KP69D_AACACAAG-CTAGAGCT_S44_L001_R1	3.0	5.0	134.0	254.0	25875.0	33403.0	144759.0
	62	67	72	77	82	87	92	97	102	107	112	117	122	127	132	137	142	147	152	157	162	167	172	177	182	187	192	197	202	207	212	217	222	227	232	237	242	247	252	257	262	267	272	277	282	287	292	297	301
401998_ITS_KP69D_AACACAAG-GCTCTAGT_S45_L001_R1	1.0	0.0	0.0	0.0	0.0	0.0	0.0	0.0	0.0	0.0	0.0	0.0	0.0	0.0	0.0	0.0	0.0	0.0	0.0	0.0	0.0	0.0	0.0	0.0	0.0	1.0	0.0	0.0	0.0	0.0	0.0	0.0	0.0	0.0	0.0	0.0	0.0	0.0	0.0	0.0	0.0	0.0	0.0	0.0	0.0	0.0	0.0	23728.0	828830.0
	295	296	297	298	299	300	301
401999_ITS_KP69D_AACACAAG-GACACTGA_S46_L001_R1	13.0	50.0	9218.0	412.0	1778.0	22958.0	98955.0
	295	296	297	298	299	300	301
402000_ITS_KP69D_AACACAAG-TGCGTACG_S47_L001_R1	10.0	3.0	90.0	191.0	14235.0	24953.0	84584.0
	137	142	147	152	157	162	167	172	177	182	187	192	197	202	207	212	217	222	227	232	237	242	247	252	257	262	267	272	277	282	287	292	297	301
402001_ITS_KP69D_AACACAAG-TAGTGTAG_S48_L001_R1	1.0	0.0	0.0	0.0	0.0	0.0	0.0	0.0	0.0	0.0	0.0	0.0	0.0	0.0	0.0	0.0	0.0	0.0	0.0	0.0	0.0	0.0	0.0	0.0	0.0	0.0	0.0	0.0	0.0	0.0	0.0	0.0	13420.0	679653.0
	291	292	293	294	295	296	297	298	299	300	301
402002_ITS_KP69D_AATGTCCG-ACGACGTG_S49_L001_R1	1.0	0.0	0.0	0.0	0.0	7.0	209.0	111.0	739.0	10485.0	58564.0
	295	296	297	298	299	300	301
402003_ITS_KP69D_AATGTCCG-ATATACAC_S50_L001_R1	3.0	89.0	1836.0	142.0	6507.0	16663.0	111435.0
	293	294	295	296	297	298	299	300	301
402004_ITS_KP69D_AATGTCCG-CGTCGCTA_S51_L001_R1	1.0	0.0	65.0	2.0	37.0	290.0	2714.0	10227.0	63603.0
	294	295	296	297	298	299	300	301
402005_ITS_KP69D_AATGTCCG-CTAGAGCT_S52_L001_R1	1.0	22.0	4.0	78.0	84.0	3737.0	9681.0	49753.0
	296	297	298	299	300	301
402006_ITS_KP69D_AATGTCCG-GCTCTAGT_S53_L001_R1	7.0	50.0	112.0	2273.0	14216.0	56078.0
	295	296	297	298	299	300	301
402007_ITS_KP69D_AATGTCCG-GACACTGA_S54_L001_R1	2.0	1.0	57.0	101.0	3791.0	20867.0	63121.0
	290	291	292	293	294	295	296	297	298	299	300	301
402008_ITS_KP69D_AATGTCCG-TGCGTACG_S55_L001_R1	1.0	0.0	0.0	0.0	0.0	1.0	0.0	52.0	80.0	1164.0	8869.0	61814.0
	290	291	292	293	294	295	296	297	298	299	300	301
402009_ITS_KP69D_AATGTCCG-TAGTGTAG_S56_L001_R1	1.0	0.0	0.0	0.0	1.0	0.0	3.0	25.0	133.0	1236.0	6066.0	44869.0
	295	296	297	298	299	300	301
402010_ITS_KP69D_TACTTCGC-ACGACGTG_S57_L001_R1	1.0	2.0	27.0	40.0	3671.0	22857.0	42882.0
	292	293	294	295	296	297	298	299	300	301
402011_ITS_KP69D_TACTTCGC-ATATACAC_S58_L001_R1	1.0	0.0	0.0	7.0	7.0	72.0	77.0	17305.0	10401.0	71386.0
	294	295	296	297	298	299	300	301
402012_ITS_KP69D_TACTTCGC-CGTCGCTA_S59_L001_R1	1.0	4.0	19.0	2723.0	327.0	4277.0	25103.0	62489.0
	44	54	64	74	84	94	104	114	124	134	144	154	164	174	184	194	204	214	224	234	244	254	264	274	284	294	301
402013_ITS_KP69D_TACTTCGC-CTAGAGCT_S60_L001_R1	1.0	0.0	0.0	0.0	0.0	0.0	0.0	0.0	0.0	0.0	0.0	0.0	0.0	0.0	0.0	0.0	0.0	0.0	0.0	0.0	0.0	0.0	0.0	0.0	0.0	30456.0	776118.0
	295	296	297	298	299	300	301
402014_ITS_KP69D_TACTTCGC-GCTCTAGT_S61_L001_R1	5.0	7.0	1233.0	120.0	1511.0	21550.0	61441.0
	296	297	298	299	300	301
402015_ITS_KP69D_TACTTCGC-GACACTGA_S62_L001_R1	2.0	517.0	352.0	2919.0	11196.0	121057.0
	295	296	297	298	299	300	301
402016_ITS_KP69D_TACTTCGC-TGCGTACG_S63_L001_R1	3.0	9.0	1234.0	717.0	2113.0	9498.0	87910.0
	295	296	297	298	299	300	301
402017_ITS_KP69D_TACTTCGC-TAGTGTAG_S64_L001_R1	2.0	24.0	2638.0	120.0	2440.0	10373.0	108158.0
	295	296	297	298	299	300	301
402018_ITS_KP69D_GCTTCGGT-ACGACGTG_S65_L001_R1	2.0	8.0	13.0	34.0	333.0	8067.0	10354.0
	290	291	292	293	294	295	296	297	298	299	300	301
402019_ITS_KP69D_GCTTCGGT-ATATACAC_S66_L001_R1	1.0	0.0	0.0	0.0	0.0	19.0	2.0	20.0	190.0	1456.0	15151.0	45619.0
	297	298	299	300	301
402020_ITS_KP69D_GCTTCGGT-CGTCGCTA_S67_L001_R1	2.0	1.0	28.0	94.0	342.0
	295	296	297	298	299	300	301
402021_ITS_KP69D_GCTTCGGT-CTAGAGCT_S68_L001_R1	39.0	13.0	46.0	213.0	2048.0	17877.0	63763.0
	297	298	299	300	301
402022_ITS_KP69D_GCTTCGGT-GCTCTAGT_S69_L001_R1	51.0	7.0	147.0	398.0	2487.0
	295	296	297	298	299	300	301
402023_ITS_KP69D_GCTTCGGT-GACACTGA_S70_L001_R1	1.0	2.0	167.0	149.0	6726.0	22753.0	74565.0
	137	142	147	152	157	162	167	172	177	182	187	192	197	202	207	212	217	222	227	232	237	242	247	252	257	262	267	272	277	282	287	292	297	301
402024_ITS_KP69D_GCTTCGGT-TGCGTACG_S71_L001_R1	1.0	0.0	0.0	0.0	0.0	0.0	0.0	0.0	0.0	0.0	0.0	0.0	0.0	0.0	0.0	0.0	0.0	0.0	0.0	0.0	0.0	0.0	0.0	0.0	0.0	0.0	0.0	0.0	0.0	0.0	0.0	0.0	2654.0	77496.0
	293	294	295	296	297	298	299	300	301
402025_ITS_KP69D_GCTTCGGT-TAGTGTAG_S72_L001_R1	3.0	1.0	5.0	10.0	95.0	233.0	4118.0	19144.0	58661.0
	57	62	67	72	77	82	87	92	97	102	107	112	117	122	127	132	137	142	147	152	157	162	167	172	177	182	187	192	197	202	207	212	217	222	227	232	237	242	247	252	257	262	267	272	277	282	287	292	297	301
402026_ITS_KP69D_CTTACACC-ACGACGTG_S73_L001_R1	1.0	0.0	0.0	0.0	0.0	0.0	0.0	0.0	0.0	0.0	0.0	0.0	0.0	0.0	0.0	0.0	0.0	0.0	0.0	0.0	0.0	0.0	0.0	0.0	0.0	0.0	0.0	0.0	0.0	0.0	0.0	0.0	0.0	0.0	0.0	0.0	0.0	0.0	0.0	0.0	0.0	0.0	0.0	0.0	0.0	0.0	0.0	0.0	10743.0	136172.0
	295	296	297	298	299	300	301
402027_ITS_KP69D_CTTACACC-ATATACAC_S74_L001_R1	2.0	4.0	190.0	181.0	5095.0	23148.0	79547.0
	293	294	295	296	297	298	299	300	301
402028_ITS_KP69D_CTTACACC-CGTCGCTA_S75_L001_R1	3.0	0.0	3.0	23.0	121.0	514.0	25204.0	28487.0	193138.0
	290	291	292	293	294	295	296	297	298	299	300	301
402029_ITS_KP69D_CTTACACC-CTAGAGCT_S76_L001_R1	1.0	0.0	0.0	0.0	0.0	12.0	80.0	346.0	634.0	20298.0	48319.0	299628.0
	294	295	296	297	298	299	300	301
402030_ITS_KP69D_CTTACACC-GCTCTAGT_S77_L001_R1	1.0	5.0	2.0	95.0	184.0	2059.0	25753.0	84007.0
	57	62	67	72	77	82	87	92	97	102	107	112	117	122	127	132	137	142	147	152	157	162	167	172	177	182	187	192	197	202	207	212	217	222	227	232	237	242	247	252	257	262	267	272	277	282	287	292	297	301
402031_ITS_KP69D_CTTACACC-GACACTGA_S78_L001_R1	3.0	0.0	0.0	0.0	0.0	0.0	0.0	0.0	0.0	0.0	0.0	0.0	0.0	0.0	0.0	0.0	0.0	0.0	0.0	0.0	0.0	0.0	0.0	0.0	0.0	0.0	0.0	0.0	0.0	0.0	0.0	0.0	0.0	0.0	0.0	0.0	0.0	0.0	0.0	0.0	0.0	0.0	0.0	0.0	0.0	0.0	0.0	1.0	3817.0	164735.0
	295	296	297	298	299	300	301
402032_ITS_KP69D_CTTACACC-TGCGTACG_S79_L001_R1	286.0	206.0	240.0	425.0	7546.0	33230.0	84663.0
	294	295	296	297	298	299	300	301
402033_ITS_KP69D_CTTACACC-TAGTGTAG_S80_L001_R1	4.0	100.0	14.0	2387.0	953.0	6126.0	22642.0	100351.0
	295	296	297	298	299	300	301
402034_ITS_KP69D_TGACCTCC-ACGACGTG_S81_L001_R1	39.0	10.0	151.0	110.0	1922.0	18876.0	40923.0
	293	294	295	296	297	298	299	300	301
402035_ITS_KP69D_TGACCTCC-ATATACAC_S82_L001_R1	4.0	12.0	42.0	217.0	9654.0	2629.0	21193.0	64198.0	226997.0
	295	296	297	298	299	300	301
402036_ITS_KP69D_TGACCTCC-CGTCGCTA_S83_L001_R1	1.0	7.0	76.0	169.0	3140.0	60863.0	56567.0
	295	296	297	298	299	300	301
402037_ITS_KP69D_TGACCTCC-CTAGAGCT_S84_L001_R1	4.0	19.0	122.0	672.0	2969.0	39267.0	87206.0
	295	296	297	298	299	300	301
402038_ITS_KP69D_TGACCTCC-GCTCTAGT_S85_L001_R1	23.0	15.0	498.0	448.0	4076.0	10247.0	48270.0
	44	54	64	74	84	94	104	114	124	134	144	154	164	174	184	194	204	214	224	234	244	254	264	274	284	294	301
402039_ITS_KP69D_TGACCTCC-GACACTGA_S86_L001_R1	1.0	0.0	0.0	0.0	0.0	0.0	0.0	0.0	0.0	0.0	0.0	0.0	0.0	0.0	0.0	0.0	0.0	0.0	0.0	0.0	0.0	0.0	0.0	0.0	0.0	16838.0	111035.0
	295	296	297	298	299	300	301
402040_ITS_KP69D_TGACCTCC-TGCGTACG_S87_L001_R1	12.0	7.0	136.0	210.0	6799.0	47264.0	90784.0
	291	292	293	294	295	296	297	298	299	300	301
402041_ITS_KP69D_TGACCTCC-TAGTGTAG_S88_L001_R1	2.0	0.0	1.0	3.0	29.0	32.0	496.0	646.0	45865.0	87143.0	476468.0
	295	296	297	298	299	300	301
402042_ITS_KP69D_ACAAGGAG-ACGACGTG_S89_L001_R1	31.0	33.0	105.0	746.0	3178.0	16822.0	55354.0
	291	292	293	294	295	296	297	298	299	300	301
402043_ITS_KP69D_ACAAGGAG-ATATACAC_S90_L001_R1	1.0	0.0	0.0	0.0	17.0	120.0	572.0	1442.0	3597.0	33779.0	249626.0
	295	296	297	298	299	300	301
402044_ITS_KP69D_ACAAGGAG-CGTCGCTA_S91_L001_R1	10.0	11.0	726.0	395.0	8260.0	32441.0	98786.0
	291	292	293	294	295	296	297	298	299	300	301
402045_ITS_KP69D_ACAAGGAG-CTAGAGCT_S92_L001_R1	1.0	0.0	1.0	3.0	48.0	121.0	632.0	1690.0	33830.0	74489.0	391073.0
	293	294	295	296	297	298	299	300	301
402046_ITS_KP69D_ACAAGGAG-GCTCTAGT_S93_L001_R1	1.0	0.0	0.0	4.0	53.0	503.0	2327.0	14092.0	100831.0
	34	44	54	64	74	84	94	104	114	124	134	144	154	164	174	184	194	204	214	224	234	244	254	264	274	284	294	301
402047_ITS_KP8LM_TCTGTTGC-ACGACGTG_S1_L001_R1	1.0	10.0	20.0	0.0	7.0	12.0	6.0	1.0	0.0	0.0	0.0	0.0	0.0	0.0	0.0	0.0	5.0	23.0	1.0	0.0	3.0	0.0	2.0	0.0	0.0	1.0	29229.0	283511.0
	44	54	64	74	84	94	104	114	124	134	144	154	164	174	184	194	204	214	224	234	244	254	264	274	284	294	301
402048_ITS_KP8LM_TCTGTTGC-ATATACAC_S2_L001_R1	3.0	1.0	0.0	3.0	2.0	1.0	1.0	0.0	0.0	0.0	0.0	0.0	1.0	0.0	0.0	0.0	3.0	0.0	0.0	0.0	0.0	1.0	0.0	0.0	0.0	1637.0	68097.0
	34	44	54	64	74	84	94	104	114	124	134	144	154	164	174	184	194	204	214	224	234	244	254	264	274	284	294	301
402049_ITS_KP8LM_TCTGTTGC-CGTCGCTA_S3_L001_R1	1.0	5.0	4.0	0.0	2.0	2.0	2.0	1.0	0.0	0.0	0.0	0.0	0.0	0.0	0.0	0.0	0.0	2.0	0.0	0.0	1.0	0.0	0.0	0.0	0.0	0.0	3217.0	81678.0
	44	54	64	74	84	94	104	114	124	134	144	154	164	174	184	194	204	214	224	234	244	254	264	274	284	294	301
402050_ITS_KP8LM_GAAGAAGC-ACGACGTG_S4_L001_R1	1.0	2.0	0.0	0.0	0.0	2.0	0.0	0.0	0.0	0.0	0.0	0.0	0.0	0.0	0.0	0.0	2.0	0.0	0.0	0.0	0.0	0.0	0.0	0.0	0.0	1357.0	33576.0
	34	44	54	64	74	84	94	104	114	124	134	144	154	164	174	184	194	204	214	224	234	244	254	264	274	284	294	301
402051_ITS_KP8LM_GACTCTTG-ACGACGTG_S5_L001_R1	1.0	7.0	11.0	0.0	7.0	9.0	10.0	1.0	0.0	0.0	0.0	0.0	0.0	0.0	0.0	0.0	3.0	8.0	1.0	1.0	1.0	0.0	1.0	0.0	0.0	1.0	7458.0	282523.0
	52	57	62	67	72	77	82	87	92	97	102	107	112	117	122	127	132	137	142	147	152	157	162	167	172	177	182	187	192	197	202	207	212	217	222	227	232	237	242	247	252	257	262	267	272	277	282	287	292	297	301
402052_ITS_KP8LM_GAAGAAGC-CGTCGCTA_S6_L001_R1	5.0	1.0	0.0	0.0	0.0	2.0	0.0	0.0	0.0	0.0	0.0	0.0	0.0	0.0	0.0	0.0	0.0	0.0	0.0	0.0	0.0	0.0	0.0	0.0	0.0	0.0	0.0	0.0	0.0	0.0	1.0	0.0	1.0	0.0	0.0	0.0	1.0	0.0	0.0	0.0	1.0	1.0	0.0	0.0	0.0	0.0	0.0	0.0	5.0	7906.0	46090.0
	44	54	64	74	84	94	104	114	124	134	144	154	164	174	184	194	204	214	224	234	244	254	264	274	284	294	301
402053_ITS_KP8LM_GAAGAAGC-CTAGAGCT_S7_L001_R1	2.0	4.0	0.0	1.0	3.0	2.0	1.0	0.0	0.0	0.0	0.0	0.0	0.0	0.0	0.0	0.0	5.0	0.0	0.0	0.0	0.0	0.0	2.0	0.0	0.0	1094.0	51410.0
	44	54	64	74	84	94	104	114	124	134	144	154	164	174	184	194	204	214	224	234	244	254	264	274	284	294	301
402054_ITS_KP8LM_GAAGAAGC-GCTCTAGT_S8_L001_R1	2.0	2.0	0.0	2.0	2.0	4.0	1.0	0.0	0.0	0.0	0.0	0.0	0.0	0.0	0.0	1.0	2.0	0.0	0.0	0.0	0.0	0.0	0.0	0.0	0.0	1305.0	45887.0
	44	54	64	74	84	94	104	114	124	134	144	154	164	174	184	194	204	214	224	234	244	254	264	274	284	294	301
402055_ITS_KP8LM_GAAGAAGC-GACACTGA_S9_L001_R1	3.0	5.0	0.0	0.0	5.0	1.0	1.0	0.0	0.0	0.0	0.0	0.0	0.0	0.0	0.0	1.0	1.0	0.0	0.0	0.0	0.0	0.0	0.0	0.0	0.0	5303.0	61922.0
	44	54	64	74	84	94	104	114	124	134	144	154	164	174	184	194	204	214	224	234	244	254	264	274	284	294	301
402056_ITS_KP8LM_GAAGAAGC-TGCGTACG_S10_L001_R1	2.0	2.0	0.0	11.0	5.0	2.0	3.0	0.0	0.0	0.0	0.0	0.0	0.0	0.0	0.0	0.0	3.0	0.0	0.0	0.0	0.0	0.0	0.0	0.0	0.0	3680.0	76030.0
	34	44	54	64	74	84	94	104	114	124	134	144	154	164	174	184	194	204	214	224	234	244	254	264	274	284	294	301
402057_ITS_KP8LM_GACTCTTG-ATATACAC_S11_L001_R1	1.0	6.0	26.0	0.0	10.0	15.0	8.0	2.0	1.0	0.0	0.0	0.0	0.0	0.0	0.0	0.0	3.0	17.0	1.0	1.0	2.0	0.0	1.0	2.0	0.0	0.0	18557.0	417670.0
	47	52	57	62	67	72	77	82	87	92	97	102	107	112	117	122	127	132	137	142	147	152	157	162	167	172	177	182	187	192	197	202	207	212	217	222	227	232	237	242	247	252	257	262	267	272	277	282	287	292	297	301
402058_ITS_KP8LM_GAGAGAAT-ACGACGTG_S12_L001_R1	2.0	1.0	0.0	0.0	0.0	0.0	1.0	1.0	1.0	1.0	0.0	1.0	1.0	0.0	0.0	0.0	0.0	0.0	0.0	0.0	0.0	0.0	1.0	0.0	0.0	0.0	0.0	0.0	0.0	0.0	1.0	6.0	0.0	0.0	0.0	0.0	0.0	2.0	0.0	0.0	0.0	0.0	0.0	0.0	0.0	0.0	0.0	0.0	0.0	0.0	802.0	45417.0
	44	54	64	74	84	94	104	114	124	134	144	154	164	174	184	194	204	214	224	234	244	254	264	274	284	294	301
402059_ITS_KP8LM_GACTCTTG-CGTCGCTA_S13_L001_R1	7.0	7.0	0.0	4.0	8.0	4.0	2.0	0.0	0.0	0.0	0.0	1.0	0.0	0.0	0.0	2.0	4.0	0.0	0.0	0.0	0.0	1.0	0.0	0.0	0.0	6231.0	123748.0
	77	82	87	92	97	102	107	112	117	122	127	132	137	142	147	152	157	162	167	172	177	182	187	192	197	202	207	212	217	222	227	232	237	242	247	252	257	262	267	272	277	282	287	292	297	301
402060_ITS_KP8LM_GAGAGAAT-CGTCGCTA_S14_L001_R1	1.0	1.0	2.0	0.0	0.0	0.0	0.0	0.0	0.0	0.0	0.0	0.0	0.0	0.0	0.0	0.0	0.0	0.0	0.0	0.0	0.0	0.0	0.0	0.0	0.0	0.0	1.0	1.0	0.0	0.0	0.0	0.0	0.0	0.0	0.0	0.0	0.0	0.0	0.0	0.0	0.0	0.0	0.0	0.0	1248.0	33391.0
	34	44	54	64	74	84	94	104	114	124	134	144	154	164	174	184	194	204	214	224	234	244	254	264	274	284	294	301
402061_ITS_KP8LM_GAGAGAAT-CTAGAGCT_S15_L001_R1	1.0	3.0	18.0	0.0	3.0	10.0	5.0	7.0	0.0	0.0	0.0	0.0	0.0	0.0	0.0	0.0	3.0	15.0	0.0	0.0	0.0	0.0	0.0	0.0	0.0	0.0	14312.0	225324.0
	77	82	87	92	97	102	107	112	117	122	127	132	137	142	147	152	157	162	167	172	177	182	187	192	197	202	207	212	217	222	227	232	237	242	247	252	257	262	267	272	277	282	287	292	297	301
402062_ITS_KP8LM_GAGAGAAT-GCTCTAGT_S16_L001_R1	1.0	0.0	2.0	0.0	0.0	0.0	0.0	0.0	0.0	0.0	0.0	0.0	0.0	0.0	0.0	0.0	0.0	0.0	0.0	0.0	0.0	0.0	0.0	0.0	0.0	0.0	0.0	0.0	0.0	0.0	0.0	0.0	0.0	0.0	0.0	0.0	1.0	0.0	0.0	0.0	0.0	0.0	0.0	0.0	2250.0	49698.0
	34	44	54	64	74	84	94	104	114	124	134	144	154	164	174	184	194	204	214	224	234	244	254	264	274	284	294	301
402063_ITS_KP8LM_GAGAGAAT-GACACTGA_S17_L001_R1	2.0	8.0	16.0	0.0	4.0	5.0	6.0	10.0	0.0	0.0	0.0	0.0	0.0	0.0	0.0	0.0	3.0	10.0	2.0	1.0	4.0	3.0	0.0	0.0	0.0	0.0	19786.0	261096.0
	44	54	64	74	84	94	104	114	124	134	144	154	164	174	184	194	204	214	224	234	244	254	264	274	284	294	301
402064_ITS_KP8LM_GAGAGAAT-TGCGTACG_S18_L001_R1	1.0	2.0	0.0	0.0	2.0	2.0	0.0	0.0	0.0	0.0	0.0	0.0	0.0	0.0	0.0	2.0	4.0	0.0	0.0	0.0	0.0	0.0	0.0	0.0	0.0	12965.0	47618.0
	44	54	64	74	84	94	104	114	124	134	144	154	164	174	184	194	204	214	224	234	244	254	264	274	284	294	301
402065_ITS_KP8LM_GAGAGAAT-TAGTGTAG_S19_L001_R1	3.0	16.0	0.0	9.0	11.0	6.0	2.0	0.0	0.0	0.0	0.0	0.0	0.0	0.0	0.0	5.0	16.0	2.0	2.0	0.0	2.0	0.0	0.0	0.0	0.0	39112.0	235498.0
	44	54	64	74	84	94	104	114	124	134	144	154	164	174	184	194	204	214	224	234	244	254	264	274	284	294	301
402066_ITS_KP8LM_TCGTCGAT-ACGACGTG_S20_L001_R1	2.0	4.0	0.0	0.0	0.0	2.0	2.0	0.0	0.0	0.0	0.0	0.0	0.0	0.0	0.0	0.0	2.0	1.0	0.0	0.0	0.0	1.0	0.0	0.0	1.0	1866.0	55885.0
	44	54	64	74	84	94	104	114	124	134	144	154	164	174	184	194	204	214	224	234	244	254	264	274	284	294	301
402067_ITS_KP8LM_TCGTCGAT-ATATACAC_S21_L001_R1	13.0	12.0	0.0	18.0	13.0	10.0	8.0	1.0	0.0	0.0	0.0	0.0	0.0	0.0	0.0	3.0	18.0	1.0	0.0	0.0	0.0	1.0	0.0	0.0	1.0	9129.0	381930.0
	52	57	62	67	72	77	82	87	92	97	102	107	112	117	122	127	132	137	142	147	152	157	162	167	172	177	182	187	192	197	202	207	212	217	222	227	232	237	242	247	252	257	262	267	272	277	282	287	292	297	301
402068_ITS_KP8LM_TCGTCGAT-CGTCGCTA_S22_L001_R1	1.0	1.0	0.0	0.0	0.0	1.0	0.0	1.0	0.0	1.0	1.0	0.0	0.0	0.0	0.0	0.0	0.0	0.0	0.0	0.0	0.0	0.0	0.0	0.0	0.0	0.0	0.0	0.0	0.0	0.0	2.0	1.0	0.0	0.0	0.0	0.0	0.0	0.0	0.0	0.0	0.0	0.0	0.0	0.0	0.0	0.0	0.0	0.0	2.0	1270.0	36344.0
	34	44	54	64	74	84	94	104	114	124	134	144	154	164	174	184	194	204	214	224	234	244	254	264	274	284	294	301
402069_ITS_KP8LM_TCGTCGAT-CTAGAGCT_S23_L001_R1	1.0	6.0	12.0	0.0	14.0	11.0	8.0	8.0	1.0	0.0	0.0	0.0	0.0	0.0	0.0	0.0	7.0	19.0	5.0	0.0	0.0	2.0	8.0	1.0	0.0	0.0	27460.0	264743.0
	34	44	54	64	74	84	94	104	114	124	134	144	154	164	174	184	194	204	214	224	234	244	254	264	274	284	294	301
402070_ITS_KP8LM_TCGTCGAT-GCTCTAGT_S24_L001_R1	2.0	3.0	8.0	1.0	4.0	13.0	18.0	14.0	0.0	0.0	0.0	0.0	0.0	0.0	0.0	0.0	2.0	7.0	3.0	0.0	1.0	1.0	0.0	0.0	0.0	0.0	4495.0	290884.0
	34	44	54	64	74	84	94	104	114	124	134	144	154	164	174	184	194	204	214	224	234	244	254	264	274	284	294	301
402071_ITS_KP8LM_GACTCTTG-GCTCTAGT_S25_L001_R1	2.0	8.0	8.0	0.0	1.0	10.0	10.0	3.0	0.0	0.0	0.0	0.0	0.0	0.0	0.0	0.0	4.0	11.0	0.0	0.0	0.0	0.0	1.0	1.0	0.0	0.0	3721.0	251019.0
	44	54	64	74	84	94	104	114	124	134	144	154	164	174	184	194	204	214	224	234	244	254	264	274	284	294	301
402072_ITS_KP8LM_TCGTCGAT-TGCGTACG_S26_L001_R1	6.0	5.0	0.0	10.0	5.0	3.0	2.0	0.0	0.0	0.0	0.0	0.0	1.0	0.0	0.0	1.0	4.0	2.0	0.0	0.0	0.0	0.0	0.0	0.0	0.0	14501.0	130807.0
	44	54	64	74	84	94	104	114	124	134	144	154	164	174	184	194	204	214	224	234	244	254	264	274	284	294	301
402073_ITS_KP8LM_GACTCTTG-GACACTGA_S27_L001_R1	1.0	8.0	0.0	4.0	3.0	7.0	0.0	0.0	0.0	0.0	0.0	0.0	1.0	0.0	0.0	0.0	5.0	0.0	0.0	0.0	0.0	1.0	0.0	0.0	0.0	5633.0	153993.0
	44	54	64	74	84	94	104	114	124	134	144	154	164	174	184	194	204	214	224	234	244	254	264	274	284	294	301
402074_ITS_KP8LM_ATTGGGCT-ACGACGTG_S28_L001_R1	2.0	4.0	0.0	4.0	2.0	0.0	0.0	0.0	0.0	0.0	0.0	0.0	0.0	0.0	0.0	0.0	6.0	0.0	0.0	0.0	0.0	0.0	0.0	0.0	0.0	365.0	52584.0
	34	44	54	64	74	84	94	104	114	124	134	144	154	164	174	184	194	204	214	224	234	244	254	264	274	284	294	301
402075_ITS_KP8LM_GACTCTTG-TGCGTACG_S29_L001_R1	2.0	6.0	9.0	0.0	10.0	9.0	3.0	5.0	0.0	0.0	0.0	0.0	0.0	0.0	0.0	0.0	1.0	3.0	2.0	0.0	1.0	0.0	3.0	0.0	1.0	0.0	11017.0	196691.0
	34	44	54	64	74	84	94	104	114	124	134	144	154	164	174	184	194	204	214	224	234	244	254	264	274	284	294	301
402076_ITS_KP8LM_ATTGGGCT-CGTCGCTA_S30_L001_R1	1.0	1.0	1.0	0.0	2.0	4.0	2.0	1.0	0.0	0.0	0.0	0.0	0.0	0.0	0.0	0.0	1.0	2.0	0.0	0.0	1.0	0.0	1.0	0.0	0.0	1.0	1825.0	67951.0
	44	54	64	74	84	94	104	114	124	134	144	154	164	174	184	194	204	214	224	234	244	254	264	274	284	294	301
402077_ITS_KP8LM_GACTCTTG-TAGTGTAG_S31_L001_R1	3.0	4.0	0.0	3.0	3.0	1.0	0.0	0.0	0.0	0.0	0.0	0.0	0.0	0.0	0.0	3.0	6.0	0.0	0.0	0.0	0.0	1.0	0.0	0.0	0.0	12609.0	84299.0
	82	87	92	97	102	107	112	117	122	127	132	137	142	147	152	157	162	167	172	177	182	187	192	197	202	207	212	217	222	227	232	237	242	247	252	257	262	267	272	277	282	287	292	297	301
402078_ITS_KP8LM_ATTGGGCT-GCTCTAGT_S32_L001_R1	1.0	1.0	1.0	0.0	0.0	1.0	0.0	0.0	0.0	0.0	0.0	0.0	0.0	0.0	0.0	0.0	0.0	0.0	0.0	0.0	0.0	0.0	0.0	0.0	1.0	0.0	0.0	0.0	0.0	0.0	0.0	0.0	0.0	0.0	0.0	2.0	0.0	0.0	0.0	0.0	0.0	0.0	2.0	594.0	49011.0
	52	57	62	67	72	77	82	87	92	97	102	107	112	117	122	127	132	137	142	147	152	157	162	167	172	177	182	187	192	197	202	207	212	217	222	227	232	237	242	247	252	257	262	267	272	277	282	287	292	297	301
402079_ITS_KP8LM_ATTGGGCT-GACACTGA_S33_L001_R1	4.0	0.0	0.0	0.0	0.0	0.0	1.0	1.0	0.0	1.0	0.0	1.0	0.0	0.0	0.0	0.0	0.0	0.0	0.0	0.0	0.0	0.0	0.0	0.0	0.0	0.0	0.0	0.0	0.0	1.0	0.0	0.0	1.0	0.0	0.0	0.0	1.0	0.0	0.0	0.0	0.0	0.0	0.0	0.0	0.0	0.0	0.0	0.0	1.0	5434.0	85307.0
	34	44	54	64	74	84	94	104	114	124	134	144	154	164	174	184	194	204	214	224	234	244	254	264	274	284	294	301
402080_ITS_KP8LM_ATTGGGCT-TGCGTACG_S34_L001_R1	1.0	2.0	3.0	0.0	1.0	3.0	1.0	0.0	0.0	0.0	0.0	0.0	0.0	0.0	0.0	0.0	0.0	3.0	0.0	0.0	0.0	0.0	0.0	0.0	0.0	0.0	1146.0	43618.0
	44	54	64	74	84	94	104	114	124	134	144	154	164	174	184	194	204	214	224	234	244	254	264	274	284	294	301
402081_ITS_KP8LM_GCAGGATA-ACGACGTG_S35_L001_R1	10.0	11.0	0.0	9.0	15.0	2.0	4.0	0.0	0.0	0.0	0.0	0.0	0.0	0.0	0.0	4.0	11.0	3.0	1.0	1.0	0.0	1.0	0.0	0.0	0.0	26833.0	283524.0
	34	44	54	64	74	84	94	104	114	124	134	144	154	164	174	184	194	204	214	224	234	244	254	264	274	284	294	301
402082_ITS_KP8LM_ACCACATA-ACGACGTG_S36_L001_R1	1.0	5.0	18.0	0.0	7.0	13.0	2.0	7.0	0.0	0.0	0.0	0.0	0.0	0.0	0.0	0.0	7.0	12.0	4.0	0.0	0.0	0.0	2.0	0.0	0.0	0.0	4271.0	309500.0
	296	297	298	299	300	301
402083_ITS_KP8LM_ACCACATA-ATATACAC_S37_L001_R1	1.0	2.0	5.0	48.0	172.0	1163.0
	34	44	54	64	74	84	94	104	114	124	134	144	154	164	174	184	194	204	214	224	234	244	254	264	274	284	294	301
402084_ITS_KP8LM_ACCACATA-CGTCGCTA_S38_L001_R1	1.0	1.0	2.0	0.0	0.0	3.0	2.0	0.0	0.0	0.0	0.0	0.0	0.0	0.0	0.0	0.0	2.0	4.0	0.0	0.0	0.0	0.0	2.0	0.0	0.0	0.0	1877.0	85957.0
	44	54	64	74	84	94	104	114	124	134	144	154	164	174	184	194	204	214	224	234	244	254	264	274	284	294	301
402085_ITS_KP8LM_ACCACATA-CTAGAGCT_S39_L001_R1	3.0	19.0	0.0	2.0	16.0	6.0	7.0	0.0	0.0	0.0	0.0	0.0	0.0	0.0	0.0	0.0	16.0	1.0	0.0	2.0	1.0	1.0	1.0	0.0	0.0	17423.0	277260.0
	44	54	64	74	84	94	104	114	124	134	144	154	164	174	184	194	204	214	224	234	244	254	264	274	284	294	301
402086_ITS_KP8LM_ACCACATA-GCTCTAGT_S40_L001_R1	5.0	19.0	1.0	7.0	8.0	4.0	3.0	1.0	0.0	0.0	0.0	0.0	0.0	0.0	0.0	0.0	23.0	2.0	0.0	0.0	1.0	2.0	0.0	0.0	1.0	5888.0	290742.0
	44	54	64	74	84	94	104	114	124	134	144	154	164	174	184	194	204	214	224	234	244	254	264	274	284	294	301
402087_ITS_KP8LM_GCAGGATA-CGTCGCTA_S41_L001_R1	4.0	7.0	0.0	16.0	14.0	5.0	4.0	0.0	0.0	0.0	0.0	0.0	0.0	0.0	0.0	3.0	5.0	3.0	0.0	0.0	0.0	1.0	0.0	0.0	0.0	8594.0	270585.0
	34	44	54	64	74	84	94	104	114	124	134	144	154	164	174	184	194	204	214	224	234	244	254	264	274	284	294	301
402088_ITS_KP8LM_ACCACATA-TGCGTACG_S42_L001_R1	1.0	3.0	7.0	0.0	9.0	13.0	3.0	2.0	0.0	0.0	0.0	0.0	0.0	0.0	0.0	0.0	2.0	10.0	0.0	0.0	0.0	0.0	2.0	0.0	0.0	0.0	3829.0	160360.0
	295	296	297	298	299	300	301
402089_ITS_KP8LM_ACCACATA-TAGTGTAG_S43_L001_R1	2.0	0.0	3.0	6.0	120.0	1241.0	2529.0
	34	44	54	64	74	84	94	104	114	124	134	144	154	164	174	184	194	204	214	224	234	244	254	264	274	284	294	301
402090_ITS_KP8LM_GCAGGATA-GCTCTAGT_S44_L001_R1	3.0	10.0	14.0	0.0	12.0	18.0	11.0	4.0	0.0	0.0	0.0	0.0	0.0	0.0	0.0	0.0	2.0	15.0	0.0	1.0	5.0	1.0	1.0	0.0	0.0	1.0	19724.0	377566.0
	34	44	54	64	74	84	94	104	114	124	134	144	154	164	174	184	194	204	214	224	234	244	254	264	274	284	294	301
402091_ITS_KP8LM_GCAGGATA-GACACTGA_S45_L001_R1	1.0	2.0	5.0	1.0	0.0	2.0	3.0	3.0	0.0	0.0	0.0	0.0	0.0	0.0	0.0	0.0	1.0	4.0	0.0	0.0	0.0	1.0	1.0	0.0	0.0	0.0	24452.0	80142.0
	47	52	57	62	67	72	77	82	87	92	97	102	107	112	117	122	127	132	137	142	147	152	157	162	167	172	177	182	187	192	197	202	207	212	217	222	227	232	237	242	247	252	257	262	267	272	277	282	287	292	297	301
402092_ITS_KP8LM_AACACAAG-CGTCGCTA_S46_L001_R1	1.0	12.0	0.0	0.0	0.0	0.0	7.0	4.0	4.0	2.0	4.0	2.0	7.0	0.0	0.0	0.0	0.0	0.0	0.0	0.0	0.0	0.0	0.0	0.0	0.0	0.0	0.0	0.0	0.0	0.0	0.0	5.0	2.0	1.0	0.0	0.0	0.0	1.0	0.0	0.0	0.0	0.0	0.0	0.0	0.0	0.0	0.0	0.0	0.0	2.0	5451.0	207842.0
	44	54	64	74	84	94	104	114	124	134	144	154	164	174	184	194	204	214	224	234	244	254	264	274	284	294	301
402093_ITS_KP8LM_GCAGGATA-TGCGTACG_S47_L001_R1	5.0	9.0	0.0	10.0	16.0	14.0	4.0	0.0	0.0	0.0	0.0	0.0	0.0	0.0	0.0	7.0	15.0	11.0	0.0	1.0	1.0	0.0	0.0	1.0	0.0	17385.0	330690.0
	34	44	54	64	74	84	94	104	114	124	134	144	154	164	174	184	194	204	214	224	234	244	254	264	274	284	294	301
402094_ITS_KP8LM_AACACAAG-GCTCTAGT_S48_L001_R1	1.0	7.0	15.0	0.0	6.0	13.0	6.0	4.0	0.0	0.0	0.0	0.0	0.0	0.0	0.0	0.0	2.0	5.0	3.0	1.0	2.0	0.0	2.0	0.0	0.0	0.0	3602.0	247153.0
	44	54	64	74	84	94	104	114	124	134	144	154	164	174	184	194	204	214	224	234	244	254	264	274	284	294	301
402095_ITS_KP8LM_GCAGGATA-TAGTGTAG_S49_L001_R1	1.0	7.0	0.0	0.0	0.0	0.0	1.0	0.0	0.0	0.0	0.0	0.0	0.0	0.0	0.0	0.0	0.0	0.0	0.0	0.0	1.0	0.0	0.0	0.0	1.0	836.0	26709.0
	34	44	54	64	74	84	94	104	114	124	134	144	154	164	174	184	194	204	214	224	234	244	254	264	274	284	294	301
402096_ITS_KP8LM_AACACAAG-TGCGTACG_S50_L001_R1	1.0	2.0	2.0	0.0	2.0	0.0	2.0	2.0	0.0	0.0	0.0	0.0	0.0	0.0	0.0	0.0	0.0	2.0	1.0	0.0	0.0	0.0	1.0	0.0	0.0	0.0	777.0	66853.0
	44	54	64	74	84	94	104	114	124	134	144	154	164	174	184	194	204	214	224	234	244	254	264	274	284	294	301
402097_ITS_KP8LM_AACACAAG-TAGTGTAG_S51_L001_R1	1.0	1.0	1.0	4.0	2.0	1.0	3.0	0.0	0.0	0.0	0.0	0.0	0.0	0.0	0.0	2.0	4.0	0.0	0.0	2.0	0.0	0.0	0.0	0.0	0.0	3709.0	77580.0
	77	82	87	92	97	102	107	112	117	122	127	132	137	142	147	152	157	162	167	172	177	182	187	192	197	202	207	212	217	222	227	232	237	242	247	252	257	262	267	272	277	282	287	292	297	301
402098_ITS_KP8LM_AATGTCCG-ACGACGTG_S52_L001_R1	3.0	0.0	1.0	0.0	1.0	1.0	0.0	0.0	0.0	0.0	0.0	0.0	0.0	0.0	0.0	0.0	0.0	0.0	0.0	0.0	0.0	0.0	0.0	0.0	0.0	1.0	0.0	0.0	0.0	0.0	0.0	0.0	0.0	0.0	0.0	0.0	1.0	0.0	0.0	0.0	0.0	0.0	0.0	5.0	898.0	41686.0
	47	52	57	62	67	72	77	82	87	92	97	102	107	112	117	122	127	132	137	142	147	152	157	162	167	172	177	182	187	192	197	202	207	212	217	222	227	232	237	242	247	252	257	262	267	272	277	282	287	292	297	301
402099_ITS_KP8LM_AATGTCCG-ATATACAC_S53_L001_R1	3.0	6.0	0.0	0.0	0.0	0.0	4.0	6.0	3.0	4.0	3.0	0.0	1.0	0.0	0.0	0.0	0.0	0.0	0.0	0.0	0.0	0.0	0.0	0.0	0.0	0.0	0.0	0.0	0.0	0.0	0.0	9.0	1.0	1.0	0.0	0.0	0.0	0.0	0.0	0.0	0.0	2.0	0.0	0.0	0.0	0.0	0.0	0.0	0.0	8.0	8579.0	208254.0
	44	54	64	74	84	94	104	114	124	134	144	154	164	174	184	194	204	214	224	234	244	254	264	274	284	294	301
402100_ITS_KP8LM_AATGTCCG-CGTCGCTA_S54_L001_R1	1.0	5.0	0.0	3.0	0.0	3.0	1.0	0.0	0.0	0.0	0.0	0.0	0.0	0.0	0.0	0.0	2.0	0.0	0.0	0.0	0.0	0.0	0.0	0.0	0.0	1589.0	53343.0
	44	54	64	74	84	94	104	114	124	134	144	154	164	174	184	194	204	214	224	234	244	254	264	274	284	294	301
402101_ITS_KP8LM_CGTCCGAA-ACGACGTG_S55_L001_R1	2.0	15.0	0.0	4.0	8.0	4.0	4.0	2.0	0.0	0.0	0.0	0.0	0.0	0.0	0.0	0.0	12.0	0.0	0.0	1.0	0.0	1.0	0.0	0.0	0.0	12009.0	187707.0
	47	52	57	62	67	72	77	82	87	92	97	102	107	112	117	122	127	132	137	142	147	152	157	162	167	172	177	182	187	192	197	202	207	212	217	222	227	232	237	242	247	252	257	262	267	272	277	282	287	292	297	301
402102_ITS_KP8LM_AATGTCCG-GCTCTAGT_S56_L001_R1	1.0	2.0	0.0	0.0	0.0	0.0	2.0	1.0	3.0	1.0	0.0	0.0	0.0	0.0	0.0	0.0	0.0	0.0	0.0	0.0	0.0	0.0	0.0	0.0	0.0	0.0	0.0	0.0	0.0	0.0	0.0	0.0	1.0	0.0	0.0	0.0	0.0	0.0	0.0	1.0	0.0	0.0	0.0	0.0	0.0	0.0	0.0	0.0	0.0	2.0	1161.0	57075.0
	296	297	298	299	300	301
402103_ITS_KP8LM_AATGTCCG-GACACTGA_S57_L001_R1	1.0	2.0	19.0	22.0	171.0	941.0
	44	54	64	74	84	94	104	114	124	134	144	154	164	174	184	194	204	214	224	234	244	254	264	274	284	294	301
402104_ITS_KP8LM_AATGTCCG-TGCGTACG_S58_L001_R1	2.0	1.0	0.0	0.0	0.0	0.0	3.0	0.0	0.0	0.0	0.0	0.0	0.0	0.0	0.0	0.0	1.0	0.0	0.0	0.0	0.0	0.0	0.0	0.0	0.0	952.0	58932.0
	34	44	54	64	74	84	94	104	114	124	134	144	154	164	174	184	194	204	214	224	234	244	254	264	274	284	294	301
402105_ITS_KP8LM_AATGTCCG-TAGTGTAG_S59_L001_R1	1.0	1.0	10.0	0.0	2.0	3.0	6.0	4.0	0.0	0.0	0.0	0.0	0.0	0.0	0.0	0.0	2.0	5.0	2.0	0.0	0.0	1.0	2.0	0.0	0.0	0.0	4181.0	162329.0
	52	57	62	67	72	77	82	87	92	97	102	107	112	117	122	127	132	137	142	147	152	157	162	167	172	177	182	187	192	197	202	207	212	217	222	227	232	237	242	247	252	257	262	267	272	277	282	287	292	297	301
402106_ITS_KP8LM_TACTTCGC-ACGACGTG_S60_L001_R1	3.0	0.0	0.0	0.0	0.0	0.0	0.0	0.0	0.0	0.0	0.0	1.0	0.0	0.0	0.0	0.0	0.0	0.0	0.0	0.0	0.0	0.0	0.0	0.0	0.0	0.0	0.0	0.0	0.0	0.0	0.0	1.0	0.0	0.0	0.0	0.0	0.0	0.0	0.0	0.0	0.0	0.0	0.0	0.0	0.0	0.0	0.0	0.0	15.0	1338.0	39771.0
	44	54	64	74	84	94	104	114	124	134	144	154	164	174	184	194	204	214	224	234	244	254	264	274	284	294	301
402107_ITS_KP8LM_TACTTCGC-ATATACAC_S61_L001_R1	8.0	21.0	0.0	11.0	11.0	8.0	8.0	0.0	0.0	0.0	0.0	0.0	0.0	0.0	0.0	4.0	15.0	1.0	2.0	1.0	1.0	3.0	0.0	0.0	1.0	12405.0	405295.0
	52	57	62	67	72	77	82	87	92	97	102	107	112	117	122	127	132	137	142	147	152	157	162	167	172	177	182	187	192	197	202	207	212	217	222	227	232	237	242	247	252	257	262	267	272	277	282	287	292	297	301
402108_ITS_KP8LM_TACTTCGC-CGTCGCTA_S62_L001_R1	2.0	0.0	0.0	0.0	0.0	3.0	2.0	0.0	0.0	2.0	0.0	3.0	0.0	0.0	0.0	0.0	0.0	0.0	0.0	0.0	0.0	0.0	0.0	0.0	0.0	0.0	0.0	0.0	0.0	0.0	2.0	2.0	0.0	0.0	0.0	0.0	0.0	0.0	0.0	0.0	2.0	0.0	0.0	0.0	0.0	0.0	0.0	0.0	1.0	3428.0	57695.0
	34	44	54	64	74	84	94	104	114	124	134	144	154	164	174	184	194	204	214	224	234	244	254	264	274	284	294	301
402109_ITS_KP8LM_TACTTCGC-CTAGAGCT_S63_L001_R1	1.0	5.0	4.0	0.0	7.0	7.0	5.0	0.0	0.0	0.0	0.0	0.0	0.0	1.0	0.0	0.0	1.0	8.0	0.0	0.0	0.0	0.0	0.0	0.0	0.0	0.0	4189.0	101898.0
	47	52	57	62	67	72	77	82	87	92	97	102	107	112	117	122	127	132	137	142	147	152	157	162	167	172	177	182	187	192	197	202	207	212	217	222	227	232	237	242	247	252	257	262	267	272	277	282	287	292	297	301
402110_ITS_KP8LM_TACTTCGC-GCTCTAGT_S64_L001_R1	2.0	3.0	0.0	0.0	0.0	0.0	1.0	0.0	0.0	1.0	1.0	3.0	0.0	0.0	0.0	0.0	0.0	0.0	0.0	0.0	0.0	0.0	0.0	0.0	0.0	0.0	0.0	0.0	0.0	0.0	1.0	4.0	2.0	0.0	0.0	0.0	0.0	0.0	0.0	0.0	0.0	0.0	0.0	0.0	0.0	0.0	0.0	0.0	0.0	2.0	5266.0	83189.0
	44	54	64	74	84	94	104	114	124	134	144	154	164	174	184	194	204	214	224	234	244	254	264	274	284	294	301
402111_ITS_KP8LM_CGTCCGAA-CGTCGCTA_S65_L001_R1	2.0	8.0	0.0	1.0	2.0	0.0	1.0	0.0	0.0	0.0	0.0	0.0	0.0	0.0	0.0	0.0	6.0	1.0	0.0	1.0	0.0	1.0	0.0	0.0	1.0	7477.0	93341.0
	44	54	64	74	84	94	104	114	124	134	144	154	164	174	184	194	204	214	224	234	244	254	264	274	284	294	301
402112_ITS_KP8LM_TACTTCGC-TGCGTACG_S66_L001_R1	3.0	1.0	0.0	1.0	6.0	2.0	2.0	0.0	0.0	0.0	0.0	0.0	0.0	0.0	0.0	2.0	2.0	0.0	0.0	1.0	0.0	0.0	0.0	0.0	0.0	2901.0	60371.0
	34	44	54	64	74	84	94	104	114	124	134	144	154	164	174	184	194	204	214	224	234	244	254	264	274	284	294	301
402113_ITS_KP8LM_TACTTCGC-TAGTGTAG_S67_L001_R1	1.0	1.0	13.0	0.0	13.0	8.0	1.0	3.0	0.0	0.0	0.0	0.0	0.0	0.0	0.0	0.0	2.0	7.0	3.0	2.0	1.0	0.0	1.0	0.0	0.0	1.0	10156.0	222277.0
	52	57	62	67	72	77	82	87	92	97	102	107	112	117	122	127	132	137	142	147	152	157	162	167	172	177	182	187	192	197	202	207	212	217	222	227	232	237	242	247	252	257	262	267	272	277	282	287	292	297	301
402114_ITS_KP8LM_GCTTCGGT-ACGACGTG_S68_L001_R1	2.0	0.0	0.0	0.0	0.0	2.0	1.0	0.0	0.0	0.0	1.0	0.0	0.0	0.0	0.0	0.0	0.0	0.0	0.0	0.0	0.0	0.0	0.0	0.0	0.0	0.0	0.0	0.0	0.0	0.0	2.0	0.0	0.0	0.0	0.0	0.0	0.0	0.0	0.0	0.0	1.0	0.0	0.0	0.0	0.0	0.0	0.0	0.0	0.0	1162.0	39154.0
	77	82	87	92	97	102	107	112	117	122	127	132	137	142	147	152	157	162	167	172	177	182	187	192	197	202	207	212	217	222	227	232	237	242	247	252	257	262	267	272	277	282	287	292	297	301
402115_ITS_KP8LM_GCTTCGGT-ATATACAC_S69_L001_R1	1.0	0.0	1.0	0.0	0.0	0.0	1.0	0.0	0.0	0.0	0.0	0.0	0.0	0.0	0.0	0.0	0.0	0.0	0.0	0.0	0.0	0.0	0.0	0.0	0.0	0.0	0.0	1.0	0.0	0.0	0.0	0.0	0.0	0.0	0.0	0.0	0.0	0.0	0.0	0.0	0.0	0.0	0.0	0.0	1047.0	46695.0
	52	57	62	67	72	77	82	87	92	97	102	107	112	117	122	127	132	137	142	147	152	157	162	167	172	177	182	187	192	197	202	207	212	217	222	227	232	237	242	247	252	257	262	267	272	277	282	287	292	297	301
402116_ITS_KP8LM_GCTTCGGT-CGTCGCTA_S70_L001_R1	2.0	0.0	0.0	0.0	0.0	1.0	0.0	0.0	0.0	1.0	0.0	0.0	0.0	0.0	0.0	0.0	0.0	0.0	0.0	0.0	0.0	0.0	0.0	0.0	0.0	0.0	0.0	0.0	0.0	0.0	0.0	0.0	0.0	0.0	0.0	0.0	0.0	0.0	0.0	0.0	1.0	0.0	0.0	0.0	0.0	0.0	0.0	0.0	1.0	2622.0	33133.0
	44	54	64	74	84	94	104	114	124	134	144	154	164	174	184	194	204	214	224	234	244	254	264	274	284	294	301
402117_ITS_KP8LM_GCTTCGGT-CTAGAGCT_S71_L001_R1	2.0	3.0	0.0	1.0	5.0	0.0	0.0	0.0	0.0	0.0	0.0	0.0	0.0	0.0	0.0	0.0	2.0	0.0	0.0	0.0	0.0	0.0	0.0	0.0	0.0	2586.0	45898.0
	52	57	62	67	72	77	82	87	92	97	102	107	112	117	122	127	132	137	142	147	152	157	162	167	172	177	182	187	192	197	202	207	212	217	222	227	232	237	242	247	252	257	262	267	272	277	282	287	292	297	301
402118_ITS_KP8LM_GCTTCGGT-GCTCTAGT_S72_L001_R1	1.0	0.0	0.0	0.0	0.0	0.0	1.0	0.0	0.0	0.0	0.0	0.0	0.0	0.0	0.0	0.0	0.0	0.0	0.0	0.0	0.0	0.0	0.0	0.0	0.0	0.0	0.0	0.0	0.0	0.0	0.0	0.0	0.0	0.0	0.0	0.0	0.0	0.0	0.0	0.0	0.0	0.0	0.0	0.0	0.0	0.0	0.0	0.0	2.0	3438.0	33128.0
	47	52	57	62	67	72	77	82	87	92	97	102	107	112	117	122	127	132	137	142	147	152	157	162	167	172	177	182	187	192	197	202	207	212	217	222	227	232	237	242	247	252	257	262	267	272	277	282	287	292	297	301
402119_ITS_KP8LM_GCTTCGGT-GACACTGA_S73_L001_R1	1.0	2.0	1.0	0.0	0.0	0.0	0.0	2.0	0.0	1.0	0.0	0.0	0.0	0.0	0.0	0.0	0.0	0.0	0.0	0.0	0.0	0.0	0.0	0.0	0.0	0.0	0.0	0.0	0.0	0.0	0.0	0.0	1.0	0.0	0.0	0.0	0.0	0.0	0.0	0.0	0.0	1.0	0.0	0.0	0.0	0.0	0.0	0.0	0.0	0.0	1890.0	32755.0
	52	57	62	67	72	77	82	87	92	97	102	107	112	117	122	127	132	137	142	147	152	157	162	167	172	177	182	187	192	197	202	207	212	217	222	227	232	237	242	247	252	257	262	267	272	277	282	287	292	297	301
402120_ITS_KP8LM_GCTTCGGT-TGCGTACG_S74_L001_R1	4.0	0.0	0.0	0.0	0.0	1.0	0.0	0.0	1.0	2.0	0.0	1.0	0.0	0.0	0.0	0.0	0.0	0.0	0.0	0.0	0.0	0.0	0.0	0.0	0.0	0.0	0.0	0.0	0.0	1.0	0.0	1.0	0.0	0.0	0.0	0.0	0.0	0.0	0.0	0.0	0.0	0.0	0.0	0.0	0.0	0.0	0.0	0.0	1.0	1131.0	28471.0
	52	57	62	67	72	77	82	87	92	97	102	107	112	117	122	127	132	137	142	147	152	157	162	167	172	177	182	187	192	197	202	207	212	217	222	227	232	237	242	247	252	257	262	267	272	277	282	287	292	297	301
402121_ITS_KP8LM_GCTTCGGT-TAGTGTAG_S75_L001_R1	1.0	0.0	0.0	0.0	0.0	0.0	2.0	0.0	0.0	0.0	0.0	0.0	0.0	0.0	0.0	0.0	0.0	0.0	0.0	0.0	0.0	0.0	0.0	0.0	0.0	0.0	0.0	0.0	0.0	0.0	1.0	0.0	1.0	0.0	0.0	0.0	0.0	0.0	0.0	0.0	0.0	0.0	0.0	0.0	0.0	0.0	0.0	0.0	1.0	1262.0	35413.0
	44	54	64	74	84	94	104	114	124	134	144	154	164	174	184	194	204	214	224	234	244	254	264	274	284	294	301
402122_ITS_KP8LM_CTTACACC-ACGACGTG_S76_L001_R1	2.0	1.0	0.0	1.0	4.0	1.0	0.0	0.0	0.0	0.0	0.0	0.0	0.0	0.0	0.0	0.0	0.0	0.0	0.0	0.0	0.0	0.0	0.0	0.0	0.0	2254.0	40815.0
	82	87	92	97	102	107	112	117	122	127	132	137	142	147	152	157	162	167	172	177	182	187	192	197	202	207	212	217	222	227	232	237	242	247	252	257	262	267	272	277	282	287	292	297	301
402123_ITS_KP8LM_CTTACACC-ATATACAC_S77_L001_R1	3.0	0.0	0.0	0.0	0.0	1.0	0.0	0.0	0.0	0.0	0.0	0.0	0.0	0.0	0.0	0.0	0.0	0.0	0.0	0.0	0.0	0.0	0.0	0.0	1.0	0.0	0.0	0.0	0.0	0.0	0.0	0.0	0.0	0.0	0.0	0.0	0.0	0.0	0.0	0.0	0.0	0.0	3.0	2032.0	49748.0
	52	57	62	67	72	77	82	87	92	97	102	107	112	117	122	127	132	137	142	147	152	157	162	167	172	177	182	187	192	197	202	207	212	217	222	227	232	237	242	247	252	257	262	267	272	277	282	287	292	297	301
402124_ITS_KP8LM_CTTACACC-CGTCGCTA_S78_L001_R1	1.0	0.0	0.0	0.0	0.0	2.0	0.0	0.0	0.0	0.0	0.0	0.0	0.0	0.0	0.0	0.0	0.0	0.0	0.0	0.0	0.0	0.0	0.0	0.0	0.0	0.0	0.0	0.0	0.0	0.0	2.0	0.0	0.0	0.0	0.0	0.0	0.0	0.0	0.0	0.0	0.0	1.0	0.0	0.0	0.0	0.0	0.0	0.0	1.0	1995.0	32919.0
	44	54	64	74	84	94	104	114	124	134	144	154	164	174	184	194	204	214	224	234	244	254	264	274	284	294	301
402125_ITS_KP8LM_CTTACACC-CTAGAGCT_S79_L001_R1	1.0	1.0	0.0	3.0	1.0	2.0	1.0	0.0	0.0	0.0	0.0	0.0	0.0	0.0	0.0	1.0	3.0	0.0	0.0	0.0	0.0	0.0	0.0	0.0	0.0	1523.0	44113.0
	47	52	57	62	67	72	77	82	87	92	97	102	107	112	117	122	127	132	137	142	147	152	157	162	167	172	177	182	187	192	197	202	207	212	217	222	227	232	237	242	247	252	257	262	267	272	277	282	287	292	297	301
402126_ITS_KP8LM_CTTACACC-GCTCTAGT_S80_L001_R1	1.0	1.0	0.0	0.0	0.0	0.0	1.0	0.0	0.0	2.0	1.0	1.0	2.0	0.0	0.0	0.0	0.0	0.0	0.0	0.0	0.0	0.0	0.0	0.0	0.0	0.0	0.0	0.0	0.0	0.0	1.0	1.0	0.0	0.0	0.0	0.0	0.0	0.0	0.0	0.0	0.0	0.0	0.0	0.0	0.0	0.0	0.0	0.0	0.0	1.0	1101.0	45585.0
	44	54	64	74	84	94	104	114	124	134	144	154	164	174	184	194	204	214	224	234	244	254	264	274	284	294	301
402127_ITS_KP8LM_CTTACACC-GACACTGA_S81_L001_R1	3.0	2.0	0.0	4.0	2.0	1.0	1.0	0.0	0.0	0.0	0.0	0.0	0.0	0.0	0.0	0.0	2.0	1.0	0.0	0.0	0.0	1.0	0.0	0.0	0.0	1779.0	50962.0
	197	202	207	212	217	222	227	232	237	242	247	252	257	262	267	272	277	282	287	292	297	301
402128_ITS_KP8LM_CTTACACC-TGCGTACG_S82_L001_R1	1.0	0.0	1.0	0.0	0.0	0.0	0.0	0.0	0.0	0.0	0.0	0.0	0.0	0.0	0.0	0.0	0.0	0.0	0.0	0.0	132.0	2041.0
	44	54	64	74	84	94	104	114	124	134	144	154	164	174	184	194	204	214	224	234	244	254	264	274	284	294	301
402129_ITS_KP8LM_CTTACACC-TAGTGTAG_S83_L001_R1	2.0	0.0	0.0	0.0	0.0	1.0	2.0	0.0	0.0	0.0	0.0	0.0	0.0	0.0	0.0	1.0	2.0	0.0	0.0	0.0	0.0	0.0	0.0	0.0	0.0	1675.0	53130.0
	44	54	64	74	84	94	104	114	124	134	144	154	164	174	184	194	204	214	224	234	244	254	264	274	284	294	301
402130_ITS_KP8LM_TGACCTCC-ACGACGTG_S84_L001_R1	2.0	2.0	0.0	2.0	1.0	0.0	2.0	0.0	0.0	0.0	0.0	0.0	0.0	0.0	0.0	1.0	2.0	1.0	0.0	1.0	0.0	0.0	0.0	0.0	0.0	1554.0	61954.0
	44	54	64	74	84	94	104	114	124	134	144	154	164	174	184	194	204	214	224	234	244	254	264	274	284	294	301
402131_ITS_KP8LM_TGACCTCC-ATATACAC_S85_L001_R1	2.0	1.0	0.0	4.0	3.0	0.0	1.0	0.0	0.0	0.0	0.0	0.0	0.0	0.0	0.0	1.0	2.0	1.0	0.0	0.0	0.0	0.0	0.0	0.0	0.0	2392.0	61776.0
	44	54	64	74	84	94	104	114	124	134	144	154	164	174	184	194	204	214	224	234	244	254	264	274	284	294	301
402132_ITS_KP8LM_TGACCTCC-CGTCGCTA_S86_L001_R1	3.0	2.0	0.0	1.0	1.0	0.0	1.0	1.0	0.0	0.0	0.0	0.0	0.0	0.0	0.0	0.0	1.0	0.0	0.0	0.0	0.0	0.0	0.0	0.0	0.0	2038.0	60676.0
	47	52	57	62	67	72	77	82	87	92	97	102	107	112	117	122	127	132	137	142	147	152	157	162	167	172	177	182	187	192	197	202	207	212	217	222	227	232	237	242	247	252	257	262	267	272	277	282	287	292	297	301
402133_ITS_KP8LM_TGACCTCC-CTAGAGCT_S87_L001_R1	1.0	4.0	0.0	0.0	0.0	0.0	5.0	1.0	0.0	0.0	1.0	0.0	2.0	0.0	0.0	0.0	0.0	0.0	0.0	0.0	0.0	0.0	1.0	0.0	0.0	0.0	0.0	0.0	0.0	0.0	0.0	3.0	0.0	2.0	0.0	0.0	0.0	0.0	0.0	0.0	0.0	0.0	0.0	0.0	0.0	0.0	0.0	0.0	0.0	0.0	2224.0	71886.0
	44	54	64	74	84	94	104	114	124	134	144	154	164	174	184	194	204	214	224	234	244	254	264	274	284	294	301
402134_ITS_KP8LM_TGACCTCC-GCTCTAGT_S88_L001_R1	2.0	1.0	0.0	4.0	4.0	2.0	1.0	0.0	0.0	0.0	0.0	0.0	0.0	0.0	0.0	0.0	4.0	0.0	0.0	1.0	0.0	1.0	0.0	0.0	0.0	2331.0	60302.0
	44	54	64	74	84	94	104	114	124	134	144	154	164	174	184	194	204	214	224	234	244	254	264	274	284	294	301
402135_ITS_KP8LM_TGACCTCC-GACACTGA_S89_L001_R1	2.0	2.0	0.0	0.0	2.0	2.0	0.0	0.0	0.0	0.0	0.0	0.0	0.0	0.0	0.0	0.0	3.0	0.0	0.0	2.0	1.0	2.0	0.0	0.0	0.0	4268.0	86850.0
	52	57	62	67	72	77	82	87	92	97	102	107	112	117	122	127	132	137	142	147	152	157	162	167	172	177	182	187	192	197	202	207	212	217	222	227	232	237	242	247	252	257	262	267	272	277	282	287	292	297	301
402136_ITS_KP8LM_TGACCTCC-TGCGTACG_S90_L001_R1	1.0	0.0	0.0	0.0	0.0	2.0	1.0	2.0	1.0	0.0	0.0	0.0	0.0	0.0	0.0	0.0	0.0	0.0	0.0	0.0	0.0	0.0	0.0	0.0	0.0	0.0	0.0	0.0	0.0	0.0	2.0	1.0	0.0	0.0	0.0	1.0	0.0	0.0	0.0	0.0	0.0	0.0	0.0	0.0	0.0	0.0	0.0	0.0	0.0	3642.0	52971.0
	44	54	64	74	84	94	104	114	124	134	144	154	164	174	184	194	204	214	224	234	244	254	264	274	284	294	301
402137_ITS_KP8LM_TGACCTCC-TAGTGTAG_S91_L001_R1	2.0	3.0	0.0	3.0	2.0	0.0	1.0	0.0	0.0	0.0	0.0	0.0	0.0	0.0	0.0	0.0	2.0	1.0	0.0	0.0	0.0	1.0	0.0	0.0	0.0	2025.0	61538.0
	44	54	64	74	84	94	104	114	124	134	144	154	164	174	184	194	204	214	224	234	244	254	264	274	284	294	301
402138_ITS_KP8LM_ACAAGGAG-ACGACGTG_S92_L001_R1	1.0	2.0	0.0	5.0	3.0	1.0	0.0	0.0	0.0	0.0	0.0	0.0	0.0	0.0	0.0	0.0	0.0	0.0	0.0	0.0	1.0	0.0	0.0	0.0	0.0	2074.0	46874.0
	47	52	57	62	67	72	77	82	87	92	97	102	107	112	117	122	127	132	137	142	147	152	157	162	167	172	177	182	187	192	197	202	207	212	217	222	227	232	237	242	247	252	257	262	267	272	277	282	287	292	297	301
402139_ITS_KP8LM_ACAAGGAG-ATATACAC_S93_L001_R1	1.0	4.0	1.0	0.0	0.0	1.0	3.0	3.0	0.0	0.0	0.0	1.0	0.0	0.0	0.0	0.0	0.0	0.0	0.0	0.0	0.0	0.0	0.0	0.0	0.0	0.0	0.0	0.0	0.0	0.0	1.0	2.0	4.0	0.0	0.0	0.0	1.0	0.0	0.0	0.0	0.0	1.0	1.0	0.0	0.0	0.0	0.0	0.0	0.0	5.0	2230.0	74276.0
	47	52	57	62	67	72	77	82	87	92	97	102	107	112	117	122	127	132	137	142	147	152	157	162	167	172	177	182	187	192	197	202	207	212	217	222	227	232	237	242	247	252	257	262	267	272	277	282	287	292	297	301
402140_ITS_KP8LM_ACAAGGAG-CGTCGCTA_S94_L001_R1	1.0	3.0	0.0	0.0	0.0	0.0	0.0	1.0	1.0	0.0	1.0	0.0	1.0	0.0	0.0	0.0	0.0	0.0	0.0	0.0	0.0	0.0	0.0	0.0	0.0	0.0	0.0	0.0	0.0	0.0	0.0	0.0	0.0	0.0	0.0	0.0	0.0	0.0	0.0	0.0	0.0	1.0	1.0	0.0	0.0	0.0	0.0	0.0	0.0	3.0	1619.0	41468.0
	34	44	54	64	74	84	94	104	114	124	134	144	154	164	174	184	194	204	214	224	234	244	254	264	274	284	294	301
402141_ITS_KP8LM_ACAAGGAG-CTAGAGCT_S95_L001_R1	1.0	2.0	6.0	0.0	3.0	1.0	1.0	1.0	0.0	0.0	0.0	0.0	0.0	0.0	0.0	0.0	0.0	2.0	1.0	0.0	0.0	0.0	0.0	0.0	0.0	0.0	1017.0	39889.0
	44	54	64	74	84	94	104	114	124	134	144	154	164	174	184	194	204	214	224	234	244	254	264	274	284	294	301
402142_ITS_KP8LM_ACAAGGAG-GCTCTAGT_S96_L001_R1	1.0	4.0	0.0	2.0	2.0	1.0	4.0	0.0	0.0	0.0	0.0	0.0	0.0	0.0	0.0	0.0	6.0	1.0	0.0	0.0	0.0	1.0	0.0	0.0	0.0	1390.0	51808.0
	44	54	64	74	84	94	104	114	124	134	144	154	164	174	184	194	204	214	224	234	244	254	264	274	284	294	301
402143_ITS_KP8LM_TCTGTTGC-CTAGAGCT_S97_L001_R1	8.0	23.0	0.0	5.0	16.0	6.0	9.0	0.0	0.0	0.0	0.0	1.0	0.0	1.0	0.0	3.0	13.0	4.0	0.0	0.0	1.0	0.0	0.0	0.0	0.0	8765.0	366372.0
	34	44	54	64	74	84	94	104	114	124	134	144	154	164	174	184	194	204	214	224	234	244	254	264	274	284	294	301
402144_ITS_KP8LM_TCTGTTGC-GCTCTAGT_S98_L001_R1	1.0	2.0	1.0	0.0	0.0	3.0	0.0	0.0	0.0	0.0	0.0	0.0	0.0	0.0	0.0	0.0	2.0	2.0	1.0	0.0	0.0	0.0	0.0	0.0	0.0	0.0	1369.0	55416.0
	77	82	87	92	97	102	107	112	117	122	127	132	137	142	147	152	157	162	167	172	177	182	187	192	197	202	207	212	217	222	227	232	237	242	247	252	257	262	267	272	277	282	287	292	297	301
402145_ITS_KP8LM_TCTGTTGC-GACACTGA_S99_L001_R1	2.0	1.0	0.0	0.0	0.0	0.0	0.0	0.0	0.0	0.0	0.0	0.0	0.0	0.0	0.0	0.0	0.0	0.0	0.0	0.0	0.0	0.0	0.0	0.0	1.0	3.0	0.0	2.0	0.0	0.0	0.0	0.0	0.0	1.0	0.0	1.0	0.0	0.0	0.0	0.0	0.0	0.0	0.0	3.0	1598.0	68724.0
	44	54	64	74	84	94	104	114	124	134	144	154	164	174	184	194	204	214	224	234	244	254	264	274	284	294	301
402146_ITS_KP69D_TATCAGGT-ACGACGTG_S94_L001_R1	1.0	0.0	0.0	0.0	0.0	0.0	0.0	0.0	0.0	0.0	0.0	0.0	0.0	0.0	0.0	0.0	0.0	0.0	0.0	0.0	0.0	0.0	0.0	0.0	0.0	5568.0	122988.0
	291	292	293	294	295	296	297	298	299	300	301
402147_ITS_KP69D_TATCAGGT-ATATACAC_S95_L001_R1	2.0	0.0	1.0	0.0	3.0	9.0	320.0	2162.0	5855.0	36799.0	109056.0
	295	296	297	298	299	300	301
402148_ITS_KP69D_TATCAGGT-CGTCGCTA_S96_L001_R1	39.0	3.0	74.0	654.0	3520.0	30996.0	131342.0
	291	292	293	294	295	296	297	298	299	300	301
402149_ITS_KP69D_TATCAGGT-CTAGAGCT_S97_L001_R1	1.0	0.0	0.0	1.0	2.0	6.0	96.0	375.0	3764.0	36956.0	154127.0
	44	54	64	74	84	94	104	114	124	134	144	154	164	174	184	194	204	214	224	234	244	254	264	274	284	294	301
402150_ITS_KP69D_TATCAGGT-GCTCTAGT_S98_L001_R1	1.0	0.0	0.0	0.0	0.0	0.0	0.0	0.0	0.0	0.0	0.0	0.0	0.0	0.0	0.0	0.0	0.0	0.0	0.0	0.0	0.0	0.0	0.0	0.0	0.0	2979.0	69315.0
	294	295	296	297	298	299	300	301
402151_ITS_KP69D_TATCAGGT-GACACTGA_S99_L001_R1	1.0	7.0	0.0	131.0	413.0	1893.0	18983.0	64436.0
	294	295	296	297	298	299	300	301
402152_ITS_KP69D_TATCAGGT-TGCGTACG_S100_L001_R1	2.0	3.0	4.0	99.0	327.0	10002.0	14197.0	68454.0
	295	296	297	298	299	300	301
402153_ITS_KP69D_TATCAGGT-TAGTGTAG_S101_L001_R1	6.0	27.0	83.0	344.0	10728.0	10702.0	56792.0
	291	292	293	294	295	296	297	298	299	300	301
402154_ITS_KP69D_TGTAATTG-ACGACGTG_S102_L001_R1	1.0	0.0	0.0	1.0	6.0	5.0	263.0	402.0	4273.0	9678.0	70236.0
	291	292	293	294	295	296	297	298	299	300	301
402155_ITS_KP69D_TGTAATTG-ATATACAC_S103_L001_R1	1.0	0.0	0.0	0.0	29.0	20.0	374.0	365.0	2397.0	12960.0	79869.0
	295	296	297	298	299	300	301
402156_ITS_KP69D_TGTAATTG-CGTCGCTA_S104_L001_R1	3.0	3.0	209.0	478.0	3423.0	13834.0	50706.0
	77	82	87	92	97	102	107	112	117	122	127	132	137	142	147	152	157	162	167	172	177	182	187	192	197	202	207	212	217	222	227	232	237	242	247	252	257	262	267	272	277	282	287	292	297	301
402157_ITS_KP69D_TGTAATTG-CTAGAGCT_S105_L001_R1	1.0	0.0	0.0	0.0	0.0	0.0	0.0	0.0	0.0	0.0	0.0	0.0	0.0	0.0	0.0	0.0	0.0	0.0	0.0	0.0	0.0	0.0	0.0	0.0	0.0	0.0	0.0	0.0	0.0	0.0	0.0	0.0	0.0	0.0	0.0	0.0	0.0	0.0	0.0	0.0	0.0	0.0	0.0	0.0	3756.0	85818.0
	202	207	212	217	222	227	232	237	242	247	252	257	262	267	272	277	282	287	292	297	301
402158_ITS_KP69D_TGTAATTG-GCTCTAGT_S106_L001_R1	1.0	0.0	0.0	0.0	0.0	0.0	0.0	0.0	0.0	0.0	0.0	0.0	0.0	0.0	0.0	0.0	0.0	0.0	1.0	6071.0	79719.0
	295	296	297	298	299	300	301
402159_ITS_KP69D_TGTAATTG-GACACTGA_S107_L001_R1	4.0	4.0	123.0	197.0	6270.0	15993.0	73708.0
	291	292	293	294	295	296	297	298	299	300	301
402160_ITS_KP69D_TGTAATTG-TGCGTACG_S108_L001_R1	1.0	1.0	0.0	0.0	2.0	8.0	243.0	547.0	3588.0	16777.0	54423.0
	296	297	298	299	300	301
402161_ITS_KP69D_TGTAATTG-TAGTGTAG_S109_L001_R1	2.0	229.0	224.0	1951.0	12569.0	53754.0
	289	290	291	292	293	294	295	296	297	298	299	300	301
402162_ITS_KP69D_AATGGAGC-ACGACGTG_S110_L001_R1	1.0	0.0	0.0	1.0	0.0	4.0	5.0	2.0	228.0	173.0	3603.0	29803.0	71596.0
	34	44	54	64	74	84	94	104	114	124	134	144	154	164	174	184	194	204	214	224	234	244	254	264	274	284	294	301
402163_ITS_KP8LM_AATGGAGC-ATATACAC_S100_L001_R1	2.0	2.0	2.0	1.0	3.0	5.0	2.0	3.0	0.0	0.0	0.0	0.0	0.0	0.0	0.0	0.0	1.0	3.0	0.0	0.0	0.0	0.0	0.0	0.0	0.0	0.0	2523.0	88540.0
	44	54	64	74	84	94	104	114	124	134	144	154	164	174	184	194	204	214	224	234	244	254	264	274	284	294	301
402164_ITS_KP8LM_AATGGAGC-CGTCGCTA_S101_L001_R1	3.0	1.0	0.0	3.0	1.0	3.0	1.0	0.0	0.0	0.0	0.0	0.0	0.0	0.0	0.0	0.0	1.0	0.0	0.0	0.0	0.0	1.0	0.0	0.0	0.0	1730.0	50989.0
	34	44	54	64	74	84	94	104	114	124	134	144	154	164	174	184	194	204	214	224	234	244	254	264	274	284	294	301
402165_ITS_KP8LM_AATGGAGC-CTAGAGCT_S102_L001_R1	1.0	2.0	2.0	0.0	0.0	1.0	0.0	0.0	0.0	0.0	0.0	0.0	0.0	0.0	0.0	0.0	0.0	4.0	0.0	0.0	0.0	0.0	1.0	0.0	0.0	0.0	5349.0	59421.0
	77	82	87	92	97	102	107	112	117	122	127	132	137	142	147	152	157	162	167	172	177	182	187	192	197	202	207	212	217	222	227	232	237	242	247	252	257	262	267	272	277	282	287	292	297	301
59000_ITS_KP8LM_AGCTTGAC-ACGACGTG_S103_L001_R1	1.0	0.0	2.0	1.0	1.0	2.0	0.0	0.0	0.0	0.0	0.0	0.0	0.0	0.0	0.0	0.0	0.0	0.0	0.0	0.0	0.0	0.0	0.0	0.0	0.0	2.0	2.0	0.0	0.0	0.0	0.0	0.0	0.0	0.0	0.0	0.0	0.0	0.0	0.0	0.0	0.0	0.0	0.0	0.0	11118.0	38890.0
	44	54	64	74	84	94	104	114	124	134	144	154	164	174	184	194	204	214	224	234	244	254	264	274	284	294	301
59001_ITS_KP8LM_AGCTTGAC-ATATACAC_S104_L001_R1	1.0	4.0	0.0	3.0	1.0	0.0	0.0	0.0	0.0	0.0	0.0	0.0	0.0	0.0	0.0	0.0	3.0	3.0	0.0	0.0	0.0	1.0	0.0	0.0	0.0	7019.0	53096.0
	44	54	64	74	84	94	104	114	124	134	144	154	164	174	184	194	204	214	224	234	244	254	264	274	284	294	301
59002_ITS_KP8LM_AGCTTGAC-CGTCGCTA_S105_L001_R1	4.0	0.0	0.0	0.0	0.0	0.0	0.0	0.0	0.0	0.0	0.0	0.0	0.0	0.0	0.0	0.0	3.0	0.0	0.0	1.0	0.0	1.0	0.0	0.0	0.0	5299.0	50133.0
	47	52	57	62	67	72	77	82	87	92	97	102	107	112	117	122	127	132	137	142	147	152	157	162	167	172	177	182	187	192	197	202	207	212	217	222	227	232	237	242	247	252	257	262	267	272	277	282	287	292	297	301
59003_ITS_KP8LM_AGCTTGAC-CTAGAGCT_S106_L001_R1	1.0	2.0	0.0	0.0	1.0	0.0	1.0	10.0	1.0	1.0	2.0	1.0	1.0	0.0	0.0	0.0	0.0	0.0	0.0	0.0	0.0	0.0	0.0	0.0	0.0	0.0	0.0	0.0	0.0	0.0	2.0	5.0	1.0	2.0	0.0	0.0	0.0	0.0	0.0	0.0	0.0	0.0	1.0	0.0	0.0	0.0	0.0	0.0	0.0	1.0	22702.0	109772.0
	47	52	57	62	67	72	77	82	87	92	97	102	107	112	117	122	127	132	137	142	147	152	157	162	167	172	177	182	187	192	197	202	207	212	217	222	227	232	237	242	247	252	257	262	267	272	277	282	287	292	297	301
59004_ITS_KP8LM_AGCTTGAC-GCTCTAGT_S107_L001_R1	1.0	2.0	0.0	0.0	0.0	0.0	2.0	1.0	2.0	1.0	1.0	1.0	0.0	0.0	0.0	0.0	0.0	0.0	0.0	0.0	0.0	0.0	0.0	0.0	0.0	0.0	0.0	0.0	0.0	0.0	0.0	1.0	1.0	1.0	0.0	0.0	0.0	0.0	0.0	0.0	0.0	0.0	0.0	0.0	0.0	0.0	0.0	0.0	0.0	0.0	1783.0	51069.0
	34	44	54	64	74	84	94	104	114	124	134	144	154	164	174	184	194	204	214	224	234	244	254	264	274	284	294	301
59005_ITS_KP8LM_AGCTTGAC-GACACTGA_S108_L001_R1	1.0	3.0	2.0	1.0	4.0	3.0	3.0	2.0	0.0	0.0	0.0	0.0	0.0	0.0	0.0	0.0	0.0	6.0	0.0	1.0	0.0	0.0	0.0	0.0	0.0	0.0	3409.0	114012.0
	52	57	62	67	72	77	82	87	92	97	102	107	112	117	122	127	132	137	142	147	152	157	162	167	172	177	182	187	192	197	202	207	212	217	222	227	232	237	242	247	252	257	262	267	272	277	282	287	292	297	301
59006_ITS_KP8LM_AGCTTGAC-TGCGTACG_S109_L001_R1	2.0	0.0	0.0	0.0	0.0	0.0	1.0	1.0	2.0	0.0	0.0	1.0	0.0	0.0	0.0	0.0	0.0	0.0	0.0	0.0	0.0	0.0	0.0	0.0	0.0	0.0	0.0	0.0	0.0	1.0	1.0	1.0	1.0	0.0	0.0	0.0	0.0	0.0	1.0	0.0	0.0	0.0	0.0	0.0	0.0	0.0	0.0	0.0	0.0	3156.0	60333.0
	87	92	97	102	107	112	117	122	127	132	137	142	147	152	157	162	167	172	177	182	187	192	197	202	207	212	217	222	227	232	237	242	247	252	257	262	267	272	277	282	287	292	297	301
59007_ITS_KP8LM_AGCTTGAC-TAGTGTAG_S110_L001_R1	1.0	0.0	0.0	0.0	0.0	0.0	0.0	0.0	0.0	0.0	0.0	0.0	0.0	0.0	0.0	0.0	0.0	0.0	0.0	0.0	0.0	0.0	0.0	0.0	0.0	0.0	0.0	0.0	0.0	0.0	0.0	0.0	0.0	0.0	0.0	0.0	0.0	0.0	0.0	0.0	0.0	0.0	658.0	3043.0
	44	54	64	74	84	94	104	114	124	134	144	154	164	174	184	194	204	214	224	234	244	254	264	274	284	294	301
ATCC1010MOCK_ITS_KP69D_AATGGAGC-GCTCTAGT_S111_L001_R1	13.0	0.0	0.0	0.0	0.0	0.0	0.0	0.0	0.0	0.0	0.0	0.0	0.0	0.0	0.0	0.0	0.0	0.0	0.0	0.0	0.0	0.0	0.0	0.0	0.0	2027.0	164099.0
	44	54	64	74	84	94	104	114	124	134	144	154	164	174	184	194	204	214	224	234	244	254	264	274	284	294	301
ATCC1010MOCK_ITS_KP69D_ACAAGGAG-GACACTGA_S112_L001_R1	33.0	0.0	0.0	0.0	0.0	0.0	0.0	0.0	0.0	0.0	0.0	0.0	0.0	0.0	0.0	0.0	0.0	0.0	0.0	0.0	0.0	0.0	0.0	0.0	0.0	2828.0	223909.0
	34	44	54	64	74	84	94	104	114	124	134	144	154	164	174	184	194	204	214	224	234	244	254	264	274	284	294	301
ATCC1010MOCK_ITS_KP8LM_ACAAGGAG-GACACTGA_S111_L001_R1	1.0	5.0	7.0	0.0	1.0	4.0	0.0	0.0	0.0	0.0	0.0	0.0	0.0	1.0	0.0	0.0	1.0	3.0	0.0	0.0	0.0	0.0	1.0	0.0	0.0	0.0	1023.0	68550.0
	44	54	64	74	84	94	104	114	124	134	144	154	164	174	184	194	204	214	224	234	244	254	264	274	284	294	301
ATCC1010MOCK_ITS_KP8LM_CGTCCGAA-CTAGAGCT_S112_L001_R1	5.0	6.0	0.0	1.0	2.0	3.0	0.0	0.0	0.0	0.0	0.0	0.0	0.0	0.0	0.0	2.0	5.0	1.0	0.0	0.0	0.0	1.0	0.0	0.0	0.0	770.0	69382.0
	296	297	298	299	300	301
No_Template_Control_ITS_KP69D_AATGGAGC-TGCGTACG_S113_L001_R1	1.0	5.0	11.0	373.0	631.0	2888.0
	295	296	297	298	299	300	301
No_Template_Control_ITS_KP69D_ACAAGGAG-TAGTGTAG_S114_L001_R1	1.0	3.0	11.0	14.0	413.0	983.0	5408.0
	82	87	92	97	102	107	112	117	122	127	132	137	142	147	152	157	162	167	172	177	182	187	192	197	202	207	212	217	222	227	232	237	242	247	252	257	262	267	272	277	282	287	292	297	301
No_Template_Control_ITS_KP8LM_ACAAGGAG-TAGTGTAG_S113_L001_R1	2.0	0.0	0.0	0.0	0.0	0.0	0.0	0.0	0.0	0.0	0.0	0.0	0.0	0.0	0.0	0.0	0.0	0.0	0.0	0.0	0.0	0.0	0.0	0.0	0.0	0.0	0.0	0.0	0.0	0.0	0.0	0.0	1.0	0.0	0.0	0.0	0.0	0.0	0.0	0.0	0.0	0.0	0.0	432.0	3611.0
	296	297	298	299	300	301
No_Template_Control_ITS_KP8LM_CGTCCGAA-GACACTGA_S114_L001_R1	2.0	11.0	13.0	361.0	323.0	1909.0
	291	292	293	294	295	296	297	298	299	300	301
Soil_DNA_ITS_KP69D_AATGGAGC-GACACTGA_S115_L001_R1	1.0	0.0	0.0	2.0	7.0	40.0	1660.0	1179.0	34415.0	63250.0	249657.0
	291	292	293	294	295	296	297	298	299	300	301
Soil_DNA_ITS_KP69D_ACAAGGAG-TGCGTACG_S116_L001_R1	1.0	1.0	0.0	2.0	16.0	31.0	1766.0	932.0	35336.0	52694.0	227445.0
	44	54	64	74	84	94	104	114	124	134	144	154	164	174	184	194	204	214	224	234	244	254	264	274	284	294	301
Soil_DNA_ITS_KP8LM_ACAAGGAG-TGCGTACG_S115_L001_R1	6.0	10.0	0.0	15.0	9.0	4.0	4.0	0.0	0.0	0.0	0.0	0.0	0.0	0.0	0.0	2.0	12.0	2.0	0.0	0.0	1.0	2.0	0.0	0.0	0.0	20909.0	182314.0
	44	54	64	74	84	94	104	114	124	134	144	154	164	174	184	194	204	214	224	234	244	254	264	274	284	294	301
Soil_DNA_ITS_KP8LM_CGTCCGAA-GCTCTAGT_S116_L001_R1	3.0	6.0	0.0	2.0	2.0	2.0	2.0	0.0	0.0	0.0	0.0	0.0	0.0	0.0	0.0	0.0	6.0	0.0	0.0	1.0	0.0	1.0	0.0	0.0	0.0	16736.0	152799.0

