	15.0	16.0	17.0	18.0	19.0	20.0	21.0	22.0	23.0	24.0	25.0	26.0	27.0	28.0	29.0	30.0	31.0	32.0	33.0	34.0	35.0	36.0	37.0
401954_ITS_KP69D_GAAGAAGC-ACGACGTG_S1_L001_R1	1.0	0.0	6.0	32.0	159.0	490.0	746.0	836.0	1012.0	1081.0	1064.0	1185.0	1347.0	1419.0	1637.0	1916.0	2188.0	2636.0	3315.0	4366.0	6103.0	9800.0	12839.0
	14.0	15.0	16.0	17.0	18.0	19.0	20.0	21.0	22.0	23.0	24.0	25.0	26.0	27.0	28.0	29.0	30.0	31.0	32.0	33.0	34.0	35.0	36.0	37.0
401955_ITS_KP69D_GAAGAAGC-ATATACAC_S2_L001_R1	1.0	1.0	3.0	14.0	91.0	324.0	632.0	961.0	1051.0	1098.0	1134.0	1187.0	1255.0	1314.0	1389.0	1610.0	1779.0	2082.0	2577.0	3068.0	4035.0	5493.0	8622.0	14668.0
	15.0	16.0	17.0	18.0	19.0	20.0	21.0	22.0	23.0	24.0	25.0	26.0	27.0	28.0	29.0	30.0	31.0	32.0	33.0	34.0	35.0	36.0	37.0
401956_ITS_KP69D_GAAGAAGC-CGTCGCTA_S3_L001_R1	1.0	2.0	3.0	31.0	145.0	398.0	607.0	612.0	744.0	786.0	866.0	802.0	895.0	930.0	1024.0	1176.0	1338.0	1538.0	1894.0	2400.0	3353.0	5667.0	11862.0
	13.0	14.0	15.0	16.0	17.0	18.0	19.0	20.0	21.0	22.0	23.0	24.0	25.0	26.0	27.0	28.0	29.0	30.0	31.0	32.0	33.0	34.0	35.0	36.0	37.0
401957_ITS_KP69D_GAAGAAGC-CTAGAGCT_S4_L001_R1	1.0	0.0	1.0	4.0	13.0	76.0	284.0	805.0	1154.0	1183.0	1207.0	1144.0	1212.0	1229.0	1322.0	1426.0	1577.0	1734.0	2116.0	2462.0	3070.0	3944.0	5406.0	9010.0	19803.0
	15.0	16.0	17.0	18.0	19.0	20.0	21.0	22.0	23.0	24.0	25.0	26.0	27.0	28.0	29.0	30.0	31.0	32.0	33.0	34.0	35.0	36.0	37.0
401958_ITS_KP69D_GAAGAAGC-GCTCTAGT_S5_L001_R1	2.0	3.0	13.0	75.0	287.0	728.0	984.0	1141.0	1265.0	1303.0	1387.0	1392.0	1490.0	1645.0	1778.0	1949.0	2246.0	2735.0	3311.0	4349.0	6198.0	10210.0	22150.0
	12.0	13.0	14.0	15.0	16.0	17.0	18.0	19.0	20.0	21.0	22.0	23.0	24.0	25.0	26.0	27.0	28.0	29.0	30.0	31.0	32.0	33.0	34.0	35.0	36.0	37.0
401959_ITS_KP69D_GAAGAAGC-GACACTGA_S6_L001_R1	1.0	0.0	0.0	1.0	1.0	20.0	106.0	413.0	1008.0	1358.0	1451.0	1497.0	1572.0	1599.0	1599.0	1727.0	1800.0	1932.0	2206.0	2524.0	2998.0	3842.0	4902.0	6763.0	11396.0	21969.0
	13.0	14.0	15.0	16.0	17.0	18.0	19.0	20.0	21.0	22.0	23.0	24.0	25.0	26.0	27.0	28.0	29.0	30.0	31.0	32.0	33.0	34.0	35.0	36.0	37.0
401960_ITS_KP69D_GAAGAAGC-TGCGTACG_S7_L001_R1	2.0	0.0	1.0	2.0	13.0	78.0	261.0	726.0	1043.0	1008.0	1201.0	1233.0	1264.0	1327.0	1430.0	1597.0	1668.0	1793.0	2044.0	2467.0	3072.0	3932.0	5458.0	9131.0	18087.0
	16.0	17.0	18.0	19.0	20.0	21.0	22.0	23.0	24.0	25.0	26.0	27.0	28.0	29.0	30.0	31.0	32.0	33.0	34.0	35.0	36.0	37.0
401961_ITS_KP69D_GAAGAAGC-TAGTGTAG_S8_L001_R1	2.0	9.0	54.0	211.0	481.0	648.0	748.0	741.0	803.0	865.0	858.0	916.0	1008.0	1123.0	1318.0	1465.0	1769.0	2128.0	2792.0	3835.0	6604.0	13433.0
	15.0	16.0	17.0	18.0	19.0	20.0	21.0	22.0	23.0	24.0	25.0	26.0	27.0	28.0	29.0	30.0	31.0	32.0	33.0	34.0	35.0	36.0	37.0
401962_ITS_KP69D_GAGAGAAT-ACGACGTG_S9_L001_R1	1.0	0.0	8.0	34.0	160.0	355.0	508.0	510.0	517.0	553.0	580.0	600.0	626.0	686.0	729.0	798.0	976.0	1154.0	1417.0	1858.0	2467.0	4124.0	7358.0
	15.0	16.0	17.0	18.0	19.0	20.0	21.0	22.0	23.0	24.0	25.0	26.0	27.0	28.0	29.0	30.0	31.0	32.0	33.0	34.0	35.0	36.0	37.0
401963_ITS_KP69D_GAGAGAAT-ATATACAC_S10_L001_R1	1.0	5.0	33.0	144.0	636.0	1423.0	1898.0	1956.0	1965.0	2079.0	2175.0	2245.0	2278.0	2471.0	2835.0	3082.0	3596.0	4325.0	5224.0	6535.0	9382.0	15281.0	30469.0
	16.0	17.0	18.0	19.0	20.0	21.0	22.0	23.0	24.0	25.0	26.0	27.0	28.0	29.0	30.0	31.0	32.0	33.0	34.0	35.0	36.0	37.0
401964_ITS_KP69D_GAGAGAAT-CGTCGCTA_S11_L001_R1	1.0	15.0	69.0	334.0	816.0	1289.0	1484.0	1631.0	1628.0	1760.0	1778.0	1868.0	2067.0	2163.0	2564.0	3054.0	3594.0	4421.0	5641.0	7925.0	13003.0	23352.0
	12.0	13.0	14.0	15.0	16.0	17.0	18.0	19.0	20.0	21.0	22.0	23.0	24.0	25.0	26.0	27.0	28.0	29.0	30.0	31.0	32.0	33.0	34.0	35.0	36.0	37.0
401965_ITS_KP69D_GAGAGAAT-CTAGAGCT_S12_L001_R1	1.0	0.0	0.0	0.0	4.0	16.0	99.0	434.0	1114.0	1494.0	1562.0	1639.0	1740.0	1686.0	1776.0	1808.0	2064.0	2240.0	2521.0	2977.0	3655.0	4290.0	5723.0	8205.0	13444.0	24675.0
	14.0	15.0	16.0	17.0	18.0	19.0	20.0	21.0	22.0	23.0	24.0	25.0	26.0	27.0	28.0	29.0	30.0	31.0	32.0	33.0	34.0	35.0	36.0	37.0
401966_ITS_KP69D_GAGAGAAT-GCTCTAGT_S13_L001_R1	1.0	3.0	4.0	15.0	98.0	447.0	995.0	1281.0	1376.0	1479.0	1510.0	1596.0	1591.0	1791.0	1870.0	2112.0	2357.0	2810.0	3317.0	4057.0	5318.0	7440.0	12077.0	22064.0
	14.0	15.0	16.0	17.0	18.0	19.0	20.0	21.0	22.0	23.0	24.0	25.0	26.0	27.0	28.0	29.0	30.0	31.0	32.0	33.0	34.0	35.0	36.0	37.0
401967_ITS_KP69D_GAGAGAAT-GACACTGA_S14_L001_R1	2.0	1.0	9.0	39.0	197.0	918.0	2240.0	3068.0	3253.0	3347.0	3466.0	3446.0	3564.0	3725.0	3946.0	4411.0	4943.0	5950.0	6872.0	8646.0	11172.0	15443.0	25146.0	44070.0
	13.0	14.0	15.0	16.0	17.0	18.0	19.0	20.0	21.0	22.0	23.0	24.0	25.0	26.0	27.0	28.0	29.0	30.0	31.0	32.0	33.0	34.0	35.0	36.0	37.0
401968_ITS_KP69D_GAGAGAAT-TGCGTACG_S15_L001_R1	1.0	1.0	2.0	0.0	18.0	53.0	262.0	734.0	1065.0	1254.0	1211.0	1327.0	1425.0	1554.0	1666.0	1806.0	2043.0	2344.0	2628.0	3107.0	3775.0	4771.0	6541.0	10822.0	18234.0
	15.0	16.0	17.0	18.0	19.0	20.0	21.0	22.0	23.0	24.0	25.0	26.0	27.0	28.0	29.0	30.0	31.0	32.0	33.0	34.0	35.0	36.0	37.0
401969_ITS_KP69D_GAGAGAAT-TAGTGTAG_S16_L001_R1	3.0	4.0	20.0	85.0	401.0	913.0	1325.0	1394.0	1419.0	1504.0	1622.0	1796.0	2087.0	2060.0	2421.0	2456.0	2892.0	3219.0	3960.0	4913.0	6530.0	10267.0	17015.0
	15.0	16.0	17.0	18.0	19.0	20.0	21.0	22.0	23.0	24.0	25.0	26.0	27.0	28.0	29.0	30.0	31.0	32.0	33.0	34.0	35.0	36.0	37.0
401970_ITS_KP69D_TCGTCGAT-ACGACGTG_S17_L001_R1	1.0	1.0	16.0	54.0	341.0	981.0	1337.0	1556.0	1557.0	1679.0	1700.0	1891.0	2064.0	2249.0	2425.0	2799.0	3258.0	3895.0	4976.0	6353.0	8085.0	11614.0	17716.0
	12.0	13.0	14.0	15.0	16.0	17.0	18.0	19.0	20.0	21.0	22.0	23.0	24.0	25.0	26.0	27.0	28.0	29.0	30.0	31.0	32.0	33.0	34.0	35.0	36.0	37.0
401971_ITS_KP69D_TCGTCGAT-ATATACAC_S18_L001_R1	1.0	0.0	0.0	0.0	4.0	26.0	115.0	576.0	1391.0	1845.0	2045.0	2041.0	2105.0	2213.0	2168.0	2371.0	2559.0	2871.0	3478.0	4014.0	4922.0	6214.0	8094.0	9714.0	14242.0	23847.0
	16.0	17.0	18.0	19.0	20.0	21.0	22.0	23.0	24.0	25.0	26.0	27.0	28.0	29.0	30.0	31.0	32.0	33.0	34.0	35.0	36.0	37.0
401972_ITS_KP69D_TCGTCGAT-CGTCGCTA_S19_L001_R1	2.0	7.0	64.0	405.0	1034.0	1432.0	1524.0	1593.0	1664.0	1688.0	1801.0	1960.0	1964.0	2222.0	2457.0	2919.0	3446.0	4069.0	5397.0	7586.0	13088.0	28458.0
	15.0	16.0	17.0	18.0	19.0	20.0	21.0	22.0	23.0	24.0	25.0	26.0	27.0	28.0	29.0	30.0	31.0	32.0	33.0	34.0	35.0	36.0	37.0
401973_ITS_KP69D_TCGTCGAT-CTAGAGCT_S20_L001_R1	2.0	1.0	10.0	93.0	428.0	1206.0	1635.0	1697.0	1638.0	1762.0	1772.0	1836.0	1929.0	2089.0	2193.0	2526.0	2874.0	3411.0	4204.0	5506.0	7643.0	12928.0	29352.0
	16.0	17.0	18.0	19.0	20.0	21.0	22.0	23.0	24.0	25.0	26.0	27.0	28.0	29.0	30.0	31.0	32.0	33.0	34.0	35.0	36.0	37.0
401974_ITS_KP69D_TCGTCGAT-GCTCTAGT_S21_L001_R1	2.0	17.0	89.0	352.0	933.0	1295.0	1387.0	1457.0	1486.0	1680.0	1681.0	1834.0	1956.0	2112.0	2382.0	2678.0	3226.0	3966.0	5246.0	7265.0	12436.0	26251.0
	13.0	14.0	15.0	16.0	17.0	18.0	19.0	20.0	21.0	22.0	23.0	24.0	25.0	26.0	27.0	28.0	29.0	30.0	31.0	32.0	33.0	34.0	35.0	36.0	37.0
401975_ITS_KP69D_TCGTCGAT-GACACTGA_S22_L001_R1	2.0	0.0	4.0	5.0	19.0	94.0	438.0	1128.0	1520.0	1680.0	1699.0	1736.0	1760.0	1743.0	1918.0	2011.0	2302.0	2553.0	3005.0	3427.0	4353.0	5511.0	7865.0	13024.0	28145.0
	17.0	18.0	19.0	20.0	21.0	22.0	23.0	24.0	25.0	26.0	27.0	28.0	29.0	30.0	31.0	32.0	33.0	34.0	35.0	36.0	37.0
401976_ITS_KP69D_TCGTCGAT-TGCGTACG_S23_L001_R1	6.0	46.0	208.0	612.0	894.0	979.0	1047.0	1042.0	1084.0	1161.0	1213.0	1313.0	1414.0	1587.0	1758.0	2204.0	2733.0	3517.0	4945.0	8293.0	17192.0
	14.0	15.0	16.0	17.0	18.0	19.0	20.0	21.0	22.0	23.0	24.0	25.0	26.0	27.0	28.0	29.0	30.0	31.0	32.0	33.0	34.0	35.0	36.0	37.0
401977_ITS_KP69D_TCGTCGAT-TAGTGTAG_S24_L001_R1	1.0	0.0	0.0	7.0	40.0	193.0	561.0	724.0	907.0	874.0	906.0	916.0	986.0	1023.0	1215.0	1286.0	1364.0	1732.0	2009.0	2551.0	3119.0	4311.0	7146.0	14823.0
	12.0	13.0	14.0	15.0	16.0	17.0	18.0	19.0	20.0	21.0	22.0	23.0	24.0	25.0	26.0	27.0	28.0	29.0	30.0	31.0	32.0	33.0	34.0	35.0	36.0	37.0
401978_ITS_KP69D_ATTGGGCT-ACGACGTG_S25_L001_R1	1.0	0.0	0.0	0.0	5.0	23.0	87.0	385.0	1071.0	1490.0	1518.0	1591.0	1783.0	1799.0	1873.0	2009.0	2239.0	2338.0	2699.0	3176.0	3734.0	4404.0	5692.0	7844.0	12284.0	19335.0
	15.0	16.0	17.0	18.0	19.0	20.0	21.0	22.0	23.0	24.0	25.0	26.0	27.0	28.0	29.0	30.0	31.0	32.0	33.0	34.0	35.0	36.0	37.0
401979_ITS_KP69D_ATTGGGCT-ATATACAC_S26_L001_R1	1.0	6.0	18.0	115.0	455.0	1193.0	1639.0	1927.0	2057.0	2187.0	2269.0	2398.0	2597.0	2759.0	3059.0	3364.0	3878.0	4762.0	5874.0	7484.0	10067.0	16342.0	30449.0
	12.0	13.0	14.0	15.0	16.0	17.0	18.0	19.0	20.0	21.0	22.0	23.0	24.0	25.0	26.0	27.0	28.0	29.0	30.0	31.0	32.0	33.0	34.0	35.0	36.0	37.0
401980_ITS_KP69D_ATTGGGCT-CGTCGCTA_S27_L001_R1	1.0	0.0	0.0	2.0	3.0	7.0	72.0	322.0	802.0	1198.0	1396.0	1544.0	1511.0	1625.0	1709.0	1781.0	1859.0	1917.0	2288.0	2621.0	3162.0	3913.0	5010.0	6997.0	11487.0	18689.0
	16.0	17.0	18.0	19.0	20.0	21.0	22.0	23.0	24.0	25.0	26.0	27.0	28.0	29.0	30.0	31.0	32.0	33.0	34.0	35.0	36.0	37.0
401981_ITS_KP69D_ATTGGGCT-CTAGAGCT_S28_L001_R1	1.0	7.0	79.0	366.0	1027.0	1518.0	1649.0	1679.0	1728.0	1762.0	1904.0	1929.0	2104.0	2336.0	2644.0	2963.0	3558.0	4658.0	5796.0	8142.0	13357.0	23294.0
	14.0	15.0	16.0	17.0	18.0	19.0	20.0	21.0	22.0	23.0	24.0	25.0	26.0	27.0	28.0	29.0	30.0	31.0	32.0	33.0	34.0	35.0	36.0	37.0
401982_ITS_KP69D_ATTGGGCT-GCTCTAGT_S29_L001_R1	1.0	1.0	1.0	9.0	68.0	264.0	708.0	1062.0	1156.0	1231.0	1452.0	1475.0	1593.0	1705.0	1777.0	1896.0	2228.0	2502.0	3064.0	3643.0	4688.0	6760.0	10744.0	19437.0
	14.0	15.0	16.0	17.0	18.0	19.0	20.0	21.0	22.0	23.0	24.0	25.0	26.0	27.0	28.0	29.0	30.0	31.0	32.0	33.0	34.0	35.0	36.0	37.0
401983_ITS_KP69D_ATTGGGCT-GACACTGA_S30_L001_R1	1.0	0.0	2.0	10.0	99.0	451.0	1204.0	1639.0	1864.0	1988.0	1895.0	2132.0	2162.0	2254.0	2464.0	2784.0	2992.0	3526.0	4272.0	5088.0	6638.0	9250.0	14963.0	25920.0
	14.0	15.0	16.0	17.0	18.0	19.0	20.0	21.0	22.0	23.0	24.0	25.0	26.0	27.0	28.0	29.0	30.0	31.0	32.0	33.0	34.0	35.0	36.0	37.0
401984_ITS_KP69D_ATTGGGCT-TGCGTACG_S31_L001_R1	1.0	1.0	2.0	9.0	60.0	209.0	685.0	963.0	1154.0	1251.0	1353.0	1308.0	1474.0	1557.0	1681.0	1897.0	2173.0	2542.0	2920.0	3444.0	4720.0	6601.0	10632.0	18187.0
	16.0	17.0	18.0	19.0	20.0	21.0	22.0	23.0	24.0	25.0	26.0	27.0	28.0	29.0	30.0	31.0	32.0	33.0	34.0	35.0	36.0	37.0
401985_ITS_KP69D_ATTGGGCT-TAGTGTAG_S32_L001_R1	1.0	5.0	60.0	236.0	638.0	929.0	1094.0	1171.0	1264.0	1311.0	1418.0	1500.0	1621.0	1839.0	2092.0	2415.0	2825.0	3444.0	4373.0	6051.0	9657.0	16680.0
	15.0	16.0	17.0	18.0	19.0	20.0	21.0	22.0	23.0	24.0	25.0	26.0	27.0	28.0	29.0	30.0	31.0	32.0	33.0	34.0	35.0	36.0	37.0
401986_ITS_KP69D_ACCACATA-ACGACGTG_S33_L001_R1	1.0	2.0	9.0	79.0	355.0	881.0	1277.0	1352.0	1386.0	1398.0	1467.0	1485.0	1592.0	1713.0	1880.0	2166.0	2519.0	2891.0	3686.0	4830.0	6389.0	10511.0	17838.0
	11.0	12.0	13.0	14.0	15.0	16.0	17.0	18.0	19.0	20.0	21.0	22.0	23.0	24.0	25.0	26.0	27.0	28.0	29.0	30.0	31.0	32.0	33.0	34.0	35.0	36.0	37.0
401987_ITS_KP69D_ACCACATA-ATATACAC_S34_L001_R1	1.0	1.0	0.0	0.0	0.0	1.0	21.0	117.0	575.0	1401.0	2027.0	2071.0	1970.0	2089.0	2119.0	2183.0	2336.0	2440.0	2690.0	3045.0	3389.0	4210.0	5206.0	6751.0	9184.0	14739.0	23754.0
	13.0	14.0	15.0	16.0	17.0	18.0	19.0	20.0	21.0	22.0	23.0	24.0	25.0	26.0	27.0	28.0	29.0	30.0	31.0	32.0	33.0	34.0	35.0	36.0	37.0
401988_ITS_KP69D_ACCACATA-CGTCGCTA_S35_L001_R1	1.0	2.0	2.0	3.0	16.0	79.0	367.0	900.0	1303.0	1406.0	1493.0	1466.0	1511.0	1624.0	1664.0	1784.0	2037.0	2235.0	2633.0	3160.0	3829.0	4970.0	6944.0	11323.0	22116.0
	15.0	16.0	17.0	18.0	19.0	20.0	21.0	22.0	23.0	24.0	25.0	26.0	27.0	28.0	29.0	30.0	31.0	32.0	33.0	34.0	35.0	36.0	37.0
401989_ITS_KP69D_ACCACATA-CTAGAGCT_S36_L001_R1	1.0	7.0	19.0	173.0	703.0	1892.0	2496.0	2558.0	2496.0	2520.0	2593.0	2631.0	2870.0	3118.0	3399.0	3763.0	4508.0	5175.0	6174.0	8083.0	11240.0	18386.0	37270.0
	15.0	16.0	17.0	18.0	19.0	20.0	21.0	22.0	23.0	24.0	25.0	26.0	27.0	28.0	29.0	30.0	31.0	32.0	33.0	34.0	35.0	36.0	37.0
401990_ITS_KP69D_ACCACATA-GCTCTAGT_S37_L001_R1	1.0	1.0	20.0	89.0	414.0	1116.0	1626.0	1779.0	1717.0	1765.0	1874.0	1921.0	2070.0	2243.0	2381.0	2740.0	3187.0	3750.0	4599.0	6083.0	8526.0	14314.0	26677.0
	13.0	14.0	15.0	16.0	17.0	18.0	19.0	20.0	21.0	22.0	23.0	24.0	25.0	26.0	27.0	28.0	29.0	30.0	31.0	32.0	33.0	34.0	35.0	36.0	37.0
401991_ITS_KP69D_ACCACATA-GACACTGA_S38_L001_R1	1.0	1.0	1.0	5.0	26.0	167.0	813.0	2093.0	2871.0	2880.0	2880.0	2926.0	3020.0	3070.0	3232.0	3497.0	3873.0	4376.0	5002.0	5926.0	7239.0	9414.0	13381.0	21845.0	41950.0
	15.0	16.0	17.0	18.0	19.0	20.0	21.0	22.0	23.0	24.0	25.0	26.0	27.0	28.0	29.0	30.0	31.0	32.0	33.0	34.0	35.0	36.0	37.0
401992_ITS_KP69D_ACCACATA-TGCGTACG_S39_L001_R1	8.0	82.0	206.0	220.0	427.0	970.0	1412.0	1601.0	1647.0	1662.0	1714.0	1792.0	1947.0	2095.0	2301.0	2555.0	2929.0	3389.0	4191.0	5374.0	7525.0	12708.0	25214.0
	16.0	17.0	18.0	19.0	20.0	21.0	22.0	23.0	24.0	25.0	26.0	27.0	28.0	29.0	30.0	31.0	32.0	33.0	34.0	35.0	36.0	37.0
401993_ITS_KP69D_ACCACATA-TAGTGTAG_S40_L001_R1	1.0	7.0	34.0	143.0	385.0	509.0	461.0	471.0	514.0	518.0	574.0	582.0	679.0	687.0	791.0	897.0	1080.0	1303.0	1637.0	2200.0	3485.0	6825.0
	15.0	16.0	17.0	18.0	19.0	20.0	21.0	22.0	23.0	24.0	25.0	26.0	27.0	28.0	29.0	30.0	31.0	32.0	33.0	34.0	35.0	36.0	37.0
401994_ITS_KP69D_AACACAAG-ACGACGTG_S41_L001_R1	1.0	9.0	19.0	161.0	649.0	1637.0	2205.0	2267.0	2220.0	2267.0	2326.0	2391.0	2539.0	2686.0	3032.0	3365.0	3867.0	4615.0	5706.0	7086.0	9917.0	16200.0	32189.0
	11.0	12.0	13.0	14.0	15.0	16.0	17.0	18.0	19.0	20.0	21.0	22.0	23.0	24.0	25.0	26.0	27.0	28.0	29.0	30.0	31.0	32.0	33.0	34.0	35.0	36.0	37.0
401995_ITS_KP69D_AACACAAG-ATATACAC_S42_L001_R1	1.0	7.0	4.0	5.0	11.0	29.0	235.0	1407.0	5806.0	13314.0	16872.0	16611.0	15794.0	16161.0	16536.0	16890.0	17600.0	18844.0	21009.0	23379.0	27459.0	32677.0	39658.0	51212.0	69725.0	112253.0	204769.0
	12.0	13.0	14.0	15.0	16.0	17.0	18.0	19.0	20.0	21.0	22.0	23.0	24.0	25.0	26.0	27.0	28.0	29.0	30.0	31.0	32.0	33.0	34.0	35.0	36.0	37.0
401996_ITS_KP69D_AACACAAG-CGTCGCTA_S43_L001_R1	1.0	0.0	1.0	0.0	12.0	27.0	212.0	923.0	2358.0	3141.0	3089.0	3146.0	3212.0	3230.0	3324.0	3503.0	3679.0	4149.0	4527.0	5170.0	6331.0	8012.0	10540.0	15076.0	25290.0	40077.0
	12.0	13.0	14.0	15.0	16.0	17.0	18.0	19.0	20.0	21.0	22.0	23.0	24.0	25.0	26.0	27.0	28.0	29.0	30.0	31.0	32.0	33.0	34.0	35.0	36.0	37.0
401997_ITS_KP69D_AACACAAG-CTAGAGCT_S44_L001_R1	1.0	2.0	1.0	2.0	10.0	87.0	423.0	1859.0	4421.0	5561.0	4858.0	4541.0	4377.0	4403.0	4406.0	4558.0	4919.0	5578.0	6056.0	7059.0	8455.0	10631.0	13987.0	19890.0	33059.0	55289.0
	12.0	13.0	14.0	15.0	16.0	17.0	18.0	19.0	20.0	21.0	22.0	23.0	24.0	25.0	26.0	27.0	28.0	29.0	30.0	31.0	32.0	33.0	34.0	35.0	36.0	37.0
401998_ITS_KP69D_AACACAAG-GCTCTAGT_S45_L001_R1	4.0	2.0	2.0	5.0	23.0	133.0	717.0	3124.0	8728.0	12586.0	13950.0	14770.0	15724.0	16605.0	17185.0	18741.0	19864.0	21703.0	24568.0	28334.0	34239.0	43284.0	58037.0	85087.0	147296.0	267849.0
	12.0	13.0	14.0	15.0	16.0	17.0	18.0	19.0	20.0	21.0	22.0	23.0	24.0	25.0	26.0	27.0	28.0	29.0	30.0	31.0	32.0	33.0	34.0	35.0	36.0	37.0
401999_ITS_KP69D_AACACAAG-GACACTGA_S46_L001_R1	1.0	0.0	1.0	3.0	9.0	54.0	340.0	1633.0	3701.0	4254.0	3520.0	3038.0	2911.0	2909.0	2918.0	3103.0	3233.0	3476.0	3938.0	4477.0	5403.0	6559.0	8578.0	11926.0	19490.0	37909.0
	15.0	16.0	17.0	18.0	19.0	20.0	21.0	22.0	23.0	24.0	25.0	26.0	27.0	28.0	29.0	30.0	31.0	32.0	33.0	34.0	35.0	36.0	37.0
402000_ITS_KP69D_AACACAAG-TGCGTACG_S47_L001_R1	6.0	4.0	40.0	205.0	881.0	2254.0	2801.0	2596.0	2541.0	2559.0	2605.0	2699.0	2862.0	3097.0	3361.0	3610.0	4349.0	5130.0	6212.0	8041.0	11440.0	19027.0	37746.0
	13.0	14.0	15.0	16.0	17.0	18.0	19.0	20.0	21.0	22.0	23.0	24.0	25.0	26.0	27.0	28.0	29.0	30.0	31.0	32.0	33.0	34.0	35.0	36.0	37.0
402001_ITS_KP69D_AACACAAG-TAGTGTAG_S48_L001_R1	2.0	3.0	5.0	24.0	148.0	881.0	3786.0	9720.0	13487.0	13676.0	13610.0	13828.0	14423.0	14784.0	15608.0	17100.0	18863.0	21121.0	24757.0	29203.0	36440.0	47113.0	66260.0	109949.0	208283.0
	15.0	16.0	17.0	18.0	19.0	20.0	21.0	22.0	23.0	24.0	25.0	26.0	27.0	28.0	29.0	30.0	31.0	32.0	33.0	34.0	35.0	36.0	37.0
402002_ITS_KP69D_AATGTCCG-ACGACGTG_S49_L001_R1	2.0	3.0	19.0	104.0	345.0	853.0	1230.0	1341.0	1407.0	1474.0	1545.0	1626.0	1731.0	1828.0	2038.0	2257.0	2744.0	3122.0	3979.0	5164.0	6882.0	11186.0	19236.0
	15.0	16.0	17.0	18.0	19.0	20.0	21.0	22.0	23.0	24.0	25.0	26.0	27.0	28.0	29.0	30.0	31.0	32.0	33.0	34.0	35.0	36.0	37.0
402003_ITS_KP69D_AATGTCCG-ATATACAC_S50_L001_R1	3.0	8.0	69.0	348.0	851.0	1875.0	2583.0	2801.0	2721.0	2926.0	2902.0	3065.0	3185.0	3481.0	4014.0	4400.0	5257.0	6162.0	7730.0	9833.0	13105.0	20389.0	38967.0
	12.0	13.0	14.0	15.0	16.0	17.0	18.0	19.0	20.0	21.0	22.0	23.0	24.0	25.0	26.0	27.0	28.0	29.0	30.0	31.0	32.0	33.0	34.0	35.0	36.0	37.0
402004_ITS_KP69D_AATGTCCG-CGTCGCTA_S51_L001_R1	3.0	0.0	0.0	3.0	7.0	45.0	91.0	344.0	984.0	1324.0	1416.0	1475.0	1630.0	1608.0	1669.0	1768.0	1906.0	2046.0	2366.0	2626.0	3218.0	3869.0	5058.0	7157.0	12179.0	24147.0
	14.0	15.0	16.0	17.0	18.0	19.0	20.0	21.0	22.0	23.0	24.0	25.0	26.0	27.0	28.0	29.0	30.0	31.0	32.0	33.0	34.0	35.0	36.0	37.0
402005_ITS_KP69D_AATGTCCG-CTAGAGCT_S52_L001_R1	1.0	1.0	9.0	35.0	87.0	381.0	857.0	1260.0	1306.0	1298.0	1304.0	1357.0	1386.0	1440.0	1524.0	1737.0	1875.0	2241.0	2665.0	3268.0	4342.0	6254.0	9979.0	18753.0
	14.0	15.0	16.0	17.0	18.0	19.0	20.0	21.0	22.0	23.0	24.0	25.0	26.0	27.0	28.0	29.0	30.0	31.0	32.0	33.0	34.0	35.0	36.0	37.0
402006_ITS_KP69D_AATGTCCG-GCTCTAGT_S53_L001_R1	1.0	2.0	2.0	11.0	72.0	346.0	839.0	1176.0	1299.0	1425.0	1390.0	1490.0	1607.0	1640.0	1755.0	1927.0	2225.0	2506.0	2946.0	3895.0	5206.0	6985.0	11392.0	22599.0
	13.0	14.0	15.0	16.0	17.0	18.0	19.0	20.0	21.0	22.0	23.0	24.0	25.0	26.0	27.0	28.0	29.0	30.0	31.0	32.0	33.0	34.0	35.0	36.0	37.0
402007_ITS_KP69D_AATGTCCG-GACACTGA_S54_L001_R1	1.0	0.0	1.0	9.0	18.0	99.0	444.0	1119.0	1655.0	1692.0	1819.0	1843.0	1880.0	1884.0	2123.0	2165.0	2428.0	2765.0	3127.0	3798.0	4595.0	5943.0	8205.0	13735.0	26592.0
	16.0	17.0	18.0	19.0	20.0	21.0	22.0	23.0	24.0	25.0	26.0	27.0	28.0	29.0	30.0	31.0	32.0	33.0	34.0	35.0	36.0	37.0
402008_ITS_KP69D_AATGTCCG-TGCGTACG_S55_L001_R1	2.0	18.0	45.0	259.0	741.0	1142.0	1285.0	1421.0	1515.0	1528.0	1610.0	1710.0	1833.0	1945.0	2220.0	2456.0	2970.0	3608.0	4945.0	6897.0	11629.0	22202.0
	14.0	15.0	16.0	17.0	18.0	19.0	20.0	21.0	22.0	23.0	24.0	25.0	26.0	27.0	28.0	29.0	30.0	31.0	32.0	33.0	34.0	35.0	36.0	37.0
402009_ITS_KP69D_AATGTCCG-TAGTGTAG_S56_L001_R1	2.0	1.0	1.0	17.0	69.0	261.0	624.0	872.0	942.0	988.0	1001.0	1105.0	1170.0	1197.0	1364.0	1496.0	1712.0	1965.0	2394.0	2977.0	3653.0	5083.0	8140.0	15300.0
	16.0	17.0	18.0	19.0	20.0	21.0	22.0	23.0	24.0	25.0	26.0	27.0	28.0	29.0	30.0	31.0	32.0	33.0	34.0	35.0	36.0	37.0
402010_ITS_KP69D_TACTTCGC-ACGACGTG_S57_L001_R1	2.0	8.0	74.0	355.0	852.0	1260.0	1412.0	1551.0	1494.0	1542.0	1590.0	1749.0	1833.0	2051.0	2372.0	2655.0	3123.0	3879.0	4836.0	6648.0	11130.0	19064.0
	16.0	17.0	18.0	19.0	20.0	21.0	22.0	23.0	24.0	25.0	26.0	27.0	28.0	29.0	30.0	31.0	32.0	33.0	34.0	35.0	36.0	37.0
402011_ITS_KP69D_TACTTCGC-ATATACAC_S58_L001_R1	3.0	22.0	167.0	726.0	1602.0	2143.0	2125.0	2200.0	2080.0	2117.0	2239.0	2300.0	2542.0	2900.0	3138.0	3598.0	4455.0	5395.0	7034.0	9544.0	15447.0	27479.0
	15.0	16.0	17.0	18.0	19.0	20.0	21.0	22.0	23.0	24.0	25.0	26.0	27.0	28.0	29.0	30.0	31.0	32.0	33.0	34.0	35.0	36.0	37.0
402012_ITS_KP69D_TACTTCGC-CGTCGCTA_S59_L001_R1	1.0	0.0	17.0	110.0	534.0	1511.0	2121.0	2085.0	2071.0	2171.0	2070.0	2123.0	2264.0	2344.0	2502.0	2909.0	3349.0	3884.0	4772.0	6236.0	8917.0	14870.0	28082.0
	12.0	13.0	14.0	15.0	16.0	17.0	18.0	19.0	20.0	21.0	22.0	23.0	24.0	25.0	26.0	27.0	28.0	29.0	30.0	31.0	32.0	33.0	34.0	35.0	36.0	37.0
402013_ITS_KP69D_TACTTCGC-CTAGAGCT_S60_L001_R1	2.0	4.0	0.0	7.0	10.0	159.0	938.0	4384.0	11496.0	16155.0	16802.0	16750.0	16318.0	17002.0	17281.0	18114.0	19710.0	21649.0	24516.0	27956.0	33348.0	42053.0	55443.0	79020.0	132918.0	234540.0
	16.0	17.0	18.0	19.0	20.0	21.0	22.0	23.0	24.0	25.0	26.0	27.0	28.0	29.0	30.0	31.0	32.0	33.0	34.0	35.0	36.0	37.0
402014_ITS_KP69D_TACTTCGC-GCTCTAGT_S61_L001_R1	2.0	11.0	97.0	457.0	1172.0	1741.0	1860.0	1920.0	1815.0	2004.0	1978.0	2013.0	2177.0	2445.0	2678.0	3152.0	3662.0	4808.0	5940.0	8430.0	13934.0	23571.0
	15.0	16.0	17.0	18.0	19.0	20.0	21.0	22.0	23.0	24.0	25.0	26.0	27.0	28.0	29.0	30.0	31.0	32.0	33.0	34.0	35.0	36.0	37.0
402015_ITS_KP69D_TACTTCGC-GACACTGA_S62_L001_R1	4.0	7.0	30.0	222.0	1012.0	2550.0	3364.0	3142.0	2993.0	3091.0	3037.0	3094.0	3296.0	3591.0	3987.0	4411.0	5049.0	6041.0	7472.0	9536.0	13042.0	21401.0	35671.0
	15.0	16.0	17.0	18.0	19.0	20.0	21.0	22.0	23.0	24.0	25.0	26.0	27.0	28.0	29.0	30.0	31.0	32.0	33.0	34.0	35.0	36.0	37.0
402016_ITS_KP69D_TACTTCGC-TGCGTACG_S63_L001_R1	3.0	6.0	18.0	117.0	470.0	1318.0	1844.0	1943.0	2040.0	2085.0	2052.0	2162.0	2262.0	2439.0	2690.0	3090.0	3403.0	4063.0	5025.0	6591.0	9092.0	15467.0	33304.0
	14.0	15.0	16.0	17.0	18.0	19.0	20.0	21.0	22.0	23.0	24.0	25.0	26.0	27.0	28.0	29.0	30.0	31.0	32.0	33.0	34.0	35.0	36.0	37.0
402017_ITS_KP69D_TACTTCGC-TAGTGTAG_S64_L001_R1	2.0	0.0	7.0	33.0	148.0	731.0	1812.0	2403.0	2488.0	2506.0	2642.0	2655.0	2712.0	2986.0	3171.0	3586.0	4024.0	4529.0	5530.0	6758.0	8868.0	12109.0	19798.0	34257.0
	17.0	18.0	19.0	20.0	21.0	22.0	23.0	24.0	25.0	26.0	27.0	28.0	29.0	30.0	31.0	32.0	33.0	34.0	35.0	36.0	37.0
402018_ITS_KP69D_GCTTCGGT-ACGACGTG_S65_L001_R1	4.0	12.0	93.0	216.0	332.0	381.0	375.0	360.0	421.0	427.0	416.0	463.0	512.0	552.0	660.0	786.0	943.0	1182.0	1592.0	2725.0	6359.0
	15.0	16.0	17.0	18.0	19.0	20.0	21.0	22.0	23.0	24.0	25.0	26.0	27.0	28.0	29.0	30.0	31.0	32.0	33.0	34.0	35.0	36.0	37.0
402019_ITS_KP69D_GCTTCGGT-ATATACAC_S66_L001_R1	1.0	0.0	18.0	92.0	312.0	896.0	1205.0	1272.0	1326.0	1327.0	1305.0	1441.0	1563.0	1645.0	1761.0	2045.0	2383.0	2851.0	3354.0	4527.0	5892.0	9380.0	17862.0
	18.0	19.0	20.0	21.0	22.0	23.0	24.0	25.0	26.0	27.0	28.0	29.0	30.0	31.0	32.0	33.0	34.0	35.0	36.0	37.0
402020_ITS_KP69D_GCTTCGGT-CGTCGCTA_S67_L001_R1	4.0	22.0	57.0	43.0	50.0	41.0	26.0	28.0	11.0	14.0	17.0	17.0	10.0	6.0	7.0	12.0	16.0	25.0	26.0	35.0
	15.0	16.0	17.0	18.0	19.0	20.0	21.0	22.0	23.0	24.0	25.0	26.0	27.0	28.0	29.0	30.0	31.0	32.0	33.0	34.0	35.0	36.0	37.0
402021_ITS_KP69D_GCTTCGGT-CTAGAGCT_S68_L001_R1	1.0	2.0	24.0	109.0	422.0	1149.0	1646.0	1716.0	1844.0	1749.0	1780.0	1828.0	1919.0	2189.0	2382.0	2502.0	3093.0	3688.0	4444.0	5778.0	8192.0	13493.0	24049.0
	17.0	18.0	19.0	20.0	21.0	22.0	23.0	24.0	25.0	26.0	27.0	28.0	29.0	30.0	31.0	32.0	33.0	34.0	35.0	36.0	37.0
402022_ITS_KP69D_GCTTCGGT-GCTCTAGT_S69_L001_R1	2.0	4.0	21.0	49.0	56.0	82.0	62.0	66.0	73.0	48.0	62.0	74.0	78.0	79.0	109.0	123.0	155.0	175.0	251.0	442.0	1079.0
	15.0	16.0	17.0	18.0	19.0	20.0	21.0	22.0	23.0	24.0	25.0	26.0	27.0	28.0	29.0	30.0	31.0	32.0	33.0	34.0	35.0	36.0	37.0
402023_ITS_KP69D_GCTTCGGT-GACACTGA_S70_L001_R1	1.0	1.0	12.0	99.0	552.0	1398.0	1895.0	2042.0	2037.0	2141.0	2171.0	2296.0	2305.0	2533.0	2704.0	3128.0	3531.0	4264.0	5195.0	6667.0	9404.0	15732.0	34255.0
	13.0	14.0	15.0	16.0	17.0	18.0	19.0	20.0	21.0	22.0	23.0	24.0	25.0	26.0	27.0	28.0	29.0	30.0	31.0	32.0	33.0	34.0	35.0	36.0	37.0
402024_ITS_KP69D_GCTTCGGT-TGCGTACG_S71_L001_R1	1.0	0.0	0.0	26.0	34.0	99.0	360.0	870.0	1216.0	1401.0	1487.0	1489.0	1601.0	1689.0	1757.0	1955.0	2207.0	2414.0	2729.0	3184.0	4111.0	5093.0	7312.0	12235.0	26881.0
	14.0	15.0	16.0	17.0	18.0	19.0	20.0	21.0	22.0	23.0	24.0	25.0	26.0	27.0	28.0	29.0	30.0	31.0	32.0	33.0	34.0	35.0	36.0	37.0
402025_ITS_KP69D_GCTTCGGT-TAGTGTAG_S72_L001_R1	1.0	2.0	43.0	82.0	129.0	357.0	902.0	1190.0	1341.0	1509.0	1527.0	1598.0	1777.0	1956.0	2048.0	2339.0	2587.0	2889.0	3576.0	4334.0	5512.0	7694.0	12565.0	26312.0
	15.0	16.0	17.0	18.0	19.0	20.0	21.0	22.0	23.0	24.0	25.0	26.0	27.0	28.0	29.0	30.0	31.0	32.0	33.0	34.0	35.0	36.0	37.0
402026_ITS_KP69D_CTTACACC-ACGACGTG_S73_L001_R1	2.0	6.0	25.0	186.0	889.0	2015.0	2728.0	2879.0	2881.0	3120.0	3189.0	3270.0	3564.0	3955.0	4258.0	4667.0	5564.0	6344.0	7564.0	9820.0	13109.0	21695.0	45186.0
	15.0	16.0	17.0	18.0	19.0	20.0	21.0	22.0	23.0	24.0	25.0	26.0	27.0	28.0	29.0	30.0	31.0	32.0	33.0	34.0	35.0	36.0	37.0
402027_ITS_KP69D_CTTACACC-ATATACAC_S74_L001_R1	1.0	6.0	29.0	221.0	888.0	1889.0	2268.0	2261.0	2311.0	2205.0	2300.0	2290.0	2441.0	2776.0	2904.0	3354.0	3889.0	4372.0	5538.0	6869.0	9513.0	15462.0	34380.0
	12.0	13.0	14.0	15.0	16.0	17.0	18.0	19.0	20.0	21.0	22.0	23.0	24.0	25.0	26.0	27.0	28.0	29.0	30.0	31.0	32.0	33.0	34.0	35.0	36.0	37.0
402028_ITS_KP69D_CTTACACC-CGTCGCTA_S75_L001_R1	1.0	0.0	1.0	2.0	9.0	46.0	296.0	1343.0	3345.0	4479.0	4753.0	4906.0	4989.0	5108.0	5311.0	5392.0	6073.0	6538.0	7367.0	8515.0	9964.0	12096.0	15741.0	21799.0	36687.0	82732.0
	14.0	15.0	16.0	17.0	18.0	19.0	20.0	21.0	22.0	23.0	24.0	25.0	26.0	27.0	28.0	29.0	30.0	31.0	32.0	33.0	34.0	35.0	36.0	37.0
402029_ITS_KP69D_CTTACACC-CTAGAGCT_S76_L001_R1	1.0	6.0	16.0	106.0	482.0	2134.0	5060.0	6747.0	6892.0	7059.0	7232.0	7623.0	7764.0	8307.0	8824.0	9658.0	11064.0	12471.0	15131.0	18395.0	24404.0	33827.0	56738.0	119377.0
	14.0	15.0	16.0	17.0	18.0	19.0	20.0	21.0	22.0	23.0	24.0	25.0	26.0	27.0	28.0	29.0	30.0	31.0	32.0	33.0	34.0	35.0	36.0	37.0
402030_ITS_KP69D_CTTACACC-GCTCTAGT_S77_L001_R1	1.0	4.0	8.0	29.0	147.0	574.0	1495.0	1980.0	2153.0	2143.0	2254.0	2324.0	2431.0	2623.0	2811.0	3088.0	3457.0	3958.0	4819.0	5872.0	7476.0	10352.0	16764.0	35343.0
	13.0	14.0	15.0	16.0	17.0	18.0	19.0	20.0	21.0	22.0	23.0	24.0	25.0	26.0	27.0	28.0	29.0	30.0	31.0	32.0	33.0	34.0	35.0	36.0	37.0
402031_ITS_KP69D_CTTACACC-GACACTGA_S78_L001_R1	1.0	2.0	3.0	9.0	62.0	297.0	1100.0	2508.0	3357.0	3361.0	3434.0	3479.0	3557.0	3673.0	3856.0	4116.0	4486.0	5163.0	5850.0	6900.0	8604.0	11148.0	15559.0	25421.0	52610.0
	12.0	13.0	14.0	15.0	16.0	17.0	18.0	19.0	20.0	21.0	22.0	23.0	24.0	25.0	26.0	27.0	28.0	29.0	30.0	31.0	32.0	33.0	34.0	35.0	36.0	37.0
402032_ITS_KP69D_CTTACACC-TGCGTACG_S79_L001_R1	1.0	0.0	0.0	1.0	4.0	24.0	163.0	776.0	1824.0	2433.0	2573.0	2669.0	2564.0	2659.0	2739.0	3030.0	3150.0	3535.0	3898.0	4451.0	5219.0	6565.0	8279.0	11363.0	19072.0	39604.0
	12.0	13.0	14.0	15.0	16.0	17.0	18.0	19.0	20.0	21.0	22.0	23.0	24.0	25.0	26.0	27.0	28.0	29.0	30.0	31.0	32.0	33.0	34.0	35.0	36.0	37.0
402033_ITS_KP69D_CTTACACC-TAGTGTAG_S80_L001_R1	1.0	0.0	0.0	0.0	5.0	26.0	170.0	677.0	1745.0	2430.0	2639.0	2685.0	2763.0	2816.0	2986.0	3008.0	3279.0	3668.0	3986.0	4605.0	5497.0	6885.0	8760.0	12192.0	20585.0	41169.0
	16.0	17.0	18.0	19.0	20.0	21.0	22.0	23.0	24.0	25.0	26.0	27.0	28.0	29.0	30.0	31.0	32.0	33.0	34.0	35.0	36.0	37.0
402034_ITS_KP69D_TGACCTCC-ACGACGTG_S81_L001_R1	3.0	11.0	91.0	430.0	995.0	1271.0	1312.0	1297.0	1348.0	1414.0	1454.0	1510.0	1681.0	1803.0	2017.0	2355.0	2798.0	3357.0	4310.0	5746.0	9452.0	17376.0
	13.0	14.0	15.0	16.0	17.0	18.0	19.0	20.0	21.0	22.0	23.0	24.0	25.0	26.0	27.0	28.0	29.0	30.0	31.0	32.0	33.0	34.0	35.0	36.0	37.0
402035_ITS_KP69D_TGACCTCC-ATATACAC_S82_L001_R1	2.0	2.0	3.0	13.0	80.0	409.0	1750.0	4208.0	5675.0	6142.0	6388.0	6475.0	6614.0	7106.0	7409.0	8009.0	8861.0	9942.0	11642.0	13644.0	16680.0	21797.0	29828.0	48694.0	103573.0
	15.0	16.0	17.0	18.0	19.0	20.0	21.0	22.0	23.0	24.0	25.0	26.0	27.0	28.0	29.0	30.0	31.0	32.0	33.0	34.0	35.0	36.0	37.0
402036_ITS_KP69D_TGACCTCC-CGTCGCTA_S83_L001_R1	2.0	2.0	25.0	157.0	542.0	1381.0	1971.0	2243.0	2364.0	2401.0	2574.0	2675.0	2877.0	3025.0	3383.0	3764.0	4193.0	5022.0	6370.0	8463.0	12126.0	20098.0	35165.0
	12.0	13.0	14.0	15.0	16.0	17.0	18.0	19.0	20.0	21.0	22.0	23.0	24.0	25.0	26.0	27.0	28.0	29.0	30.0	31.0	32.0	33.0	34.0	35.0	36.0	37.0
402037_ITS_KP69D_TGACCTCC-CTAGAGCT_S84_L001_R1	1.0	0.0	0.0	2.0	5.0	35.0	181.0	856.0	1901.0	2492.0	2586.0	2653.0	2635.0	2745.0	2873.0	2897.0	3152.0	3417.0	4019.0	4604.0	5460.0	6819.0	8932.0	12684.0	20957.0	38353.0
	15.0	16.0	17.0	18.0	19.0	20.0	21.0	22.0	23.0	24.0	25.0	26.0	27.0	28.0	29.0	30.0	31.0	32.0	33.0	34.0	35.0	36.0	37.0
402038_ITS_KP69D_TGACCTCC-GCTCTAGT_S85_L001_R1	1.0	2.0	13.0	76.0	285.0	755.0	1073.0	1140.0	1219.0	1275.0	1342.0	1408.0	1468.0	1597.0	1797.0	1956.0	2261.0	2652.0	3356.0	4354.0	6149.0	10125.0	19273.0
	13.0	14.0	15.0	16.0	17.0	18.0	19.0	20.0	21.0	22.0	23.0	24.0	25.0	26.0	27.0	28.0	29.0	30.0	31.0	32.0	33.0	34.0	35.0	36.0	37.0
402039_ITS_KP69D_TGACCTCC-GACACTGA_S86_L001_R1	2.0	1.0	2.0	1.0	23.0	129.0	687.0	1793.0	2330.0	2439.0	2360.0	2615.0	2653.0	2689.0	2859.0	3035.0	3342.0	3710.0	4251.0	5071.0	6147.0	8268.0	11619.0	19174.0	42674.0
	10.0	11.0	12.0	13.0	14.0	15.0	16.0	17.0	18.0	19.0	20.0	21.0	22.0	23.0	24.0	25.0	26.0	27.0	28.0	29.0	30.0	31.0	32.0	33.0	34.0	35.0	36.0	37.0
402040_ITS_KP69D_TGACCTCC-TGCGTACG_S87_L001_R1	1.0	0.0	0.0	2.0	0.0	2.0	1.0	29.0	176.0	783.0	1809.0	2430.0	2669.0	2846.0	2950.0	3083.0	3245.0	3342.0	3626.0	3937.0	4515.0	5203.0	6108.0	7713.0	9829.0	13924.0	23257.0	43732.0
	11.0	12.0	13.0	14.0	15.0	16.0	17.0	18.0	19.0	20.0	21.0	22.0	23.0	24.0	25.0	26.0	27.0	28.0	29.0	30.0	31.0	32.0	33.0	34.0	35.0	36.0	37.0
402041_ITS_KP69D_TGACCTCC-TAGTGTAG_S88_L001_R1	1.0	0.0	0.0	0.0	6.0	19.0	179.0	993.0	2772.0	6081.0	8367.0	9581.0	10706.0	11198.0	11783.0	12641.0	13345.0	14558.0	16004.0	18120.0	20721.0	25192.0	30632.0	39897.0	56622.0	95335.0	205932.0
	14.0	15.0	16.0	17.0	18.0	19.0	20.0	21.0	22.0	23.0	24.0	25.0	26.0	27.0	28.0	29.0	30.0	31.0	32.0	33.0	34.0	35.0	36.0	37.0
402042_ITS_KP69D_ACAAGGAG-ACGACGTG_S89_L001_R1	1.0	0.0	5.0	19.0	108.0	428.0	954.0	1287.0	1424.0	1488.0	1569.0	1660.0	1735.0	1880.0	1979.0	2180.0	2506.0	2980.0	3431.0	4404.0	5585.0	7691.0	12192.0	20763.0
	12.0	13.0	14.0	15.0	16.0	17.0	18.0	19.0	20.0	21.0	22.0	23.0	24.0	25.0	26.0	27.0	28.0	29.0	30.0	31.0	32.0	33.0	34.0	35.0	36.0	37.0
402043_ITS_KP69D_ACAAGGAG-ATATACAC_S90_L001_R1	1.0	0.0	0.0	1.0	6.0	61.0	384.0	1614.0	3869.0	5002.0	5703.0	5801.0	5817.0	6020.0	6346.0	6786.0	7077.0	8163.0	9113.0	10638.0	12239.0	15298.0	19930.0	27890.0	44836.0	86559.0
	15.0	16.0	17.0	18.0	19.0	20.0	21.0	22.0	23.0	24.0	25.0	26.0	27.0	28.0	29.0	30.0	31.0	32.0	33.0	34.0	35.0	36.0	37.0
402044_ITS_KP69D_ACAAGGAG-CGTCGCTA_S91_L001_R1	3.0	6.0	38.0	282.0	1153.0	2376.0	2947.0	2992.0	3021.0	3145.0	3013.0	3223.0	3350.0	3740.0	4072.0	4511.0	5149.0	6002.0	7196.0	9061.0	12286.0	20169.0	42894.0
	13.0	14.0	15.0	16.0	17.0	18.0	19.0	20.0	21.0	22.0	23.0	24.0	25.0	26.0	27.0	28.0	29.0	30.0	31.0	32.0	33.0	34.0	35.0	36.0	37.0
402045_ITS_KP69D_ACAAGGAG-CTAGAGCT_S92_L001_R1	3.0	1.0	7.0	16.0	130.0	816.0	3161.0	7265.0	9643.0	9930.0	10147.0	10344.0	10386.0	10873.0	11419.0	12343.0	13557.0	15157.0	17347.0	20407.0	25047.0	33024.0	46494.0	78002.0	156369.0
	15.0	16.0	17.0	18.0	19.0	20.0	21.0	22.0	23.0	24.0	25.0	26.0	27.0	28.0	29.0	30.0	31.0	32.0	33.0	34.0	35.0	36.0	37.0
402046_ITS_KP69D_ACAAGGAG-GCTCTAGT_S93_L001_R1	1.0	6.0	39.0	231.0	1002.0	2018.0	2393.0	2446.0	2505.0	2504.0	2603.0	2709.0	2958.0	3064.0	3379.0	3805.0	4348.0	5148.0	6329.0	8240.0	11460.0	18823.0	31800.0
	13.0	14.0	15.0	16.0	17.0	18.0	19.0	20.0	21.0	22.0	23.0	24.0	25.0	26.0	27.0	28.0	29.0	30.0	31.0	32.0	33.0	34.0	35.0	36.0	37.0
402047_ITS_KP8LM_TCTGTTGC-ACGACGTG_S1_L001_R1	2.0	4.0	11.0	27.0	158.0	778.0	2110.0	3939.0	5005.0	5411.0	5656.0	5948.0	6332.0	6984.0	7651.0	8867.0	10159.0	12373.0	15100.0	18794.0	23792.0	30598.0	41156.0	58583.0	43394.0
	13.0	14.0	15.0	16.0	17.0	18.0	19.0	20.0	21.0	22.0	23.0	24.0	25.0	26.0	27.0	28.0	29.0	30.0	31.0	32.0	33.0	34.0	35.0	36.0	37.0
402048_ITS_KP8LM_TCTGTTGC-ATATACAC_S2_L001_R1	2.0	1.0	0.0	11.0	20.0	157.0	413.0	799.0	1108.0	1146.0	1238.0	1291.0	1335.0	1472.0	1549.0	1784.0	2077.0	2400.0	2886.0	3623.0	4517.0	5992.0	8460.0	13545.0	13924.0
	13.0	14.0	15.0	16.0	17.0	18.0	19.0	20.0	21.0	22.0	23.0	24.0	25.0	26.0	27.0	28.0	29.0	30.0	31.0	32.0	33.0	34.0	35.0	36.0	37.0
402049_ITS_KP8LM_TCTGTTGC-CGTCGCTA_S3_L001_R1	1.0	2.0	3.0	3.0	39.0	240.0	659.0	1120.0	1379.0	1483.0	1562.0	1632.0	1687.0	1858.0	2064.0	2240.0	2582.0	3143.0	3714.0	4650.0	5784.0	7654.0	10375.0	16130.0	14911.0
	14.0	15.0	16.0	17.0	18.0	19.0	20.0	21.0	22.0	23.0	24.0	25.0	26.0	27.0	28.0	29.0	30.0	31.0	32.0	33.0	34.0	35.0	36.0	37.0
402050_ITS_KP8LM_GAAGAAGC-ACGACGTG_S4_L001_R1	1.0	2.0	1.0	9.0	50.0	171.0	403.0	558.0	612.0	655.0	686.0	735.0	708.0	839.0	919.0	1090.0	1351.0	1588.0	1936.0	2500.0	3187.0	4289.0	6859.0	5791.0
	14.0	15.0	16.0	17.0	18.0	19.0	20.0	21.0	22.0	23.0	24.0	25.0	26.0	27.0	28.0	29.0	30.0	31.0	32.0	33.0	34.0	35.0	36.0	37.0
402051_ITS_KP8LM_GACTCTTG-ACGACGTG_S5_L001_R1	8.0	5.0	21.0	91.0	461.0	1364.0	2686.0	3971.0	4355.0	4698.0	5040.0	5482.0	5745.0	6342.0	7075.0	8177.0	9551.0	11674.0	14570.0	18985.0	25565.0	36660.0	60449.0	57068.0
	14.0	15.0	16.0	17.0	18.0	19.0	20.0	21.0	22.0	23.0	24.0	25.0	26.0	27.0	28.0	29.0	30.0	31.0	32.0	33.0	34.0	35.0	36.0	37.0
402052_ITS_KP8LM_GAAGAAGC-CGTCGCTA_S6_L001_R1	1.0	3.0	3.0	12.0	53.0	241.0	587.0	782.0	822.0	920.0	899.0	997.0	1009.0	1168.0	1248.0	1436.0	1672.0	1910.0	2510.0	3133.0	4165.0	6048.0	10605.0	13790.0
	13.0	14.0	15.0	16.0	17.0	18.0	19.0	20.0	21.0	22.0	23.0	24.0	25.0	26.0	27.0	28.0	29.0	30.0	31.0	32.0	33.0	34.0	35.0	36.0	37.0
402053_ITS_KP8LM_GAAGAAGC-CTAGAGCT_S7_L001_R1	1.0	0.0	3.0	1.0	2.0	39.0	187.0	485.0	681.0	739.0	873.0	890.0	928.0	991.0	1124.0	1258.0	1401.0	1595.0	2000.0	2504.0	3302.0	4398.0	6423.0	11034.0	11665.0
	15.0	16.0	17.0	18.0	19.0	20.0	21.0	22.0	23.0	24.0	25.0	26.0	27.0	28.0	29.0	30.0	31.0	32.0	33.0	34.0	35.0	36.0	37.0
402054_ITS_KP8LM_GAAGAAGC-GCTCTAGT_S8_L001_R1	2.0	4.0	11.0	85.0	262.0	497.0	730.0	794.0	848.0	902.0	964.0	977.0	1149.0	1213.0	1370.0	1642.0	1927.0	2444.0	3131.0	4044.0	5763.0	9527.0	8922.0
	13.0	14.0	15.0	16.0	17.0	18.0	19.0	20.0	21.0	22.0	23.0	24.0	25.0	26.0	27.0	28.0	29.0	30.0	31.0	32.0	33.0	34.0	35.0	36.0	37.0
402055_ITS_KP8LM_GAAGAAGC-GACACTGA_S9_L001_R1	1.0	0.0	0.0	6.0	34.0	158.0	425.0	785.0	986.0	1113.0	1169.0	1345.0	1302.0	1404.0	1614.0	1801.0	2090.0	2519.0	2984.0	3731.0	4764.0	6146.0	8506.0	12701.0	11658.0
	12.0	13.0	14.0	15.0	16.0	17.0	18.0	19.0	20.0	21.0	22.0	23.0	24.0	25.0	26.0	27.0	28.0	29.0	30.0	31.0	32.0	33.0	34.0	35.0	36.0	37.0
402056_ITS_KP8LM_GAAGAAGC-TGCGTACG_S10_L001_R1	2.0	0.0	3.0	5.0	4.0	12.0	77.0	280.0	659.0	968.0	1209.0	1369.0	1501.0	1537.0	1644.0	1786.0	1961.0	2312.0	2671.0	3216.0	4143.0	5247.0	7007.0	10085.0	16305.0	15735.0
	12.0	13.0	14.0	15.0	16.0	17.0	18.0	19.0	20.0	21.0	22.0	23.0	24.0	25.0	26.0	27.0	28.0	29.0	30.0	31.0	32.0	33.0	34.0	35.0	36.0	37.0
402057_ITS_KP8LM_GACTCTTG-ATATACAC_S11_L001_R1	1.0	3.0	6.0	19.0	26.0	144.0	904.0	2725.0	5406.0	6654.0	7068.0	7391.0	8018.0	8221.0	8757.0	9809.0	11046.0	12596.0	15120.0	17866.0	22258.0	27880.0	36219.0	50531.0	84081.0	93574.0
	14.0	15.0	16.0	17.0	18.0	19.0	20.0	21.0	22.0	23.0	24.0	25.0	26.0	27.0	28.0	29.0	30.0	31.0	32.0	33.0	34.0	35.0	36.0	37.0
402058_ITS_KP8LM_GAGAGAAT-ACGACGTG_S12_L001_R1	1.0	1.0	2.0	14.0	70.0	264.0	633.0	790.0	864.0	889.0	930.0	968.0	1058.0	1189.0	1328.0	1439.0	1797.0	2117.0	2442.0	3213.0	4001.0	5461.0	8517.0	8250.0
	14.0	15.0	16.0	17.0	18.0	19.0	20.0	21.0	22.0	23.0	24.0	25.0	26.0	27.0	28.0	29.0	30.0	31.0	32.0	33.0	34.0	35.0	36.0	37.0
402059_ITS_KP8LM_GACTCTTG-CGTCGCTA_S13_L001_R1	1.0	1.0	11.0	86.0	417.0	1083.0	1925.0	2666.0	3690.0	2562.0	2555.0	2664.0	2789.0	2996.0	3471.0	3934.0	4659.0	5634.0	7071.0	9025.0	11790.0	16049.0	24657.0	20283.0
	14.0	15.0	16.0	17.0	18.0	19.0	20.0	21.0	22.0	23.0	24.0	25.0	26.0	27.0	28.0	29.0	30.0	31.0	32.0	33.0	34.0	35.0	36.0	37.0
402060_ITS_KP8LM_GAGAGAAT-CGTCGCTA_S14_L001_R1	3.0	0.0	0.0	5.0	49.0	199.0	455.0	569.0	641.0	675.0	636.0	668.0	758.0	787.0	867.0	1013.0	1159.0	1397.0	1813.0	2140.0	2901.0	4076.0	6900.0	6934.0
	12.0	13.0	14.0	15.0	16.0	17.0	18.0	19.0	20.0	21.0	22.0	23.0	24.0	25.0	26.0	27.0	28.0	29.0	30.0	31.0	32.0	33.0	34.0	35.0	36.0	37.0
402061_ITS_KP8LM_GAGAGAAT-CTAGAGCT_S15_L001_R1	1.0	1.0	3.0	5.0	8.0	25.0	161.0	731.0	1940.0	2935.0	3471.0	3844.0	4139.0	4341.0	4609.0	5184.0	5539.0	6463.0	7571.0	9490.0	12122.0	15520.0	21395.0	31102.0	50948.0	48153.0
	15.0	16.0	17.0	18.0	19.0	20.0	21.0	22.0	23.0	24.0	25.0	26.0	27.0	28.0	29.0	30.0	31.0	32.0	33.0	34.0	35.0	36.0	37.0
402062_ITS_KP8LM_GAGAGAAT-GCTCTAGT_S16_L001_R1	1.0	4.0	16.0	69.0	244.0	639.0	870.0	866.0	931.0	958.0	1070.0	1111.0	1192.0	1273.0	1482.0	1750.0	2181.0	2723.0	3421.0	4634.0	6506.0	10637.0	9374.0
	12.0	13.0	14.0	15.0	16.0	17.0	18.0	19.0	20.0	21.0	22.0	23.0	24.0	25.0	26.0	27.0	28.0	29.0	30.0	31.0	32.0	33.0	34.0	35.0	36.0	37.0
402063_ITS_KP8LM_GAGAGAAT-GACACTGA_S17_L001_R1	1.0	0.0	3.0	9.0	16.0	43.0	160.0	884.0	2392.0	3681.0	4184.0	4650.0	4824.0	5017.0	5433.0	5874.0	6253.0	7183.0	8484.0	10320.0	12989.0	16961.0	23360.0	34785.0	59120.0	64330.0
	14.0	15.0	16.0	17.0	18.0	19.0	20.0	21.0	22.0	23.0	24.0	25.0	26.0	27.0	28.0	29.0	30.0	31.0	32.0	33.0	34.0	35.0	36.0	37.0
402064_ITS_KP8LM_GAGAGAAT-TGCGTACG_S18_L001_R1	2.0	1.0	4.0	19.0	117.0	463.0	904.0	1019.0	1102.0	1031.0	1185.0	1168.0	1205.0	1362.0	1550.0	1724.0	2098.0	2404.0	3083.0	3978.0	5240.0	7291.0	11893.0	11753.0
	14.0	15.0	16.0	17.0	18.0	19.0	20.0	21.0	22.0	23.0	24.0	25.0	26.0	27.0	28.0	29.0	30.0	31.0	32.0	33.0	34.0	35.0	36.0	37.0
402065_ITS_KP8LM_GAGAGAAT-TAGTGTAG_S19_L001_R1	4.0	6.0	16.0	42.0	216.0	848.0	2029.0	3111.0	3681.0	4137.0	4510.0	4929.0	5445.0	6003.0	6826.0	8037.0	9500.0	11932.0	14328.0	17504.0	22247.0	31392.0	53733.0	64208.0
	14.0	15.0	16.0	17.0	18.0	19.0	20.0	21.0	22.0	23.0	24.0	25.0	26.0	27.0	28.0	29.0	30.0	31.0	32.0	33.0	34.0	35.0	36.0	37.0
402066_ITS_KP8LM_TCGTCGAT-ACGACGTG_S20_L001_R1	2.0	2.0	3.0	27.0	137.0	504.0	973.0	1161.0	1125.0	1098.0	1113.0	1191.0	1260.0	1382.0	1529.0	1810.0	2191.0	2585.0	3255.0	4229.0	5292.0	7196.0	10436.0	9265.0
	12.0	13.0	14.0	15.0	16.0	17.0	18.0	19.0	20.0	21.0	22.0	23.0	24.0	25.0	26.0	27.0	28.0	29.0	30.0	31.0	32.0	33.0	34.0	35.0	36.0	37.0
402067_ITS_KP8LM_TCGTCGAT-ATATACAC_S21_L001_R1	2.0	1.0	4.0	9.0	17.0	99.0	621.0	2293.0	4886.0	6215.0	6794.0	7071.0	7253.0	7614.0	8236.0	9039.0	10042.0	11935.0	14228.0	17500.0	21467.0	27369.0	35853.0	49395.0	74590.0	68625.0
	13.0	14.0	15.0	16.0	17.0	18.0	19.0	20.0	21.0	22.0	23.0	24.0	25.0	26.0	27.0	28.0	29.0	30.0	31.0	32.0	33.0	34.0	35.0	36.0	37.0
402068_ITS_KP8LM_TCGTCGAT-CGTCGCTA_S22_L001_R1	1.0	1.0	1.0	4.0	10.0	58.0	236.0	611.0	741.0	725.0	686.0	680.0	762.0	761.0	823.0	920.0	1027.0	1229.0	1442.0	1917.0	2366.0	3199.0	4519.0	7247.0	7659.0
	13.0	14.0	15.0	16.0	17.0	18.0	19.0	20.0	21.0	22.0	23.0	24.0	25.0	26.0	27.0	28.0	29.0	30.0	31.0	32.0	33.0	34.0	35.0	36.0	37.0
402069_ITS_KP8LM_TCGTCGAT-CTAGAGCT_S23_L001_R1	1.0	1.0	8.0	13.0	38.0	286.0	1462.0	3636.0	4864.0	5046.0	5328.0	5175.0	5402.0	5699.0	6020.0	6680.0	7503.0	8680.0	10601.0	13349.0	17344.0	23133.0	34095.0	58910.0	69032.0
	13.0	14.0	15.0	16.0	17.0	18.0	19.0	20.0	21.0	22.0	23.0	24.0	25.0	26.0	27.0	28.0	29.0	30.0	31.0	32.0	33.0	34.0	35.0	36.0	37.0
402070_ITS_KP8LM_TCGTCGAT-GCTCTAGT_S24_L001_R1	3.0	2.0	10.0	18.0	54.0	277.0	1476.0	3866.0	5133.0	5408.0	5429.0	5557.0	5673.0	6114.0	6610.0	7436.0	8322.0	9954.0	12076.0	15147.0	19602.0	26422.0	37669.0	61072.0	52126.0
	11.0	12.0	13.0	14.0	15.0	16.0	17.0	18.0	19.0	20.0	21.0	22.0	23.0	24.0	25.0	26.0	27.0	28.0	29.0	30.0	31.0	32.0	33.0	34.0	35.0	36.0	37.0
402071_ITS_KP8LM_GACTCTTG-GCTCTAGT_S25_L001_R1	1.0	1.0	0.0	5.0	3.0	14.0	69.0	353.0	984.0	2233.0	3331.0	3848.0	4062.0	4556.0	4710.0	4857.0	5440.0	6125.0	7016.0	8331.0	10264.0	13186.0	17239.0	23431.0	33385.0	53523.0	47832.0
	13.0	14.0	15.0	16.0	17.0	18.0	19.0	20.0	21.0	22.0	23.0	24.0	25.0	26.0	27.0	28.0	29.0	30.0	31.0	32.0	33.0	34.0	35.0	36.0	37.0
402072_ITS_KP8LM_TCGTCGAT-TGCGTACG_S26_L001_R1	2.0	3.0	2.0	7.0	28.0	197.0	960.0	2188.0	2640.0	2830.0	2920.0	3183.0	3374.0	3628.0	3816.0	4350.0	4940.0	5710.0	6884.0	7907.0	9699.0	12039.0	16273.0	25973.0	25794.0
	13.0	14.0	15.0	16.0	17.0	18.0	19.0	20.0	21.0	22.0	23.0	24.0	25.0	26.0	27.0	28.0	29.0	30.0	31.0	32.0	33.0	34.0	35.0	36.0	37.0
402073_ITS_KP8LM_GACTCTTG-GACACTGA_S27_L001_R1	2.0	2.0	6.0	8.0	62.0	370.0	1156.0	2289.0	2809.0	2836.0	2931.0	2886.0	3032.0	3329.0	3600.0	4016.0	4597.0	5453.0	6605.0	8234.0	10437.0	13409.0	19308.0	31223.0	31056.0
	13.0	14.0	15.0	16.0	17.0	18.0	19.0	20.0	21.0	22.0	23.0	24.0	25.0	26.0	27.0	28.0	29.0	30.0	31.0	32.0	33.0	34.0	35.0	36.0	37.0
402074_ITS_KP8LM_ATTGGGCT-ACGACGTG_S28_L001_R1	1.0	1.0	1.0	2.0	8.0	37.0	178.0	429.0	678.0	831.0	914.0	1021.0	1048.0	1191.0	1280.0	1433.0	1577.0	1950.0	2402.0	2879.0	3642.0	4764.0	6650.0	10818.0	9232.0
	13.0	14.0	15.0	16.0	17.0	18.0	19.0	20.0	21.0	22.0	23.0	24.0	25.0	26.0	27.0	28.0	29.0	30.0	31.0	32.0	33.0	34.0	35.0	36.0	37.0
402075_ITS_KP8LM_GACTCTTG-TGCGTACG_S29_L001_R1	1.0	5.0	4.0	12.0	54.0	293.0	1108.0	2587.0	3291.0	3546.0	3703.0	3908.0	3964.0	4312.0	4762.0	5409.0	6084.0	7181.0	8896.0	10982.0	13927.0	18409.0	25715.0	40971.0	38639.0
	12.0	13.0	14.0	15.0	16.0	17.0	18.0	19.0	20.0	21.0	22.0	23.0	24.0	25.0	26.0	27.0	28.0	29.0	30.0	31.0	32.0	33.0	34.0	35.0	36.0	37.0
402076_ITS_KP8LM_ATTGGGCT-CGTCGCTA_S30_L001_R1	1.0	0.0	1.0	2.0	5.0	21.0	95.0	331.0	819.0	1175.0	1255.0	1388.0	1482.0	1496.0	1607.0	1793.0	1955.0	2310.0	2612.0	3096.0	3757.0	4776.0	6319.0	8683.0	13609.0	11206.0
	12.0	13.0	14.0	15.0	16.0	17.0	18.0	19.0	20.0	21.0	22.0	23.0	24.0	25.0	26.0	27.0	28.0	29.0	30.0	31.0	32.0	33.0	34.0	35.0	36.0	37.0
402077_ITS_KP8LM_GACTCTTG-TAGTGTAG_S31_L001_R1	1.0	0.0	1.0	2.0	4.0	22.0	89.0	378.0	783.0	1117.0	1411.0	1561.0	1593.0	1738.0	1813.0	1986.0	2275.0	2524.0	3055.0	3730.0	4704.0	6044.0	8159.0	11865.0	20418.0	21659.0
	14.0	15.0	16.0	17.0	18.0	19.0	20.0	21.0	22.0	23.0	24.0	25.0	26.0	27.0	28.0	29.0	30.0	31.0	32.0	33.0	34.0	35.0	36.0	37.0
402078_ITS_KP8LM_ATTGGGCT-GCTCTAGT_S32_L001_R1	1.0	2.0	1.0	10.0	44.0	193.0	524.0	760.0	831.0	847.0	953.0	1066.0	1105.0	1250.0	1349.0	1640.0	1912.0	2304.0	2827.0	3610.0	4667.0	6583.0	9849.0	7286.0
	14.0	15.0	16.0	17.0	18.0	19.0	20.0	21.0	22.0	23.0	24.0	25.0	26.0	27.0	28.0	29.0	30.0	31.0	32.0	33.0	34.0	35.0	36.0	37.0
402079_ITS_KP8LM_ATTGGGCT-GACACTGA_S33_L001_R1	2.0	4.0	3.0	13.0	75.0	363.0	988.0	1388.0	1592.0	1549.0	1638.0	1859.0	2039.0	2202.0	2472.0	2983.0	3584.0	4263.0	4919.0	6100.0	7818.0	10860.0	17518.0	16521.0
	14.0	15.0	16.0	17.0	18.0	19.0	20.0	21.0	22.0	23.0	24.0	25.0	26.0	27.0	28.0	29.0	30.0	31.0	32.0	33.0	34.0	35.0	36.0	37.0
402080_ITS_KP8LM_ATTGGGCT-TGCGTACG_S34_L001_R1	1.0	0.0	1.0	13.0	63.0	246.0	572.0	758.0	816.0	891.0	986.0	1041.0	1153.0	1277.0	1440.0	1618.0	1961.0	2332.0	2781.0	3269.0	4082.0	5397.0	7934.0	6146.0
	14.0	15.0	16.0	17.0	18.0	19.0	20.0	21.0	22.0	23.0	24.0	25.0	26.0	27.0	28.0	29.0	30.0	31.0	32.0	33.0	34.0	35.0	36.0	37.0
402081_ITS_KP8LM_GCAGGATA-ACGACGTG_S35_L001_R1	3.0	11.0	15.0	60.0	326.0	1511.0	3621.0	5123.0	5484.0	5724.0	5875.0	6080.0	6544.0	7382.0	8268.0	9480.0	11544.0	13910.0	16748.0	20851.0	27538.0	38783.0	62560.0	52988.0
	13.0	14.0	15.0	16.0	17.0	18.0	19.0	20.0	21.0	22.0	23.0	24.0	25.0	26.0	27.0	28.0	29.0	30.0	31.0	32.0	33.0	34.0	35.0	36.0	37.0
402082_ITS_KP8LM_ACCACATA-ACGACGTG_S36_L001_R1	2.0	5.0	17.0	32.0	76.0	509.0	2509.0	5770.0	6618.0	6408.0	6263.0	6401.0	6389.0	6961.0	7655.0	8555.0	10023.0	11597.0	13847.0	17111.0	21124.0	27380.0	38297.0	62031.0	48269.0
	15.0	16.0	17.0	18.0	19.0	20.0	21.0	22.0	23.0	24.0	25.0	26.0	27.0	28.0	29.0	30.0	31.0	32.0	33.0	34.0	35.0	36.0	37.0
402083_ITS_KP8LM_ACCACATA-ATATACAC_S37_L001_R1	1.0	1.0	3.0	24.0	122.0	222.0	150.0	94.0	56.0	40.0	34.0	38.0	29.0	30.0	42.0	55.0	51.0	57.0	40.0	68.0	67.0	98.0	69.0
	11.0	12.0	13.0	14.0	15.0	16.0	17.0	18.0	19.0	20.0	21.0	22.0	23.0	24.0	25.0	26.0	27.0	28.0	29.0	30.0	31.0	32.0	33.0	34.0	35.0	36.0	37.0
402084_ITS_KP8LM_ACCACATA-CGTCGCTA_S38_L001_R1	1.0	0.0	1.0	2.0	3.0	5.0	28.0	173.0	809.0	1710.0	1816.0	1733.0	1708.0	1746.0	1766.0	1866.0	2186.0	2370.0	2748.0	3219.0	3856.0	4708.0	5919.0	7795.0	10407.0	16462.0	14814.0
	12.0	13.0	14.0	15.0	16.0	17.0	18.0	19.0	20.0	21.0	22.0	23.0	24.0	25.0	26.0	27.0	28.0	29.0	30.0	31.0	32.0	33.0	34.0	35.0	36.0	37.0
402085_ITS_KP8LM_ACCACATA-CTAGAGCT_S39_L001_R1	1.0	1.0	2.0	9.0	12.0	52.0	315.0	1645.0	4032.0	5330.0	5906.0	6134.0	6567.0	7079.0	8043.0	9497.0	11194.0	14652.0	19765.0	23054.0	17457.0	16912.0	21853.0	30227.0	45893.0	39126.0
	13.0	14.0	15.0	16.0	17.0	18.0	19.0	20.0	21.0	22.0	23.0	24.0	25.0	26.0	27.0	28.0	29.0	30.0	31.0	32.0	33.0	34.0	35.0	36.0	37.0
402086_ITS_KP8LM_ACCACATA-GCTCTAGT_S40_L001_R1	2.0	4.0	4.0	25.0	60.0	433.0	1972.0	4577.0	5665.0	5474.0	5509.0	5582.0	5920.0	6167.0	6850.0	7717.0	8770.0	10398.0	12638.0	15860.0	19916.0	26580.0	36553.0	58922.0	51109.0
	10.0	11.0	12.0	13.0	14.0	15.0	16.0	17.0	18.0	19.0	20.0	21.0	22.0	23.0	24.0	25.0	26.0	27.0	28.0	29.0	30.0	31.0	32.0	33.0	34.0	35.0	36.0	37.0
402087_ITS_KP8LM_GCAGGATA-CGTCGCTA_S41_L001_R1	1.0	0.0	1.0	2.0	4.0	10.0	11.0	56.0	391.0	1750.0	3905.0	4794.0	5149.0	5143.0	5355.0	5738.0	5934.0	6690.0	7296.0	8439.0	9926.0	11891.0	14806.0	18737.0	24850.0	34685.0	55585.0	48092.0
	14.0	15.0	16.0	17.0	18.0	19.0	20.0	21.0	22.0	23.0	24.0	25.0	26.0	27.0	28.0	29.0	30.0	31.0	32.0	33.0	34.0	35.0	36.0	37.0
402088_ITS_KP8LM_ACCACATA-TGCGTACG_S42_L001_R1	4.0	1.0	12.0	27.0	199.0	991.0	2461.0	3088.0	3127.0	3082.0	3077.0	3147.0	3360.0	3587.0	3969.0	4499.0	5169.0	6244.0	7786.0	9969.0	13269.0	19241.0	32550.0	35382.0
	17.0	18.0	19.0	20.0	21.0	22.0	23.0	24.0	25.0	26.0	27.0	28.0	29.0	30.0	31.0	32.0	33.0	34.0	35.0	36.0	37.0
402089_ITS_KP8LM_ACCACATA-TAGTGTAG_S43_L001_R1	1.0	12.0	50.0	120.0	118.0	97.0	69.0	86.0	98.0	87.0	79.0	93.0	130.0	132.0	148.0	173.0	236.0	334.0	424.0	716.0	698.0
	12.0	13.0	14.0	15.0	16.0	17.0	18.0	19.0	20.0	21.0	22.0	23.0	24.0	25.0	26.0	27.0	28.0	29.0	30.0	31.0	32.0	33.0	34.0	35.0	36.0	37.0
402090_ITS_KP8LM_GCAGGATA-GCTCTAGT_S44_L001_R1	1.0	2.0	5.0	13.0	27.0	83.0	389.0	1646.0	4214.0	6208.0	6565.0	6669.0	6921.0	7226.0	7572.0	8352.0	9094.0	10567.0	12613.0	15282.0	18889.0	24415.0	32641.0	47226.0	80171.0	90597.0
	13.0	14.0	15.0	16.0	17.0	18.0	19.0	20.0	21.0	22.0	23.0	24.0	25.0	26.0	27.0	28.0	29.0	30.0	31.0	32.0	33.0	34.0	35.0	36.0	37.0
402091_ITS_KP8LM_GCAGGATA-GACACTGA_S45_L001_R1	2.0	4.0	3.0	10.0	28.0	170.0	646.0	1384.0	1797.0	1747.0	1831.0	1781.0	1876.0	2072.0	2294.0	2528.0	2877.0	3271.0	4029.0	5022.0	6471.0	8583.0	12306.0	20732.0	23154.0
	13.0	14.0	15.0	16.0	17.0	18.0	19.0	20.0	21.0	22.0	23.0	24.0	25.0	26.0	27.0	28.0	29.0	30.0	31.0	32.0	33.0	34.0	35.0	36.0	37.0
402092_ITS_KP8LM_AACACAAG-CGTCGCTA_S46_L001_R1	1.0	4.0	10.0	10.0	28.0	209.0	1099.0	2771.0	3683.0	3741.0	3833.0	3777.0	3893.0	4154.0	4546.0	4910.0	5556.0	6587.0	7932.0	9640.0	12273.0	15994.0	23614.0	41584.0	53498.0
	11.0	12.0	13.0	14.0	15.0	16.0	17.0	18.0	19.0	20.0	21.0	22.0	23.0	24.0	25.0	26.0	27.0	28.0	29.0	30.0	31.0	32.0	33.0	34.0	35.0	36.0	37.0
402093_ITS_KP8LM_GCAGGATA-TGCGTACG_S47_L001_R1	1.0	1.0	4.0	4.0	6.0	20.0	76.0	408.0	1781.0	4137.0	5449.0	5874.0	6111.0	6476.0	6717.0	7180.0	7882.0	8738.0	10235.0	11969.0	14828.0	18553.0	23722.0	31798.0	44997.0	71987.0	59215.0
	13.0	14.0	15.0	16.0	17.0	18.0	19.0	20.0	21.0	22.0	23.0	24.0	25.0	26.0	27.0	28.0	29.0	30.0	31.0	32.0	33.0	34.0	35.0	36.0	37.0
402094_ITS_KP8LM_AACACAAG-GCTCTAGT_S48_L001_R1	4.0	2.0	10.0	19.0	50.0	291.0	1302.0	3279.0	4258.0	4460.0	4491.0	4508.0	4760.0	5021.0	5555.0	5870.0	6838.0	8090.0	9534.0	12014.0	15611.0	20844.0	29484.0	50408.0	54119.0
	16.0	17.0	18.0	19.0	20.0	21.0	22.0	23.0	24.0	25.0	26.0	27.0	28.0	29.0	30.0	31.0	32.0	33.0	34.0	35.0	36.0	37.0
402095_ITS_KP8LM_GCAGGATA-TAGTGTAG_S49_L001_R1	4.0	4.0	30.0	107.0	258.0	375.0	456.0	418.0	447.0	448.0	536.0	560.0	684.0	791.0	945.0	1165.0	1306.0	1656.0	2196.0	3216.0	5482.0	6472.0
	14.0	15.0	16.0	17.0	18.0	19.0	20.0	21.0	22.0	23.0	24.0	25.0	26.0	27.0	28.0	29.0	30.0	31.0	32.0	33.0	34.0	35.0	36.0	37.0
402096_ITS_KP8LM_AACACAAG-TGCGTACG_S50_L001_R1	1.0	3.0	4.0	19.0	99.0	454.0	1094.0	1377.0	1409.0	1263.0	1265.0	1293.0	1443.0	1568.0	1700.0	1919.0	2373.0	2954.0	3566.0	4444.0	6007.0	8401.0	13409.0	11580.0
	14.0	15.0	16.0	17.0	18.0	19.0	20.0	21.0	22.0	23.0	24.0	25.0	26.0	27.0	28.0	29.0	30.0	31.0	32.0	33.0	34.0	35.0	36.0	37.0
402097_ITS_KP8LM_AACACAAG-TAGTGTAG_S51_L001_R1	3.0	0.0	3.0	9.0	86.0	398.0	1012.0	1404.0	1544.0	1521.0	1556.0	1658.0	1772.0	1886.0	2166.0	2486.0	3035.0	3588.0	4392.0	5570.0	7257.0	10381.0	16614.0	12969.0
	14.0	15.0	16.0	17.0	18.0	19.0	20.0	21.0	22.0	23.0	24.0	25.0	26.0	27.0	28.0	29.0	30.0	31.0	32.0	33.0	34.0	35.0	36.0	37.0
402098_ITS_KP8LM_AATGTCCG-ACGACGTG_S52_L001_R1	1.0	0.0	3.0	9.0	66.0	324.0	701.0	814.0	862.0	905.0	956.0	1079.0	1171.0	1307.0	1503.0	1901.0	2295.0	2881.0	2784.0	2923.0	3715.0	4778.0	6453.0	5166.0
	13.0	14.0	15.0	16.0	17.0	18.0	19.0	20.0	21.0	22.0	23.0	24.0	25.0	26.0	27.0	28.0	29.0	30.0	31.0	32.0	33.0	34.0	35.0	36.0	37.0
402099_ITS_KP8LM_AATGTCCG-ATATACAC_S53_L001_R1	3.0	3.0	4.0	12.0	31.0	247.0	1007.0	2445.0	3343.0	3654.0	3996.0	4328.0	4755.0	5358.0	6254.0	7373.0	9019.0	11807.0	14807.0	15181.0	15716.0	16702.0	22468.0	35020.0	33351.0
	13.0	14.0	15.0	16.0	17.0	18.0	19.0	20.0	21.0	22.0	23.0	24.0	25.0	26.0	27.0	28.0	29.0	30.0	31.0	32.0	33.0	34.0	35.0	36.0	37.0
402100_ITS_KP8LM_AATGTCCG-CGTCGCTA_S54_L001_R1	1.0	1.0	0.0	8.0	4.0	91.0	369.0	792.0	939.0	978.0	1057.0	1067.0	1112.0	1172.0	1285.0	1447.0	1635.0	1890.0	2299.0	2894.0	3467.0	4338.0	6452.0	10533.0	11116.0
	13.0	14.0	15.0	16.0	17.0	18.0	19.0	20.0	21.0	22.0	23.0	24.0	25.0	26.0	27.0	28.0	29.0	30.0	31.0	32.0	33.0	34.0	35.0	36.0	37.0
402101_ITS_KP8LM_CGTCCGAA-ACGACGTG_S55_L001_R1	1.0	1.0	9.0	13.0	38.0	215.0	1072.0	2406.0	3411.0	3700.0	4023.0	4232.0	4596.0	5035.0	5956.0	6869.0	8633.0	11244.0	15463.0	17697.0	14364.0	14924.0	19361.0	30784.0	25722.0
	14.0	15.0	16.0	17.0	18.0	19.0	20.0	21.0	22.0	23.0	24.0	25.0	26.0	27.0	28.0	29.0	30.0	31.0	32.0	33.0	34.0	35.0	36.0	37.0
402102_ITS_KP8LM_AATGTCCG-GCTCTAGT_S56_L001_R1	2.0	2.0	2.0	15.0	93.0	365.0	791.0	917.0	1032.0	1102.0	1122.0	1186.0	1256.0	1393.0	1583.0	1813.0	2168.0	2540.0	2984.0	4084.0	5247.0	7122.0	11262.0	10169.0
	17.0	18.0	19.0	20.0	21.0	22.0	23.0	24.0	25.0	26.0	27.0	28.0	29.0	30.0	31.0	32.0	33.0	34.0	35.0	36.0	37.0
402103_ITS_KP8LM_AATGTCCG-GACACTGA_S57_L001_R1	1.0	11.0	50.0	89.0	55.0	36.0	22.0	21.0	23.0	19.0	13.0	27.0	39.0	36.0	47.0	51.0	66.0	74.0	94.0	172.0	210.0
	16.0	17.0	18.0	19.0	20.0	21.0	22.0	23.0	24.0	25.0	26.0	27.0	28.0	29.0	30.0	31.0	32.0	33.0	34.0	35.0	36.0	37.0
402104_ITS_KP8LM_AATGTCCG-TGCGTACG_S58_L001_R1	5.0	11.0	61.0	287.0	676.0	895.0	1006.0	1075.0	1134.0	1241.0	1353.0	1598.0	1783.0	2224.0	2610.0	3113.0	3192.0	3870.0	4831.0	6921.0	10925.0	11080.0
	14.0	15.0	16.0	17.0	18.0	19.0	20.0	21.0	22.0	23.0	24.0	25.0	26.0	27.0	28.0	29.0	30.0	31.0	32.0	33.0	34.0	35.0	36.0	37.0
402105_ITS_KP8LM_AATGTCCG-TAGTGTAG_S59_L001_R1	1.0	7.0	11.0	31.0	150.0	627.0	1610.0	2233.0	2743.0	2889.0	3123.0	3353.0	3679.0	4161.0	4796.0	5720.0	7025.0	8417.0	9264.0	11259.0	14798.0	20693.0	32506.0	27453.0
	16.0	17.0	18.0	19.0	20.0	21.0	22.0	23.0	24.0	25.0	26.0	27.0	28.0	29.0	30.0	31.0	32.0	33.0	34.0	35.0	36.0	37.0
402106_ITS_KP8LM_TACTTCGC-ACGACGTG_S60_L001_R1	1.0	32.0	140.0	432.0	845.0	876.0	890.0	898.0	830.0	925.0	941.0	1052.0	1226.0	1479.0	1839.0	2189.0	2608.0	3199.0	3980.0	4968.0	6361.0	5418.0
	13.0	14.0	15.0	16.0	17.0	18.0	19.0	20.0	21.0	22.0	23.0	24.0	25.0	26.0	27.0	28.0	29.0	30.0	31.0	32.0	33.0	34.0	35.0	36.0	37.0
402107_ITS_KP8LM_TACTTCGC-ATATACAC_S61_L001_R1	3.0	6.0	19.0	31.0	123.0	665.0	2807.0	5857.0	7043.0	7199.0	7391.0	7630.0	8275.0	8813.0	9596.0	10867.0	12659.0	14898.0	17807.0	21940.0	27135.0	34906.0	48070.0	78665.0	85390.0
	13.0	14.0	15.0	16.0	17.0	18.0	19.0	20.0	21.0	22.0	23.0	24.0	25.0	26.0	27.0	28.0	29.0	30.0	31.0	32.0	33.0	34.0	35.0	36.0	37.0
402108_ITS_KP8LM_TACTTCGC-CGTCGCTA_S62_L001_R1	1.0	1.0	1.0	4.0	17.0	114.0	450.0	985.0	1102.0	1078.0	1115.0	1161.0	1251.0	1237.0	1324.0	1475.0	1709.0	1935.0	2393.0	2982.0	3823.0	5116.0	7142.0	12042.0	12684.0
	13.0	14.0	15.0	16.0	17.0	18.0	19.0	20.0	21.0	22.0	23.0	24.0	25.0	26.0	27.0	28.0	29.0	30.0	31.0	32.0	33.0	34.0	35.0	36.0	37.0
402109_ITS_KP8LM_TACTTCGC-CTAGAGCT_S63_L001_R1	1.0	1.0	6.0	8.0	33.0	185.0	891.0	1954.0	2225.0	2230.0	2202.0	2322.0	2783.0	3842.0	3555.0	3381.0	3447.0	3857.0	4344.0	5113.0	6364.0	8111.0	10883.0	18247.0	20141.0
	12.0	13.0	14.0	15.0	16.0	17.0	18.0	19.0	20.0	21.0	22.0	23.0	24.0	25.0	26.0	27.0	28.0	29.0	30.0	31.0	32.0	33.0	34.0	35.0	36.0	37.0
402110_ITS_KP8LM_TACTTCGC-GCTCTAGT_S64_L001_R1	1.0	0.0	1.0	2.0	5.0	16.0	96.0	551.0	1217.0	1477.0	1534.0	1567.0	1687.0	1759.0	1935.0	2129.0	2417.0	2608.0	3028.0	3591.0	4415.0	5380.0	7082.0	9809.0	16795.0	19373.0
	14.0	15.0	16.0	17.0	18.0	19.0	20.0	21.0	22.0	23.0	24.0	25.0	26.0	27.0	28.0	29.0	30.0	31.0	32.0	33.0	34.0	35.0	36.0	37.0
402111_ITS_KP8LM_CGTCCGAA-CGTCGCTA_S65_L001_R1	3.0	2.0	6.0	31.0	139.0	665.0	1425.0	1894.0	1958.0	2052.0	2245.0	2475.0	2971.0	3514.0	3879.0	3448.0	3625.0	4204.0	5012.0	5987.0	7820.0	10514.0	17758.0	19215.0
	14.0	15.0	16.0	17.0	18.0	19.0	20.0	21.0	22.0	23.0	24.0	25.0	26.0	27.0	28.0	29.0	30.0	31.0	32.0	33.0	34.0	35.0	36.0	37.0
402112_ITS_KP8LM_TACTTCGC-TGCGTACG_S66_L001_R1	1.0	1.0	4.0	15.0	106.0	429.0	973.0	1164.0	1204.0	1131.0	1181.0	1239.0	1273.0	1394.0	1544.0	1807.0	2077.0	2533.0	3222.0	3949.0	5247.0	7425.0	12261.0	13112.0
	13.0	14.0	15.0	16.0	17.0	18.0	19.0	20.0	21.0	22.0	23.0	24.0	25.0	26.0	27.0	28.0	29.0	30.0	31.0	32.0	33.0	34.0	35.0	36.0	37.0
402113_ITS_KP8LM_TACTTCGC-TAGTGTAG_S67_L001_R1	1.0	5.0	4.0	12.0	82.0	398.0	1335.0	2749.0	3486.0	3925.0	3967.0	4238.0	4501.0	4810.0	5352.0	5923.0	7003.0	8193.0	9712.0	11652.0	14339.0	18317.0	25282.0	43309.0	53895.0
	13.0	14.0	15.0	16.0	17.0	18.0	19.0	20.0	21.0	22.0	23.0	24.0	25.0	26.0	27.0	28.0	29.0	30.0	31.0	32.0	33.0	34.0	35.0	36.0	37.0
402114_ITS_KP8LM_GCTTCGGT-ACGACGTG_S68_L001_R1	1.0	2.0	0.0	4.0	7.0	49.0	190.0	498.0	698.0	721.0	774.0	803.0	818.0	839.0	949.0	1082.0	1266.0	1448.0	1795.0	2103.0	2647.0	3555.0	4712.0	7493.0	7871.0
	15.0	16.0	17.0	18.0	19.0	20.0	21.0	22.0	23.0	24.0	25.0	26.0	27.0	28.0	29.0	30.0	31.0	32.0	33.0	34.0	35.0	36.0	37.0
402115_ITS_KP8LM_GCTTCGGT-ATATACAC_S69_L001_R1	2.0	4.0	9.0	64.0	302.0	685.0	825.0	802.0	841.0	942.0	940.0	1019.0	1079.0	1268.0	1396.0	1728.0	2024.0	2508.0	3214.0	4078.0	5705.0	8884.0	9427.0
	16.0	17.0	18.0	19.0	20.0	21.0	22.0	23.0	24.0	25.0	26.0	27.0	28.0	29.0	30.0	31.0	32.0	33.0	34.0	35.0	36.0	37.0
402116_ITS_KP8LM_GCTTCGGT-CGTCGCTA_S70_L001_R1	1.0	8.0	32.0	172.0	442.0	544.0	652.0	622.0	705.0	656.0	758.0	740.0	912.0	977.0	1121.0	1374.0	1724.0	2128.0	2836.0	4025.0	6751.0	8581.0
	15.0	16.0	17.0	18.0	19.0	20.0	21.0	22.0	23.0	24.0	25.0	26.0	27.0	28.0	29.0	30.0	31.0	32.0	33.0	34.0	35.0	36.0	37.0
402117_ITS_KP8LM_GCTTCGGT-CTAGAGCT_S71_L001_R1	1.0	4.0	9.0	61.0	253.0	616.0	808.0	858.0	864.0	889.0	886.0	965.0	965.0	1092.0	1343.0	1531.0	1831.0	2211.0	2775.0	3874.0	5443.0	9529.0	11689.0
	14.0	15.0	16.0	17.0	18.0	19.0	20.0	21.0	22.0	23.0	24.0	25.0	26.0	27.0	28.0	29.0	30.0	31.0	32.0	33.0	34.0	35.0	36.0	37.0
402118_ITS_KP8LM_GCTTCGGT-GCTCTAGT_S72_L001_R1	1.0	2.0	2.0	8.0	37.0	198.0	455.0	624.0	592.0	656.0	644.0	697.0	722.0	803.0	914.0	991.0	1197.0	1463.0	1782.0	2352.0	3105.0	4445.0	7432.0	7448.0
	12.0	13.0	14.0	15.0	16.0	17.0	18.0	19.0	20.0	21.0	22.0	23.0	24.0	25.0	26.0	27.0	28.0	29.0	30.0	31.0	32.0	33.0	34.0	35.0	36.0	37.0
402119_ITS_KP8LM_GCTTCGGT-GACACTGA_S73_L001_R1	1.0	0.0	4.0	0.0	1.0	8.0	38.0	161.0	447.0	569.0	586.0	628.0	632.0	651.0	657.0	702.0	856.0	987.0	1196.0	1441.0	1819.0	2271.0	3044.0	4149.0	6746.0	7060.0
	16.0	17.0	18.0	19.0	20.0	21.0	22.0	23.0	24.0	25.0	26.0	27.0	28.0	29.0	30.0	31.0	32.0	33.0	34.0	35.0	36.0	37.0
402120_ITS_KP8LM_GCTTCGGT-TGCGTACG_S74_L001_R1	1.0	2.0	18.0	110.0	296.0	433.0	457.0	493.0	544.0	590.0	569.0	625.0	737.0	848.0	914.0	1152.0	1449.0	1864.0	2575.0	3832.0	6614.0	5491.0
	15.0	16.0	17.0	18.0	19.0	20.0	21.0	22.0	23.0	24.0	25.0	26.0	27.0	28.0	29.0	30.0	31.0	32.0	33.0	34.0	35.0	36.0	37.0
402121_ITS_KP8LM_GCTTCGGT-TAGTGTAG_S75_L001_R1	1.0	1.0	2.0	19.0	112.0	335.0	500.0	527.0	579.0	664.0	682.0	729.0	808.0	906.0	1030.0	1203.0	1480.0	1848.0	2416.0	3192.0	4390.0	7625.0	7632.0
	15.0	16.0	17.0	18.0	19.0	20.0	21.0	22.0	23.0	24.0	25.0	26.0	27.0	28.0	29.0	30.0	31.0	32.0	33.0	34.0	35.0	36.0	37.0
402122_ITS_KP8LM_CTTACACC-ACGACGTG_S76_L001_R1	1.0	2.0	10.0	53.0	300.0	732.0	860.0	859.0	760.0	788.0	829.0	886.0	978.0	1162.0	1264.0	1594.0	1908.0	2260.0	2787.0	3650.0	5118.0	8220.0	8057.0
	15.0	16.0	17.0	18.0	19.0	20.0	21.0	22.0	23.0	24.0	25.0	26.0	27.0	28.0	29.0	30.0	31.0	32.0	33.0	34.0	35.0	36.0	37.0
402123_ITS_KP8LM_CTTACACC-ATATACAC_S77_L001_R1	3.0	3.0	22.0	114.0	476.0	943.0	1172.0	1173.0	1088.0	1070.0	1174.0	1247.0	1299.0	1494.0	1692.0	1977.0	2229.0	2752.0	3376.0	4364.0	5815.0	9234.0	9071.0
	16.0	17.0	18.0	19.0	20.0	21.0	22.0	23.0	24.0	25.0	26.0	27.0	28.0	29.0	30.0	31.0	32.0	33.0	34.0	35.0	36.0	37.0
402124_ITS_KP8LM_CTTACACC-CGTCGCTA_S78_L001_R1	2.0	7.0	54.0	238.0	575.0	686.0	682.0	713.0	692.0	696.0	696.0	790.0	821.0	951.0	1122.0	1349.0	1645.0	2093.0	2781.0	3933.0	6762.0	7633.0
	16.0	17.0	18.0	19.0	20.0	21.0	22.0	23.0	24.0	25.0	26.0	27.0	28.0	29.0	30.0	31.0	32.0	33.0	34.0	35.0	36.0	37.0
402125_ITS_KP8LM_CTTACACC-CTAGAGCT_S79_L001_R1	4.0	8.0	49.0	271.0	643.0	819.0	814.0	862.0	824.0	894.0	882.0	1023.0	1111.0	1232.0	1460.0	1727.0	2284.0	2809.0	3810.0	5579.0	9175.0	9369.0
	13.0	14.0	15.0	16.0	17.0	18.0	19.0	20.0	21.0	22.0	23.0	24.0	25.0	26.0	27.0	28.0	29.0	30.0	31.0	32.0	33.0	34.0	35.0	36.0	37.0
402126_ITS_KP8LM_CTTACACC-GCTCTAGT_S80_L001_R1	1.0	0.0	1.0	4.0	10.0	51.0	292.0	656.0	867.0	836.0	877.0	832.0	870.0	935.0	1038.0	1135.0	1286.0	1494.0	1877.0	2313.0	2939.0	3897.0	5672.0	9435.0	9380.0
	13.0	14.0	15.0	16.0	17.0	18.0	19.0	20.0	21.0	22.0	23.0	24.0	25.0	26.0	27.0	28.0	29.0	30.0	31.0	32.0	33.0	34.0	35.0	36.0	37.0
402127_ITS_KP8LM_CTTACACC-GACACTGA_S81_L001_R1	1.0	0.0	4.0	3.0	9.0	67.0	280.0	766.0	992.0	922.0	1007.0	1032.0	959.0	1008.0	1110.0	1273.0	1455.0	1689.0	2130.0	2503.0	3501.0	4496.0	6625.0	10634.0	10292.0
	15.0	16.0	17.0	18.0	19.0	20.0	21.0	22.0	23.0	24.0	25.0	26.0	27.0	28.0	29.0	30.0	31.0	32.0	33.0	34.0	35.0	36.0	37.0
402128_ITS_KP8LM_CTTACACC-TGCGTACG_S82_L001_R1	1.0	0.0	3.0	7.0	44.0	80.0	76.0	62.0	41.0	50.0	47.0	45.0	38.0	46.0	64.0	74.0	74.0	121.0	133.0	200.0	245.0	353.0	371.0
	13.0	14.0	15.0	16.0	17.0	18.0	19.0	20.0	21.0	22.0	23.0	24.0	25.0	26.0	27.0	28.0	29.0	30.0	31.0	32.0	33.0	34.0	35.0	36.0	37.0
402129_ITS_KP8LM_CTTACACC-TAGTGTAG_S83_L001_R1	1.0	3.0	3.0	1.0	7.0	73.0	261.0	651.0	905.0	841.0	928.0	1002.0	1013.0	1099.0	1175.0	1253.0	1465.0	1719.0	2111.0	2681.0	3264.0	4347.0	6229.0	10818.0	12963.0
	14.0	15.0	16.0	17.0	18.0	19.0	20.0	21.0	22.0	23.0	24.0	25.0	26.0	27.0	28.0	29.0	30.0	31.0	32.0	33.0	34.0	35.0	36.0	37.0
402130_ITS_KP8LM_TGACCTCC-ACGACGTG_S84_L001_R1	2.0	4.0	5.0	13.0	101.0	367.0	815.0	1123.0	1196.0	1138.0	1248.0	1291.0	1382.0	1499.0	1692.0	1931.0	2291.0	2875.0	3311.0	4110.0	5336.0	7366.0	12390.0	12036.0
	14.0	15.0	16.0	17.0	18.0	19.0	20.0	21.0	22.0	23.0	24.0	25.0	26.0	27.0	28.0	29.0	30.0	31.0	32.0	33.0	34.0	35.0	36.0	37.0
402131_ITS_KP8LM_TGACCTCC-ATATACAC_S85_L001_R1	2.0	2.0	2.0	12.0	106.0	448.0	840.0	1163.0	1364.0	1346.0	1268.0	1306.0	1366.0	1451.0	1736.0	2165.0	2515.0	3294.0	3617.0	4241.0	5397.0	7548.0	12069.0	10925.0
	12.0	13.0	14.0	15.0	16.0	17.0	18.0	19.0	20.0	21.0	22.0	23.0	24.0	25.0	26.0	27.0	28.0	29.0	30.0	31.0	32.0	33.0	34.0	35.0	36.0	37.0
402132_ITS_KP8LM_TGACCTCC-CGTCGCTA_S86_L001_R1	1.0	0.0	1.0	2.0	4.0	12.0	82.0	383.0	849.0	1063.0	1222.0	1143.0	1183.0	1253.0	1250.0	1393.0	1535.0	1709.0	2210.0	2536.0	3061.0	3898.0	5150.0	7396.0	12500.0	12888.0
	15.0	16.0	17.0	18.0	19.0	20.0	21.0	22.0	23.0	24.0	25.0	26.0	27.0	28.0	29.0	30.0	31.0	32.0	33.0	34.0	35.0	36.0	37.0
402133_ITS_KP8LM_TGACCTCC-CTAGAGCT_S87_L001_R1	2.0	5.0	16.0	78.0	448.0	929.0	1316.0	1446.0	1394.0	1508.0	1545.0	1577.0	1736.0	2000.0	2396.0	2753.0	3479.0	4290.0	5147.0	6599.0	9231.0	13980.0	12255.0
	11.0	12.0	13.0	14.0	15.0	16.0	17.0	18.0	19.0	20.0	21.0	22.0	23.0	24.0	25.0	26.0	27.0	28.0	29.0	30.0	31.0	32.0	33.0	34.0	35.0	36.0	37.0
402134_ITS_KP8LM_TGACCTCC-GCTCTAGT_S88_L001_R1	1.0	2.0	0.0	1.0	5.0	4.0	23.0	93.0	413.0	875.0	1093.0	1123.0	1166.0	1306.0	1363.0	1442.0	1695.0	2007.0	2396.0	3175.0	3651.0	3588.0	4010.0	5191.0	7030.0	10738.0	10262.0
	14.0	15.0	16.0	17.0	18.0	19.0	20.0	21.0	22.0	23.0	24.0	25.0	26.0	27.0	28.0	29.0	30.0	31.0	32.0	33.0	34.0	35.0	36.0	37.0
402135_ITS_KP8LM_TGACCTCC-GACACTGA_S89_L001_R1	1.0	1.0	8.0	21.0	174.0	661.0	1365.0	1640.0	1667.0	1780.0	1857.0	1866.0	2049.0	2326.0	2758.0	3359.0	4236.0	5321.0	5228.0	5687.0	7328.0	10308.0	16609.0	14884.0
	14.0	15.0	16.0	17.0	18.0	19.0	20.0	21.0	22.0	23.0	24.0	25.0	26.0	27.0	28.0	29.0	30.0	31.0	32.0	33.0	34.0	35.0	36.0	37.0
402136_ITS_KP8LM_TGACCTCC-TGCGTACG_S90_L001_R1	1.0	1.0	4.0	6.0	69.0	323.0	704.0	974.0	1030.0	1072.0	1111.0	1199.0	1185.0	1336.0	1421.0	1678.0	1984.0	2238.0	2850.0	3794.0	4871.0	7094.0	11332.0	10347.0
	14.0	15.0	16.0	17.0	18.0	19.0	20.0	21.0	22.0	23.0	24.0	25.0	26.0	27.0	28.0	29.0	30.0	31.0	32.0	33.0	34.0	35.0	36.0	37.0
402137_ITS_KP8LM_TGACCTCC-TAGTGTAG_S91_L001_R1	1.0	3.0	2.0	9.0	79.0	300.0	700.0	982.0	1079.0	1055.0	1215.0	1225.0	1367.0	1450.0	1743.0	1894.0	2295.0	2830.0	3437.0	4414.0	5974.0	8134.0	12796.0	10594.0
	14.0	15.0	16.0	17.0	18.0	19.0	20.0	21.0	22.0	23.0	24.0	25.0	26.0	27.0	28.0	29.0	30.0	31.0	32.0	33.0	34.0	35.0	36.0	37.0
402138_ITS_KP8LM_ACAAGGAG-ACGACGTG_S92_L001_R1	1.0	2.0	5.0	10.0	67.0	274.0	679.0	925.0	961.0	968.0	956.0	1063.0	1131.0	1278.0	1465.0	1699.0	1884.0	2161.0	2593.0	3225.0	4245.0	6100.0	9494.0	7775.0
	15.0	16.0	17.0	18.0	19.0	20.0	21.0	22.0	23.0	24.0	25.0	26.0	27.0	28.0	29.0	30.0	31.0	32.0	33.0	34.0	35.0	36.0	37.0
402139_ITS_KP8LM_ACAAGGAG-ATATACAC_S93_L001_R1	1.0	6.0	19.0	99.0	380.0	920.0	1238.0	1377.0	1406.0	1377.0	1595.0	1706.0	1899.0	2189.0	2528.0	2890.0	3443.0	4282.0	5430.0	6854.0	9493.0	14541.0	12862.0
	15.0	16.0	17.0	18.0	19.0	20.0	21.0	22.0	23.0	24.0	25.0	26.0	27.0	28.0	29.0	30.0	31.0	32.0	33.0	34.0	35.0	36.0	37.0
402140_ITS_KP8LM_ACAAGGAG-CGTCGCTA_S94_L001_R1	2.0	1.0	9.0	67.0	291.0	667.0	801.0	841.0	804.0	862.0	922.0	839.0	1009.0	1178.0	1376.0	1649.0	1943.0	2480.0	2869.0	3722.0	4964.0	8047.0	7757.0
	14.0	15.0	16.0	17.0	18.0	19.0	20.0	21.0	22.0	23.0	24.0	25.0	26.0	27.0	28.0	29.0	30.0	31.0	32.0	33.0	34.0	35.0	36.0	37.0
402141_ITS_KP8LM_ACAAGGAG-CTAGAGCT_S95_L001_R1	2.0	1.0	4.0	13.0	57.0	256.0	549.0	729.0	801.0	773.0	815.0	844.0	928.0	1009.0	1069.0	1329.0	1593.0	1872.0	2470.0	2751.0	3442.0	4627.0	7546.0	7444.0
	13.0	14.0	15.0	16.0	17.0	18.0	19.0	20.0	21.0	22.0	23.0	24.0	25.0	26.0	27.0	28.0	29.0	30.0	31.0	32.0	33.0	34.0	35.0	36.0	37.0
402142_ITS_KP8LM_ACAAGGAG-GCTCTAGT_S96_L001_R1	1.0	0.0	1.0	5.0	18.0	55.0	334.0	707.0	885.0	867.0	923.0	995.0	982.0	1091.0	1198.0	1319.0	1510.0	1818.0	2231.0	2629.0	3421.0	4413.0	6150.0	10531.0	11136.0
	11.0	12.0	13.0	14.0	15.0	16.0	17.0	18.0	19.0	20.0	21.0	22.0	23.0	24.0	25.0	26.0	27.0	28.0	29.0	30.0	31.0	32.0	33.0	34.0	35.0	36.0	37.0
402143_ITS_KP8LM_TCTGTTGC-CTAGAGCT_S97_L001_R1	3.0	0.0	1.0	6.0	7.0	14.0	130.0	597.0	1941.0	4321.0	5923.0	6378.0	6821.0	7464.0	7880.0	8400.0	9098.0	10188.0	11639.0	13628.0	16625.0	20084.0	24820.0	31623.0	43179.0	67827.0	76630.0
	15.0	16.0	17.0	18.0	19.0	20.0	21.0	22.0	23.0	24.0	25.0	26.0	27.0	28.0	29.0	30.0	31.0	32.0	33.0	34.0	35.0	36.0	37.0
402144_ITS_KP8LM_TCTGTTGC-GCTCTAGT_S98_L001_R1	2.0	0.0	12.0	82.0	302.0	666.0	824.0	870.0	959.0	967.0	1025.0	1013.0	1242.0	1397.0	1575.0	1895.0	2182.0	2750.0	3437.0	4475.0	6162.0	10887.0	14073.0
	14.0	15.0	16.0	17.0	18.0	19.0	20.0	21.0	22.0	23.0	24.0	25.0	26.0	27.0	28.0	29.0	30.0	31.0	32.0	33.0	34.0	35.0	36.0	37.0
402145_ITS_KP8LM_TCTGTTGC-GACACTGA_S99_L001_R1	1.0	4.0	3.0	22.0	97.0	400.0	940.0	1255.0	1225.0	1196.0	1302.0	1326.0	1544.0	1632.0	1769.0	1987.0	2330.0	2845.0	3499.0	4369.0	5827.0	8419.0	13548.0	14796.0
	13.0	14.0	15.0	16.0	17.0	18.0	19.0	20.0	21.0	22.0	23.0	24.0	25.0	26.0	27.0	28.0	29.0	30.0	31.0	32.0	33.0	34.0	35.0	36.0	37.0
402146_ITS_KP69D_TATCAGGT-ACGACGTG_S94_L001_R1	1.0	0.0	2.0	4.0	21.0	151.0	587.0	1509.0	2022.0	2223.0	2438.0	2569.0	2724.0	2937.0	3250.0	3446.0	3574.0	4261.0	4932.0	5675.0	6864.0	8809.0	12102.0	19425.0	39031.0
	12.0	13.0	14.0	15.0	16.0	17.0	18.0	19.0	20.0	21.0	22.0	23.0	24.0	25.0	26.0	27.0	28.0	29.0	30.0	31.0	32.0	33.0	34.0	35.0	36.0	37.0
402147_ITS_KP69D_TATCAGGT-ATATACAC_S95_L001_R1	1.0	0.0	0.0	3.0	8.0	45.0	273.0	1066.0	2364.0	2969.0	3168.0	3121.0	3293.0	3349.0	3668.0	3776.0	4134.0	4502.0	5115.0	5918.0	7047.0	8751.0	10815.0	14461.0	22698.0	43662.0
	12.0	13.0	14.0	15.0	16.0	17.0	18.0	19.0	20.0	21.0	22.0	23.0	24.0	25.0	26.0	27.0	28.0	29.0	30.0	31.0	32.0	33.0	34.0	35.0	36.0	37.0
402148_ITS_KP69D_TATCAGGT-CGTCGCTA_S96_L001_R1	1.0	0.0	1.0	1.0	3.0	32.0	166.0	776.0	2109.0	3092.0	3268.0	3382.0	3540.0	3559.0	3558.0	3954.0	4132.0	4591.0	5017.0	5865.0	6945.0	8546.0	10996.0	15264.0	25624.0	52206.0
	11.0	12.0	13.0	14.0	15.0	16.0	17.0	18.0	19.0	20.0	21.0	22.0	23.0	24.0	25.0	26.0	27.0	28.0	29.0	30.0	31.0	32.0	33.0	34.0	35.0	36.0	37.0
402149_ITS_KP69D_TATCAGGT-CTAGAGCT_S97_L001_R1	1.0	0.0	1.0	0.0	3.0	11.0	41.0	268.0	1253.0	2909.0	3721.0	3878.0	3843.0	3767.0	3949.0	4001.0	4296.0	4607.0	5148.0	5692.0	6678.0	8040.0	10034.0	12877.0	18293.0	30144.0	61873.0
	16.0	17.0	18.0	19.0	20.0	21.0	22.0	23.0	24.0	25.0	26.0	27.0	28.0	29.0	30.0	31.0	32.0	33.0	34.0	35.0	36.0	37.0
402150_ITS_KP69D_TATCAGGT-GCTCTAGT_S98_L001_R1	3.0	10.0	74.0	360.0	860.0	1191.0	1376.0	1420.0	1467.0	1499.0	1623.0	1774.0	1920.0	2044.0	2378.0	2724.0	3335.0	4040.0	5226.0	7318.0	11775.0	19878.0
	14.0	15.0	16.0	17.0	18.0	19.0	20.0	21.0	22.0	23.0	24.0	25.0	26.0	27.0	28.0	29.0	30.0	31.0	32.0	33.0	34.0	35.0	36.0	37.0
402151_ITS_KP69D_TATCAGGT-GACACTGA_S99_L001_R1	2.0	0.0	3.0	18.0	105.0	518.0	1321.0	1739.0	1820.0	1784.0	1846.0	1890.0	2018.0	2082.0	2157.0	2304.0	2705.0	3081.0	3662.0	4489.0	6119.0	8285.0	13638.0	24278.0
	14.0	15.0	16.0	17.0	18.0	19.0	20.0	21.0	22.0	23.0	24.0	25.0	26.0	27.0	28.0	29.0	30.0	31.0	32.0	33.0	34.0	35.0	36.0	37.0
402152_ITS_KP69D_TATCAGGT-TGCGTACG_S100_L001_R1	1.0	1.0	3.0	14.0	91.0	380.0	1040.0	1403.0	1668.0	1747.0	1899.0	1938.0	2031.0	2130.0	2256.0	2474.0	2953.0	3199.0	3855.0	4802.0	6104.0	8795.0	14784.0	29520.0
	13.0	14.0	15.0	16.0	17.0	18.0	19.0	20.0	21.0	22.0	23.0	24.0	25.0	26.0	27.0	28.0	29.0	30.0	31.0	32.0	33.0	34.0	35.0	36.0	37.0
402153_ITS_KP69D_TATCAGGT-TAGTGTAG_S101_L001_R1	2.0	1.0	0.0	3.0	10.0	88.0	369.0	846.0	1183.0	1318.0	1342.0	1428.0	1639.0	1754.0	1761.0	1884.0	2135.0	2382.0	2732.0	3331.0	4130.0	5274.0	7260.0	11951.0	25859.0
	16.0	17.0	18.0	19.0	20.0	21.0	22.0	23.0	24.0	25.0	26.0	27.0	28.0	29.0	30.0	31.0	32.0	33.0	34.0	35.0	36.0	37.0
402154_ITS_KP69D_TGTAATTG-ACGACGTG_S102_L001_R1	2.0	18.0	77.0	363.0	853.0	1346.0	1556.0	1628.0	1710.0	1783.0	1916.0	2057.0	2122.0	2391.0	2622.0	3117.0	3761.0	4442.0	5798.0	7950.0	13038.0	26315.0
	13.0	14.0	15.0	16.0	17.0	18.0	19.0	20.0	21.0	22.0	23.0	24.0	25.0	26.0	27.0	28.0	29.0	30.0	31.0	32.0	33.0	34.0	35.0	36.0	37.0
402155_ITS_KP69D_TGTAATTG-ATATACAC_S103_L001_R1	1.0	1.0	0.0	3.0	25.0	121.0	495.0	1198.0	1767.0	1846.0	1910.0	2072.0	2060.0	2140.0	2200.0	2482.0	2739.0	3058.0	3584.0	4168.0	5232.0	6612.0	9160.0	14530.0	28611.0
	16.0	17.0	18.0	19.0	20.0	21.0	22.0	23.0	24.0	25.0	26.0	27.0	28.0	29.0	30.0	31.0	32.0	33.0	34.0	35.0	36.0	37.0
402156_ITS_KP69D_TGTAATTG-CGTCGCTA_S104_L001_R1	1.0	15.0	69.0	253.0	648.0	1060.0	1203.0	1320.0	1324.0	1390.0	1481.0	1547.0	1660.0	1787.0	2087.0	2340.0	2881.0	3444.0	4419.0	6101.0	10501.0	23125.0
	13.0	14.0	15.0	16.0	17.0	18.0	19.0	20.0	21.0	22.0	23.0	24.0	25.0	26.0	27.0	28.0	29.0	30.0	31.0	32.0	33.0	34.0	35.0	36.0	37.0
402157_ITS_KP69D_TGTAATTG-CTAGAGCT_S105_L001_R1	1.0	0.0	1.0	3.0	18.0	104.0	393.0	1010.0	1419.0	1455.0	1503.0	1618.0	1752.0	1838.0	1906.0	2080.0	2292.0	2670.0	3055.0	3783.0	4615.0	5830.0	8059.0	13709.0	30461.0
	15.0	16.0	17.0	18.0	19.0	20.0	21.0	22.0	23.0	24.0	25.0	26.0	27.0	28.0	29.0	30.0	31.0	32.0	33.0	34.0	35.0	36.0	37.0
402158_ITS_KP69D_TGTAATTG-GCTCTAGT_S106_L001_R1	2.0	5.0	17.0	93.0	358.0	949.0	1262.0	1444.0	1640.0	1672.0	1844.0	1878.0	1976.0	2194.0	2394.0	2750.0	3099.0	3799.0	4478.0	5752.0	8066.0	13307.0	26813.0
	15.0	16.0	17.0	18.0	19.0	20.0	21.0	22.0	23.0	24.0	25.0	26.0	27.0	28.0	29.0	30.0	31.0	32.0	33.0	34.0	35.0	36.0	37.0
402159_ITS_KP69D_TGTAATTG-GACACTGA_S107_L001_R1	1.0	4.0	30.0	102.0	550.0	1264.0	1771.0	1888.0	1955.0	2040.0	2174.0	2242.0	2343.0	2438.0	2729.0	3007.0	3426.0	4052.0	5075.0	6420.0	8928.0	14606.0	29254.0
	15.0	16.0	17.0	18.0	19.0	20.0	21.0	22.0	23.0	24.0	25.0	26.0	27.0	28.0	29.0	30.0	31.0	32.0	33.0	34.0	35.0	36.0	37.0
402160_ITS_KP69D_TGTAATTG-TGCGTACG_S108_L001_R1	2.0	4.0	9.0	99.0	395.0	875.0	1208.0	1418.0	1544.0	1609.0	1649.0	1746.0	1882.0	1993.0	2180.0	2397.0	2775.0	3268.0	4022.0	5085.0	7026.0	11387.0	23017.0
	15.0	16.0	17.0	18.0	19.0	20.0	21.0	22.0	23.0	24.0	25.0	26.0	27.0	28.0	29.0	30.0	31.0	32.0	33.0	34.0	35.0	36.0	37.0
402161_ITS_KP69D_TGTAATTG-TAGTGTAG_S109_L001_R1	1.0	5.0	29.0	75.0	374.0	778.0	1062.0	1223.0	1350.0	1440.0	1446.0	1533.0	1733.0	1790.0	1994.0	2229.0	2561.0	3058.0	3546.0	4733.0	6301.0	10406.0	21062.0
	13.0	14.0	15.0	16.0	17.0	18.0	19.0	20.0	21.0	22.0	23.0	24.0	25.0	26.0	27.0	28.0	29.0	30.0	31.0	32.0	33.0	34.0	35.0	36.0	37.0
402162_ITS_KP69D_AATGGAGC-ACGACGTG_S110_L001_R1	1.0	0.0	3.0	3.0	28.0	144.0	635.0	1440.0	1989.0	2059.0	2300.0	2247.0	2293.0	2435.0	2593.0	2762.0	3152.0	3561.0	3965.0	4793.0	5848.0	7444.0	10123.0	16093.0	29505.0
	12.0	13.0	14.0	15.0	16.0	17.0	18.0	19.0	20.0	21.0	22.0	23.0	24.0	25.0	26.0	27.0	28.0	29.0	30.0	31.0	32.0	33.0	34.0	35.0	36.0	37.0
402163_ITS_KP8LM_AATGGAGC-ATATACAC_S100_L001_R1	1.0	1.0	2.0	2.0	4.0	36.0	178.0	529.0	1117.0	1429.0	1565.0	1718.0	1698.0	1877.0	2000.0	2190.0	2541.0	2924.0	3497.0	4203.0	4971.0	6112.0	7589.0	10337.0	16619.0	17947.0
	13.0	14.0	15.0	16.0	17.0	18.0	19.0	20.0	21.0	22.0	23.0	24.0	25.0	26.0	27.0	28.0	29.0	30.0	31.0	32.0	33.0	34.0	35.0	36.0	37.0
402164_ITS_KP8LM_AATGGAGC-CGTCGCTA_S101_L001_R1	1.0	0.0	1.0	2.0	14.0	83.0	331.0	772.0	941.0	951.0	941.0	994.0	1104.0	1119.0	1160.0	1292.0	1482.0	1763.0	2135.0	2648.0	3409.0	4392.0	6251.0	10521.0	10426.0
	14.0	15.0	16.0	17.0	18.0	19.0	20.0	21.0	22.0	23.0	24.0	25.0	26.0	27.0	28.0	29.0	30.0	31.0	32.0	33.0	34.0	35.0	36.0	37.0
402165_ITS_KP8LM_AATGGAGC-CTAGAGCT_S102_L001_R1	2.0	2.0	2.0	10.0	66.0	391.0	876.0	1037.0	1088.0	1069.0	1140.0	1234.0	1268.0	1376.0	1605.0	1867.0	2071.0	2619.0	3130.0	4089.0	5287.0	7550.0	12676.0	14326.0
	16.0	17.0	18.0	19.0	20.0	21.0	22.0	23.0	24.0	25.0	26.0	27.0	28.0	29.0	30.0	31.0	32.0	33.0	34.0	35.0	36.0	37.0
59000_ITS_KP8LM_AGCTTGAC-ACGACGTG_S103_L001_R1	2.0	9.0	73.0	297.0	761.0	918.0	937.0	961.0	978.0	990.0	1061.0	1169.0	1241.0	1419.0	1674.0	2099.0	2473.0	3032.0	4151.0	5702.0	9707.0	10365.0
	14.0	15.0	16.0	17.0	18.0	19.0	20.0	21.0	22.0	23.0	24.0	25.0	26.0	27.0	28.0	29.0	30.0	31.0	32.0	33.0	34.0	35.0	36.0	37.0
59001_ITS_KP8LM_AGCTTGAC-ATATACAC_S104_L001_R1	3.0	2.0	5.0	11.0	79.0	373.0	860.0	1018.0	1091.0	1063.0	1086.0	1133.0	1170.0	1329.0	1487.0	1698.0	2078.0	2382.0	2997.0	3685.0	4740.0	6875.0	11268.0	13698.0
	12.0	13.0	14.0	15.0	16.0	17.0	18.0	19.0	20.0	21.0	22.0	23.0	24.0	25.0	26.0	27.0	28.0	29.0	30.0	31.0	32.0	33.0	34.0	35.0	36.0	37.0
59002_ITS_KP8LM_AGCTTGAC-CGTCGCTA_S105_L001_R1	1.0	0.0	1.0	4.0	4.0	17.0	68.0	425.0	852.0	1043.0	1043.0	987.0	1028.0	1073.0	1106.0	1220.0	1387.0	1500.0	1768.0	2110.0	2569.0	3388.0	4431.0	6240.0	10760.0	12416.0
	15.0	16.0	17.0	18.0	19.0	20.0	21.0	22.0	23.0	24.0	25.0	26.0	27.0	28.0	29.0	30.0	31.0	32.0	33.0	34.0	35.0	36.0	37.0
59003_ITS_KP8LM_AGCTTGAC-CTAGAGCT_S106_L001_R1	3.0	4.0	19.0	115.0	566.0	1516.0	2043.0	2195.0	2314.0	2381.0	2423.0	2503.0	2720.0	3010.0	3454.0	3980.0	4766.0	5876.0	7624.0	10174.0	14731.0	25490.0	34600.0
	16.0	17.0	18.0	19.0	20.0	21.0	22.0	23.0	24.0	25.0	26.0	27.0	28.0	29.0	30.0	31.0	32.0	33.0	34.0	35.0	36.0	37.0
59004_ITS_KP8LM_AGCTTGAC-GCTCTAGT_S107_L001_R1	5.0	9.0	73.0	346.0	858.0	998.0	1075.0	1086.0	1032.0	1063.0	1129.0	1225.0	1329.0	1529.0	1902.0	2280.0	2778.0	3554.0	4715.0	6798.0	10784.0	8298.0
	12.0	13.0	14.0	15.0	16.0	17.0	18.0	19.0	20.0	21.0	22.0	23.0	24.0	25.0	26.0	27.0	28.0	29.0	30.0	31.0	32.0	33.0	34.0	35.0	36.0	37.0
59005_ITS_KP8LM_AGCTTGAC-GACACTGA_S108_L001_R1	1.0	0.0	2.0	4.0	5.0	37.0	240.0	959.0	2021.0	2467.0	2442.0	2437.0	2380.0	2539.0	2617.0	2893.0	3244.0	3873.0	4500.0	5484.0	6801.0	8702.0	11496.0	15693.0	22912.0	13698.0
	15.0	16.0	17.0	18.0	19.0	20.0	21.0	22.0	23.0	24.0	25.0	26.0	27.0	28.0	29.0	30.0	31.0	32.0	33.0	34.0	35.0	36.0	37.0
59006_ITS_KP8LM_AGCTTGAC-TGCGTACG_S109_L001_R1	1.0	3.0	15.0	56.0	330.0	753.0	980.0	1049.0	1091.0	1087.0	1135.0	1254.0	1351.0	1459.0	1630.0	1978.0	2258.0	2852.0	3582.0	4685.0	6675.0	11783.0	17494.0
	17.0	18.0	19.0	20.0	21.0	22.0	23.0	24.0	25.0	26.0	27.0	28.0	29.0	30.0	31.0	32.0	33.0	34.0	35.0	36.0	37.0
59007_ITS_KP8LM_AGCTTGAC-TAGTGTAG_S110_L001_R1	3.0	6.0	27.0	61.0	70.0	54.0	57.0	66.0	63.0	63.0	79.0	83.0	103.0	133.0	134.0	175.0	212.0	272.0	362.0	669.0	1010.0
	12.0	13.0	14.0	15.0	16.0	17.0	18.0	19.0	20.0	21.0	22.0	23.0	24.0	25.0	26.0	27.0	28.0	29.0	30.0	31.0	32.0	33.0	34.0	35.0	36.0	37.0
ATCC1010MOCK_ITS_KP69D_AATGGAGC-GCTCTAGT_S111_L001_R1	1.0	1.0	0.0	1.0	5.0	21.0	147.0	680.0	1728.0	2510.0	2782.0	2945.0	3055.0	3200.0	3367.0	3642.0	3837.0	4302.0	4855.0	5600.0	6721.0	8096.0	10429.0	14901.0	25131.0	58182.0
	12.0	13.0	14.0	15.0	16.0	17.0	18.0	19.0	20.0	21.0	22.0	23.0	24.0	25.0	26.0	27.0	28.0	29.0	30.0	31.0	32.0	33.0	34.0	35.0	36.0	37.0
ATCC1010MOCK_ITS_KP69D_ACAAGGAG-GACACTGA_S112_L001_R1	1.0	2.0	1.0	4.0	7.0	26.0	209.0	1047.0	2734.0	4171.0	4236.0	4289.0	4420.0	4450.0	4586.0	4918.0	5218.0	5860.0	6472.0	7337.0	8814.0	10497.0	14038.0	19871.0	33430.0	80132.0
	14.0	15.0	16.0	17.0	18.0	19.0	20.0	21.0	22.0	23.0	24.0	25.0	26.0	27.0	28.0	29.0	30.0	31.0	32.0	33.0	34.0	35.0	36.0	37.0
ATCC1010MOCK_ITS_KP8LM_ACAAGGAG-GACACTGA_S111_L001_R1	1.0	2.0	1.0	16.0	56.0	225.0	631.0	917.0	1094.0	1165.0	1189.0	1288.0	1289.0	1438.0	1617.0	1780.0	2047.0	2429.0	3057.0	3908.0	5210.0	7505.0	13292.0	19440.0
	15.0	16.0	17.0	18.0	19.0	20.0	21.0	22.0	23.0	24.0	25.0	26.0	27.0	28.0	29.0	30.0	31.0	32.0	33.0	34.0	35.0	36.0	37.0
ATCC1010MOCK_ITS_KP8LM_CGTCCGAA-CTAGAGCT_S112_L001_R1	4.0	4.0	10.0	47.0	278.0	690.0	969.0	1068.0	1197.0	1200.0	1233.0	1370.0	1446.0	1566.0	1799.0	2158.0	2498.0	3044.0	3929.0	5310.0	7661.0	13501.0	19196.0
	17.0	18.0	19.0	20.0	21.0	22.0	23.0	24.0	25.0	26.0	27.0	28.0	29.0	30.0	31.0	32.0	33.0	34.0	35.0	36.0	37.0
No_Template_Control_ITS_KP69D_AATGGAGC-TGCGTACG_S113_L001_R1	3.0	14.0	53.0	117.0	142.0	109.0	98.0	99.0	90.0	91.0	92.0	113.0	102.0	128.0	153.0	169.0	184.0	227.0	341.0	522.0	1062.0
	14.0	15.0	16.0	17.0	18.0	19.0	20.0	21.0	22.0	23.0	24.0	25.0	26.0	27.0	28.0	29.0	30.0	31.0	32.0	33.0	34.0	35.0	36.0	37.0
No_Template_Control_ITS_KP69D_ACAAGGAG-TAGTGTAG_S114_L001_R1	1.0	0.0	2.0	12.0	55.0	190.0	370.0	397.0	273.0	192.0	155.0	155.0	169.0	136.0	158.0	178.0	196.0	207.0	250.0	264.0	360.0	532.0	832.0	1749.0
	13.0	14.0	15.0	16.0	17.0	18.0	19.0	20.0	21.0	22.0	23.0	24.0	25.0	26.0	27.0	28.0	29.0	30.0	31.0	32.0	33.0	34.0	35.0	36.0	37.0
No_Template_Control_ITS_KP8LM_ACAAGGAG-TAGTGTAG_S113_L001_R1	1.0	0.0	1.0	0.0	0.0	2.0	26.0	56.0	73.0	76.0	64.0	79.0	77.0	69.0	80.0	108.0	106.0	133.0	158.0	178.0	256.0	326.0	493.0	822.0	862.0
	17.0	18.0	19.0	20.0	21.0	22.0	23.0	24.0	25.0	26.0	27.0	28.0	29.0	30.0	31.0	32.0	33.0	34.0	35.0	36.0	37.0
No_Template_Control_ITS_KP8LM_CGTCCGAA-GACACTGA_S114_L001_R1	1.0	15.0	55.0	77.0	73.0	94.0	62.0	59.0	61.0	59.0	65.0	72.0	85.0	122.0	108.0	123.0	136.0	181.0	300.0	444.0	427.0
	12.0	13.0	14.0	15.0	16.0	17.0	18.0	19.0	20.0	21.0	22.0	23.0	24.0	25.0	26.0	27.0	28.0	29.0	30.0	31.0	32.0	33.0	34.0	35.0	36.0	37.0
Soil_DNA_ITS_KP69D_AATGGAGC-GACACTGA_S115_L001_R1	1.0	2.0	2.0	2.0	18.0	91.0	578.0	2138.0	5096.0	6927.0	7471.0	7435.0	7486.0	7733.0	7911.0	8294.0	8950.0	9697.0	10853.0	12777.0	15072.0	18790.0	24284.0	34112.0	56346.0	98145.0
	12.0	13.0	14.0	15.0	16.0	17.0	18.0	19.0	20.0	21.0	22.0	23.0	24.0	25.0	26.0	27.0	28.0	29.0	30.0	31.0	32.0	33.0	34.0	35.0	36.0	37.0
Soil_DNA_ITS_KP69D_ACAAGGAG-TGCGTACG_S116_L001_R1	2.0	0.0	0.0	2.0	11.0	72.0	342.0	1547.0	3876.0	5629.0	6338.0	6476.0	6586.0	6799.0	7045.0	7434.0	8117.0	8973.0	9991.0	11453.0	13834.0	17037.0	22374.0	31444.0	51625.0	91217.0
	14.0	15.0	16.0	17.0	18.0	19.0	20.0	21.0	22.0	23.0	24.0	25.0	26.0	27.0	28.0	29.0	30.0	31.0	32.0	33.0	34.0	35.0	36.0	37.0
Soil_DNA_ITS_KP8LM_ACAAGGAG-TGCGTACG_S115_L001_R1	1.0	8.0	10.0	31.0	150.0	802.0	2060.0	2956.0	3379.0	3524.0	3652.0	3900.0	4284.0	4595.0	5083.0	5789.0	6886.0	8264.0	10435.0	13015.0	17658.0	25482.0	41885.0	39441.0
	12.0	13.0	14.0	15.0	16.0	17.0	18.0	19.0	20.0	21.0	22.0	23.0	24.0	25.0	26.0	27.0	28.0	29.0	30.0	31.0	32.0	33.0	34.0	35.0	36.0	37.0
Soil_DNA_ITS_KP8LM_CGTCCGAA-GCTCTAGT_S116_L001_R1	1.0	0.0	1.0	3.0	14.0	47.0	162.0	710.0	1871.0	2515.0	2903.0	2993.0	3056.0	3231.0	3512.0	3766.0	4060.0	4759.0	5619.0	6745.0	8245.0	10836.0	14461.0	20745.0	34489.0	34816.0

