Sample	FastQC_mqc-generalstats-fastqc-percent_duplicates	FastQC_mqc-generalstats-fastqc-percent_gc	FastQC_mqc-generalstats-fastqc-avg_sequence_length	FastQC_mqc-generalstats-fastqc-percent_fails	FastQC_mqc-generalstats-fastqc-total_sequences
401954_ITS_KP69D_GAAGAAGC-ACGACGTG_S1_L001_R1	97.87552142936246	44.0	300.8479272029237	36.36363636363637	54178.0
401955_ITS_KP69D_GAAGAAGC-ATATACAC_S2_L001_R1	96.46068138778062	43.0	300.8227950504698	36.36363636363637	54389.0
401956_ITS_KP69D_GAAGAAGC-CGTCGCTA_S3_L001_R1	95.83805362248476	42.0	300.7786588984194	36.36363636363637	37074.0
401957_ITS_KP69D_GAAGAAGC-CTAGAGCT_S4_L001_R1	96.96425901001945	43.0	300.5916122493063	36.36363636363637	60183.0
401958_ITS_KP69D_GAAGAAGC-GCTCTAGT_S5_L001_R1	95.99045632568539	44.0	300.6064734922945	36.36363636363637	66641.0
401959_ITS_KP69D_GAAGAAGC-GACACTGA_S6_L001_R1	95.62908440531059	43.0	300.6643186352067	36.36363636363637	72685.0
401960_ITS_KP69D_GAAGAAGC-TGCGTACG_S7_L001_R1	96.66032156089602	46.0	300.7174275128318	36.36363636363637	58838.0
401961_ITS_KP69D_GAAGAAGC-TAGTGTAG_S8_L001_R1	95.67099567099567	43.0	300.6689387960106	36.36363636363637	41811.0
401962_ITS_KP69D_GAGAGAAT-ACGACGTG_S9_L001_R1	94.80764057035243	47.0	300.7585226180868	36.36363636363637	26019.0
401963_ITS_KP69D_GAGAGAAT-ATATACAC_S10_L001_R1	96.70225314380535	45.0	300.7449569163718	36.36363636363637	100038.0
401964_ITS_KP69D_GAGAGAAT-CGTCGCTA_S11_L001_R1	96.3570602930758	44.0	300.7453298034975	36.36363636363637	80457.0
401965_ITS_KP69D_GAGAGAAT-CTAGAGCT_S12_L001_R1	96.69580482643356	44.0	300.8426779852586	36.36363636363637	83167.0
401966_ITS_KP69D_GAGAGAAT-GCTCTAGT_S13_L001_R1	96.772870954516	45.0	300.7264479096404	36.36363636363637	75609.0
401967_ITS_KP69D_GAGAGAAT-GACACTGA_S14_L001_R1	97.12618923952013	44.0	300.5961589622104	36.36363636363637	157874.0
401968_ITS_KP69D_GAGAGAAT-TGCGTACG_S15_L001_R1	96.81891843226697	44.0	300.4895564491927	36.36363636363637	66644.0
401969_ITS_KP69D_GAGAGAAT-TAGTGTAG_S16_L001_R1	97.07346353175417	45.0	300.7536526805844	36.36363636363637	68306.0
401970_ITS_KP69D_TCGTCGAT-ACGACGTG_S17_L001_R1	97.29973350054867	44.0	300.7033103412238	36.36363636363637	76548.0
401971_ITS_KP69D_TCGTCGAT-ATATACAC_S18_L001_R1	97.33934913686298	44.0	300.75913727595605	36.36363636363637	96856.0
401972_ITS_KP69D_TCGTCGAT-CGTCGCTA_S19_L001_R1	97.02878037272941	44.0	300.708669497523	36.36363636363637	84780.0
401973_ITS_KP69D_TCGTCGAT-CTAGAGCT_S20_L001_R1	96.49853000518821	43.0	300.7107280797832	36.36363636363637	86735.0
401974_ITS_KP69D_TCGTCGAT-GCTCTAGT_S21_L001_R1	96.63368075152701	45.0	300.672461150619	36.36363636363637	79731.0
401975_ITS_KP69D_TCGTCGAT-GACACTGA_S22_L001_R1	96.27539503386005	43.0	300.67254660119613	36.36363636363637	85942.0
401976_ITS_KP69D_TCGTCGAT-TGCGTACG_S23_L001_R1	96.02989783653847	44.0	300.6290752704327	36.36363636363637	53248.0
401977_ITS_KP69D_TCGTCGAT-TAGTGTAG_S24_L001_R1	95.66325437957768	44.0	300.73281363772645	36.36363636363637	46694.0
401978_ITS_KP69D_ATTGGGCT-ACGACGTG_S25_L001_R1	97.4683380718532	46.0	300.8804212974929	36.36363636363637	77380.0
401979_ITS_KP69D_ATTGGGCT-ATATACAC_S26_L001_R1	96.84747378455673	44.0	300.8356625357483	36.36363636363637	104900.0
401980_ITS_KP69D_ATTGGGCT-CGTCGCTA_S27_L001_R1	96.89484524286286	45.0	300.70311516677157	36.36363636363637	69916.0
401981_ITS_KP69D_ATTGGGCT-CTAGAGCT_S28_L001_R1	97.31639616489497	44.0	300.84167464636795	36.36363636363637	82501.0
401982_ITS_KP69D_ATTGGGCT-GCTCTAGT_S29_L001_R1	96.75831912843697	44.0	300.81731268064925	36.36363636363637	67465.0
401983_ITS_KP69D_ATTGGGCT-GACACTGA_S30_L001_R1	96.90698519199128	43.0	300.8158080300861	36.36363636363637	93598.0
401984_ITS_KP69D_ATTGGGCT-TGCGTACG_S31_L001_R1	96.32852030112304	43.0	300.7489664321856	36.36363636363637	64824.0
401985_ITS_KP69D_ATTGGGCT-TAGTGTAG_S32_L001_R1	96.20942201108473	43.0	300.8010193982581	36.36363636363637	60624.0
401986_ITS_KP69D_ACCACATA-ACGACGTG_S33_L001_R1	97.25752202961633	43.0	300.6483327499353	36.36363636363637	65707.0
401987_ITS_KP69D_ACCACATA-ATATACAC_S34_L001_R1	97.25844887348353	45.0	300.7672335355286	36.36363636363637	92320.0
401988_ITS_KP69D_ACCACATA-CGTCGCTA_S35_L001_R1	95.08288960860735	44.0	300.75448756655874	36.36363636363637	72868.0
401989_ITS_KP69D_ACCACATA-CTAGAGCT_S36_L001_R1	96.27605979930371	44.0	300.7424370264182	36.36363636363637	122075.0
401990_ITS_KP69D_ACCACATA-GCTCTAGT_S37_L001_R1	96.80964755380063	45.0	300.7697456492637	36.36363636363637	88893.0
401991_ITS_KP69D_ACCACATA-GACACTGA_S38_L001_R1	97.43467460085843	45.0	300.66868580458254	36.36363636363637	140489.0
401992_ITS_KP69D_ACCACATA-TGCGTACG_S39_L001_R1	95.68861398821505	44.0	300.89001939757713	36.36363636363637	81969.0
401993_ITS_KP69D_ACCACATA-TAGTGTAG_S40_L001_R1	94.94176512635076	43.0	300.8034310221587	36.36363636363637	23783.0
401994_ITS_KP69D_AACACAAG-ACGACGTG_S41_L001_R1	97.21109600014904	43.0	300.68207053300296	36.36363636363637	107354.0
401995_ITS_KP69D_AACACAAG-ATATACAC_S42_L001_R1	98.59414196470658	44.0	300.76803951952405	36.36363636363637	738268.0
401996_ITS_KP69D_AACACAAG-CGTCGCTA_S43_L001_R1	97.70918606991881	44.0	300.4861235992753	36.36363636363637	149030.0
401997_ITS_KP69D_AACACAAG-CTAGAGCT_S44_L001_R1	97.74840656841117	43.0	300.5769078377757	36.36363636363637	204433.0
401998_ITS_KP69D_AACACAAG-GCTCTAGT_S45_L001_R1	98.86788026649151	41.0	300.8882600638078	36.36363636363637	852560.0
401999_ITS_KP69D_AACACAAG-GACACTGA_S46_L001_R1	97.09110537995562	46.0	300.5130600371859	36.36363636363637	133384.0
402000_ITS_KP69D_AACACAAG-TGCGTACG_S47_L001_R1	97.19665339416117	45.0	300.56127383811844	36.36363636363637	124066.0
402001_ITS_KP69D_AACACAAG-TAGTGTAG_S48_L001_R1	98.62366789116314	42.0	300.9223113260633	36.36363636363637	693074.0
402002_ITS_KP69D_AATGTCCG-ACGACGTG_S49_L001_R1	96.8509327400308	45.0	300.81206857208053	36.36363636363637	70116.0
402003_ITS_KP69D_AATGTCCG-ATATACAC_S50_L001_R1	96.4287543442473	44.0	300.7226266691055	36.36363636363637	136675.0
402004_ITS_KP69D_AATGTCCG-CGTCGCTA_S51_L001_R1	96.23857861422685	45.0	300.7779929554582	36.36363636363637	76939.0
402005_ITS_KP69D_AATGTCCG-CTAGAGCT_S52_L001_R1	95.91856060606061	43.0	300.7178345959596	36.36363636363637	63360.0
402006_ITS_KP69D_AATGTCCG-GCTCTAGT_S53_L001_R1	96.4116805983282	44.0	300.73420314562253	36.36363636363637	72736.0
402007_ITS_KP69D_AATGTCCG-GACACTGA_S54_L001_R1	96.46122356151922	44.0	300.67026381623833	36.36363636363637	87940.0
402008_ITS_KP69D_AATGTCCG-TGCGTACG_S55_L001_R1	97.45905169419709	43.0	300.83798502382575	36.36363636363637	71981.0
402009_ITS_KP69D_AATGTCCG-TAGTGTAG_S56_L001_R1	96.70195284136508	44.0	300.8266901058585	36.36363636363637	52334.0
402010_ITS_KP69D_TACTTCGC-ACGACGTG_S57_L001_R1	97.04375359815775	43.0	300.56184513529075	36.36363636363637	69480.0
402011_ITS_KP69D_TACTTCGC-ATATACAC_S58_L001_R1	97.0409849278633	44.0	300.54042073023294	36.36363636363637	99256.0
402012_ITS_KP69D_TACTTCGC-CGTCGCTA_S59_L001_R1	96.77385378595578	45.0	300.5191219995155	36.36363636363637	94943.0
402013_ITS_KP69D_TACTTCGC-CTAGAGCT_S60_L001_R1	98.71679633016149	43.0	300.7353637293494	36.36363636363637	806575.0
402014_ITS_KP69D_TACTTCGC-GCTCTAGT_S61_L001_R1	97.19682765206657	45.0	300.6514493344358	36.36363636363637	85867.0
402015_ITS_KP69D_TACTTCGC-GACACTGA_S62_L001_R1	97.50226031475343	45.0	300.85175275464377	36.36363636363637	136043.0
402016_ITS_KP69D_TACTTCGC-TGCGTACG_S63_L001_R1	97.02219069015806	44.0	300.79431240392574	36.36363636363637	101484.0
402017_ITS_KP69D_TACTTCGC-TAGTGTAG_S64_L001_R1	97.12577269605268	45.0	300.7875075754515	36.36363636363637	123755.0
402018_ITS_KP69D_GCTTCGGT-ACGACGTG_S65_L001_R1	96.95390994630802	45.0	300.52479931954707	36.36363636363637	18811.0
402019_ITS_KP69D_GCTTCGGT-ATATACAC_S66_L001_R1	96.15261455698229	45.0	300.6982292100291	36.36363636363637	62458.0
402020_ITS_KP69D_GCTTCGGT-CGTCGCTA_S67_L001_R1	72.8051391862955	44.0	300.65524625267665	63.63636363636363	467.0
402021_ITS_KP69D_GCTTCGGT-CTAGAGCT_S68_L001_R1	96.78924749104156	45.0	300.72505625066964	36.36363636363637	83999.0
402022_ITS_KP69D_GCTTCGGT-GCTCTAGT_S69_L001_R1	91.6504854368932	44.0	300.7032362459547	36.36363636363637	3090.0
402023_ITS_KP69D_GCTTCGGT-GACACTGA_S70_L001_R1	97.15608022000134	45.0	300.6422486896697	36.36363636363637	104363.0
402024_ITS_KP69D_GCTTCGGT-TGCGTACG_S71_L001_R1	96.54901373657222	44.0	300.8655038614615	36.36363636363637	80151.0
402025_ITS_KP69D_GCTTCGGT-TAGTGTAG_S72_L001_R1	95.60714719824966	44.0	300.6527288197399	36.36363636363637	82270.0
402026_ITS_KP69D_CTTACACC-ACGACGTG_S73_L001_R1	97.23991940973073	46.0	300.70584551716627	36.36363636363637	146916.0
402027_ITS_KP69D_CTTACACC-ATATACAC_S74_L001_R1	96.45548087679236	45.0	300.6794493699557	36.36363636363637	108167.0
402028_ITS_KP69D_CTTACACC-CGTCGCTA_S75_L001_R1	98.08883483573273	46.0	300.67240285583836	36.36363636363637	247493.0
402029_ITS_KP69D_CTTACACC-CTAGAGCT_S76_L001_R1	97.89558050243963	45.0	300.74904012260436	36.36363636363637	369318.0
402030_ITS_KP69D_CTTACACC-GCTCTAGT_S77_L001_R1	96.34631509464258	45.0	300.72481401530695	36.36363636363637	112106.0
402031_ITS_KP69D_CTTACACC-GACACTGA_S78_L001_R1	96.52578371579771	45.0	300.9050226630912	36.36363636363637	168556.0
402032_ITS_KP69D_CTTACACC-TGCGTACG_S79_L001_R1	97.0962747638156	45.0	300.57895194160955	36.36363636363637	126596.0
402033_ITS_KP69D_CTTACACC-TAGTGTAG_S80_L001_R1	97.29892817004458	43.0	300.6379537928902	36.36363636363637	132577.0
402034_ITS_KP69D_TGACCTCC-ACGACGTG_S81_L001_R1	96.31474585288001	47.0	300.6140961777176	36.36363636363637	62031.0
402035_ITS_KP69D_TGACCTCC-ATATACAC_S82_L001_R1	97.49435290786776	43.0	300.5244132871308	36.36363636363637	324946.0
402036_ITS_KP69D_TGACCTCC-CGTCGCTA_S83_L001_R1	97.34156576148581	44.0	300.4372346324789	36.36363636363637	120823.0
402037_ITS_KP69D_TGACCTCC-CTAGAGCT_S84_L001_R1	96.99137871471453	44.0	300.6328238355891	36.36363636363637	130259.0
402038_ITS_KP69D_TGACCTCC-GCTCTAGT_S85_L001_R1	95.93249130975038	44.0	300.6547808169621	36.36363636363637	63577.0
402039_ITS_KP69D_TGACCTCC-GACACTGA_S86_L001_R1	96.69596634186777	44.0	300.0762547507703	36.36363636363637	127874.0
402040_ITS_KP69D_TGACCTCC-TGCGTACG_S87_L001_R1	97.17447593862767	45.0	300.5720532738341	36.36363636363637	145212.0
402041_ITS_KP69D_TGACCTCC-TAGTGTAG_S88_L001_R1	98.20775031317291	40.0	300.70004503139916	36.36363636363637	610685.0
402042_ITS_KP69D_ACAAGGAG-ACGACGTG_S89_L001_R1	96.59888027901245	44.0	300.65664949061875	36.36363636363637	76269.0
402043_ITS_KP69D_ACAAGGAG-ATATACAC_S90_L001_R1	98.19265858331546	43.0	300.8329644410937	36.36363636363637	289154.0
402044_ITS_KP69D_ACAAGGAG-CGTCGCTA_S91_L001_R1	97.07883864636739	46.0	300.6219485312418	36.36363636363637	140629.0
402045_ITS_KP69D_ACAAGGAG-CTAGAGCT_S92_L001_R1	97.85071569752614	43.0	300.69977564715634	36.36363636363637	501888.0
402046_ITS_KP69D_ACAAGGAG-GCTCTAGT_S93_L001_R1	96.80844742850837	47.0	300.8260349203385	36.36363636363637	117811.0
402047_ITS_KP8LM_TCTGTTGC-ACGACGTG_S1_L001_R1	95.73189443535188	44.0	300.29298473301964	45.45454545454545	312832.0
402048_ITS_KP8LM_TCTGTTGC-ATATACAC_S2_L001_R1	95.01218637992832	44.0	300.7925304659498	36.36363636363637	69750.0
402049_ITS_KP8LM_TCTGTTGC-CGTCGCTA_S3_L001_R1	94.40852617323206	44.0	300.68416651946063	36.36363636363637	84915.0
402050_ITS_KP8LM_GAAGAAGC-ACGACGTG_S4_L001_R1	94.4733829421866	46.0	300.68923869490555	45.45454545454545	34940.0
402051_ITS_KP8LM_GACTCTTG-ACGACGTG_S5_L001_R1	97.05422989005079	42.0	300.7786879876432	36.36363636363637	290043.0
402052_ITS_KP8LM_GAAGAAGC-CGTCGCTA_S6_L001_R1	95.47154441441108	46.0	300.3713481689932	36.36363636363637	54014.0
402053_ITS_KP8LM_GAAGAAGC-CTAGAGCT_S7_L001_R1	96.32358540857513	44.0	300.7866118345899	36.36363636363637	52524.0
402054_ITS_KP8LM_GAAGAAGC-GCTCTAGT_S8_L001_R1	93.8485002541942	45.0	300.7382435180478	36.36363636363637	47208.0
402055_ITS_KP8LM_GAAGAAGC-GACACTGA_S9_L001_R1	93.77323696499212	44.0	300.3929389369739	36.36363636363637	67242.0
402056_ITS_KP8LM_GAAGAAGC-TGCGTACG_S10_L001_R1	95.8451428428102	44.0	300.6031252351451	36.36363636363637	79738.0
402057_ITS_KP8LM_GACTCTTG-ATATACAC_S11_L001_R1	97.41728031756291	46.0	300.66015772718833	36.36363636363637	436323.0
402058_ITS_KP8LM_GAGAGAAT-ACGACGTG_S12_L001_R1	95.03871274709114	45.0	300.86582464639474	36.36363636363637	46238.0
402059_ITS_KP8LM_GACTCTTG-CGTCGCTA_S13_L001_R1	94.12085925903138	45.0	300.60154285142943	36.36363636363637	130019.0
402060_ITS_KP8LM_GAGAGAAT-CGTCGCTA_S14_L001_R1	94.78712656949055	45.0	300.8254870832732	36.36363636363637	34645.0
402061_ITS_KP8LM_GAGAGAAT-CTAGAGCT_S15_L001_R1	97.66333890972503	41.0	300.52979336757045	45.45454545454545	239701.0
402062_ITS_KP8LM_GAGAGAAT-GCTCTAGT_S16_L001_R1	95.67100400369571	44.0	300.81336618417	36.36363636363637	51952.0
402063_ITS_KP8LM_GAGAGAAT-GACACTGA_S17_L001_R1	97.89255257050927	41.0	300.4581713862669	36.36363636363637	280956.0
402064_ITS_KP8LM_GAGAGAAT-TGCGTACG_S18_L001_R1	96.45521156511981	47.0	299.4659713512443	36.36363636363637	60596.0
402065_ITS_KP8LM_GAGAGAAT-TAGTGTAG_S19_L001_R1	97.8870265468684	43.0	299.9547916879032	36.36363636363637	274684.0
402066_ITS_KP8LM_TCGTCGAT-ACGACGTG_S20_L001_R1	95.90243395769137	47.0	300.72791953744417	45.45454545454545	57766.0
402067_ITS_KP8LM_TCGTCGAT-ATATACAC_S21_L001_R1	97.45601521635759	44.0	300.7873851487123	36.36363636363637	391158.0
402068_ITS_KP8LM_TCGTCGAT-CGTCGCTA_S22_L001_R1	95.12558139534883	44.0	300.82128903654484	36.36363636363637	37625.0
402069_ITS_KP8LM_TCGTCGAT-CTAGAGCT_S23_L001_R1	97.77801345165682	43.0	300.2831792710379	36.36363636363637	292306.0
402070_ITS_KP8LM_TCGTCGAT-GCTCTAGT_S24_L001_R1	97.93201018087295	45.0	300.84270415899493	45.45454545454545	295456.0
402071_ITS_KP8LM_GACTCTTG-GCTCTAGT_S25_L001_R1	97.2656878559178	42.0	300.85380633361984	36.36363636363637	254799.0
402072_ITS_KP8LM_TCGTCGAT-TGCGTACG_S26_L001_R1	96.9789538139762	43.0	300.2469056808878	45.45454545454545	145347.0
402073_ITS_KP8LM_GACTCTTG-GACACTGA_S27_L001_R1	96.32209249887258	45.0	300.71600816756023	36.36363636363637	159656.0
402074_ITS_KP8LM_ATTGGGCT-ACGACGTG_S28_L001_R1	97.0717616629222	42.0	300.88708063511245	36.36363636363637	52967.0
402075_ITS_KP8LM_GACTCTTG-TGCGTACG_S29_L001_R1	97.18188512872841	44.0	300.57618055187885	36.36363636363637	207763.0
402076_ITS_KP8LM_ATTGGGCT-CGTCGCTA_S30_L001_R1	95.94091182623148	45.0	300.77202911425053	36.36363636363637	69794.0
402077_ITS_KP8LM_GACTCTTG-TAGTGTAG_S31_L001_R1	96.36858828869723	42.0	300.0456092931127	36.36363636363637	96932.0
402078_ITS_KP8LM_ATTGGGCT-GCTCTAGT_S32_L001_R1	96.51509654532995	46.0	300.9311283105575	36.36363636363637	49614.0
402079_ITS_KP8LM_ATTGGGCT-GACACTGA_S33_L001_R1	96.46843630513592	46.0	300.73737507300035	36.36363636363637	90753.0
402080_ITS_KP8LM_ATTGGGCT-TGCGTACG_S34_L001_R1	95.65188262092992	46.0	300.7561302425298	45.45454545454545	44778.0
402081_ITS_KP8LM_GCAGGATA-ACGACGTG_S35_L001_R1	97.61104793688735	42.0	300.3506888853812	36.36363636363637	310429.0
402082_ITS_KP8LM_ACCACATA-ACGACGTG_S36_L001_R1	97.87827904501846	47.0	300.85836182367956	45.45454545454545	313849.0
402083_ITS_KP8LM_ACCACATA-ATATACAC_S37_L001_R1	73.47232207045292	44.0	300.7872034507549	63.63636363636363	1391.0
402084_ITS_KP8LM_ACCACATA-CGTCGCTA_S38_L001_R1	96.01256673230812	47.0	300.8188068434053	45.45454545454545	87851.0
402085_ITS_KP8LM_ACCACATA-CTAGAGCT_S39_L001_R1	97.75375053433665	41.0	300.53899130812397	45.45454545454545	294758.0
402086_ITS_KP8LM_ACCACATA-GCTCTAGT_S40_L001_R1	97.56662296474299	45.0	300.8148510146373	45.45454545454545	296707.0
402087_ITS_KP8LM_GCAGGATA-CGTCGCTA_S41_L001_R1	97.55945581057223	45.0	300.7402888544304	36.36363636363637	279241.0
402088_ITS_KP8LM_ACCACATA-TGCGTACG_S42_L001_R1	97.41599235270121	44.0	300.77638348524425	36.36363636363637	164241.0
402089_ITS_KP8LM_ACCACATA-TAGTGTAG_S43_L001_R1	90.4127146885414	43.0	300.6095872853115	45.45454545454545	3901.0
402090_ITS_KP8LM_GCAGGATA-GCTCTAGT_S44_L001_R1	97.9234400636154	42.0	300.6054385134931	36.36363636363637	397388.0
402091_ITS_KP8LM_GCAGGATA-GACACTGA_S45_L001_R1	95.93664570150452	42.0	299.3209199181785	36.36363636363637	104618.0
402092_ITS_KP8LM_AACACAAG-CGTCGCTA_S46_L001_R1	97.47641166737756	43.0	300.8490956048128	36.36363636363637	213347.0
402093_ITS_KP8LM_GCAGGATA-TGCGTACG_S47_L001_R1	98.05927581145937	44.0	300.60380447426394	45.45454545454545	348169.0
402094_ITS_KP8LM_AACACAAG-GCTCTAGT_S48_L001_R1	97.894522809004	43.0	300.8466522075416	36.36363636363637	250822.0
402095_ITS_KP8LM_GCAGGATA-TAGTGTAG_S49_L001_R1	95.14806212803019	41.0	300.70572652054	36.36363636363637	27556.0
402096_ITS_KP8LM_AACACAAG-TGCGTACG_S50_L001_R1	96.64868061201862	46.0	300.8772414812625	36.36363636363637	67645.0
402097_ITS_KP8LM_AACACAAG-TAGTGTAG_S51_L001_R1	96.92411757471406	46.0	300.63620710859675	36.36363636363637	81310.0
402098_ITS_KP8LM_AATGTCCG-ACGACGTG_S52_L001_R1	95.31891917271169	46.0	300.88100100946076	45.45454545454545	42597.0
402099_ITS_KP8LM_AATGTCCG-ATATACAC_S53_L001_R1	97.23584957857656	43.0	300.80491875841466	45.45454545454545	216884.0
402100_ITS_KP8LM_AATGTCCG-CGTCGCTA_S54_L001_R1	95.89604527999708	45.0	300.73960361803194	36.36363636363637	54947.0
402101_ITS_KP8LM_CGTCCGAA-ACGACGTG_S55_L001_R1	97.38097502615521	43.0	300.52848540063775	45.45454545454545	199769.0
402102_ITS_KP8LM_AATGTCCG-GCTCTAGT_S56_L001_R1	95.68755364806867	47.0	300.8783690987124	36.36363636363637	58250.0
402103_ITS_KP8LM_AATGTCCG-GACACTGA_S57_L001_R1	82.78546712802768	44.0	300.7534602076125	54.54545454545454	1156.0
402104_ITS_KP8LM_AATGTCCG-TGCGTACG_S58_L001_R1	96.34502679868427	45.0	300.8645372426575	45.45454545454545	59891.0
402105_ITS_KP8LM_AATGTCCG-TAGTGTAG_S59_L001_R1	97.26146659541637	45.0	300.78132561588484	45.45454545454545	166549.0
402106_ITS_KP8LM_TACTTCGC-ACGACGTG_S60_L001_R1	93.77081864377934	46.0	300.84142575798097	45.45454545454545	41129.0
402107_ITS_KP8LM_TACTTCGC-ATATACAC_S61_L001_R1	97.63328905324381	45.0	300.74963798034923	27.27272727272727	417795.0
402108_ITS_KP8LM_TACTTCGC-CGTCGCTA_S62_L001_R1	95.46465604658009	43.0	300.7251807268326	36.36363636363637	61142.0
402109_ITS_KP8LM_TACTTCGC-CTAGAGCT_S63_L001_R1	96.22335714151103	45.0	300.6511128281477	45.45454545454545	106126.0
402110_ITS_KP8LM_TACTTCGC-GCTCTAGT_S64_L001_R1	96.19892625035321	43.0	300.72580955072056	36.36363636363637	88475.0
402111_ITS_KP8LM_CGTCCGAA-CGTCGCTA_S65_L001_R1	96.73747049840344	45.0	300.43984649253287	36.36363636363637	100842.0
402112_ITS_KP8LM_TACTTCGC-TGCGTACG_S66_L001_R1	95.3627630664223	44.0	300.618640586488	36.36363636363637	63292.0
402113_ITS_KP8LM_TACTTCGC-TAGTGTAG_S67_L001_R1	97.4282764850101	45.0	300.64836767172784	45.45454545454545	232490.0
402114_ITS_KP8LM_GCTTCGGT-ACGACGTG_S68_L001_R1	95.39243645381278	42.0	300.8447861128332	36.36363636363637	40325.0
402115_ITS_KP8LM_GCTTCGGT-ATATACAC_S69_L001_R1	95.77137351820048	44.0	300.8971851045114	36.36363636363637	47746.0
402116_ITS_KP8LM_GCTTCGGT-CGTCGCTA_S70_L001_R1	94.98336176281424	44.0	300.679203601689	36.36363636363637	35761.0
402117_ITS_KP8LM_GCTTCGGT-CTAGAGCT_S71_L001_R1	95.4595129595645	44.0	300.5698084417593	36.36363636363637	48497.0
402118_ITS_KP8LM_GCTTCGGT-GCTCTAGT_S72_L001_R1	95.4334153677878	44.0	300.6106644790812	36.36363636363637	36570.0
402119_ITS_KP8LM_GCTTCGGT-GACACTGA_S73_L001_R1	95.33387199168926	43.0	300.73030530386103	36.36363636363637	34654.0
402120_ITS_KP8LM_GCTTCGGT-TGCGTACG_S74_L001_R1	95.69122712230701	42.0	300.7716620517323	45.45454545454545	29614.0
402121_ITS_KP8LM_GCTTCGGT-TAGTGTAG_S75_L001_R1	95.8343556609689	44.0	300.83828139908945	36.36363636363637	36681.0
402122_ITS_KP8LM_CTTACACC-ACGACGTG_S76_L001_R1	95.13208598356469	44.0	300.5858442824644	36.36363636363637	43078.0
402123_ITS_KP8LM_CTTACACC-ATATACAC_S77_L001_R1	95.71908550243299	44.0	300.8241870703638	45.45454545454545	51788.0
402124_ITS_KP8LM_CTTACACC-CGTCGCTA_S78_L001_R1	94.78537269837634	44.0	300.74433721829274	27.27272727272727	34921.0
402125_ITS_KP8LM_CTTACACC-CTAGAGCT_S79_L001_R1	95.82685272404653	44.0	300.71364104361544	36.36363636363637	45649.0
402126_ITS_KP8LM_CTTACACC-GCTCTAGT_S80_L001_R1	95.86491926849115	45.0	300.8596942053193	36.36363636363637	46698.0
402127_ITS_KP8LM_CTTACACC-GACACTGA_S81_L001_R1	96.03472459153114	44.0	300.70067098828616	36.36363636363637	52758.0
402128_ITS_KP8LM_CTTACACC-TGCGTACG_S82_L001_R1	85.37931034482759	44.0	300.6662068965517	45.45454545454545	2175.0
402129_ITS_KP8LM_CTTACACC-TAGTGTAG_S83_L001_R1	96.3238647766041	44.0	300.76025760312336	36.36363636363637	54813.0
402130_ITS_KP8LM_TGACCTCC-ACGACGTG_S84_L001_R1	96.11473190390731	42.0	300.78895500771387	36.36363636363637	63522.0
402131_ITS_KP8LM_TGACCTCC-ATATACAC_S85_L001_R1	95.63124191764174	45.0	300.69385974479223	36.36363636363637	64183.0
402132_ITS_KP8LM_TGACCTCC-CGTCGCTA_S86_L001_R1	95.4578789618009	44.0	300.73764428289013	36.36363636363637	62724.0
402133_ITS_KP8LM_TGACCTCC-CTAGAGCT_S87_L001_R1	96.24578443275327	45.0	300.8287333063537	36.36363636363637	74130.0
402134_ITS_KP8LM_TGACCTCC-GCTCTAGT_S88_L001_R1	95.19895296314621	45.0	300.6813081576301	45.45454545454545	62653.0
402135_ITS_KP8LM_TGACCTCC-GACACTGA_S89_L001_R1	95.73046283494634	45.0	300.6454890600654	36.36363636363637	91134.0
402136_ITS_KP8LM_TGACCTCC-TGCGTACG_S90_L001_R1	95.3058773664877	44.0	300.7088337100876	36.36363636363637	56624.0
402137_ITS_KP8LM_TGACCTCC-TAGTGTAG_S91_L001_R1	95.97344993551228	45.0	300.73151089999686	45.45454545454545	63578.0
402138_ITS_KP8LM_ACAAGGAG-ACGACGTG_S92_L001_R1	94.96742305099977	45.0	300.64626947979	36.36363636363637	48961.0
402139_ITS_KP8LM_ACAAGGAG-ATATACAC_S93_L001_R1	95.71699222577905	46.0	300.8293460508264	36.36363636363637	76535.0
402140_ITS_KP8LM_ACAAGGAG-CGTCGCTA_S94_L001_R1	94.22969837587007	46.0	300.8044547563805	36.36363636363637	43100.0
402141_ITS_KP8LM_ACAAGGAG-CTAGAGCT_S95_L001_R1	95.12022285211611	45.0	300.7320643143388	36.36363636363637	40924.0
402142_ITS_KP8LM_ACAAGGAG-GCTCTAGT_S96_L001_R1	95.14092446448703	44.0	300.74494550920707	36.36363636363637	53220.0
402143_ITS_KP8LM_TCTGTTGC-CTAGAGCT_S97_L001_R1	97.49991338576382	41.0	300.78952740607684	36.36363636363637	375227.0
402144_ITS_KP8LM_TCTGTTGC-GCTCTAGT_S98_L001_R1	96.1529658256598	45.0	300.79299963026216	36.36363636363637	56797.0
402145_ITS_KP8LM_TCTGTTGC-GACACTGA_S99_L001_R1	95.7660373066424	45.0	300.88948760236576	36.36363636363637	70336.0
402146_ITS_KP69D_TATCAGGT-ACGACGTG_S94_L001_R1	96.83564488903755	44.0	300.6948201964887	36.36363636363637	128557.0
402147_ITS_KP69D_TATCAGGT-ATATACAC_S95_L001_R1	96.82634381059225	45.0	300.6344783310745	36.36363636363637	154207.0
402148_ITS_KP69D_TATCAGGT-CGTCGCTA_S96_L001_R1	98.05674916580647	45.0	300.75668555104784	36.36363636363637	166628.0
402149_ITS_KP69D_TATCAGGT-CTAGAGCT_S97_L001_R1	98.26855340760157	45.0	300.76423247051116	36.36363636363637	195328.0
402150_ITS_KP69D_TATCAGGT-GCTCTAGT_S98_L001_R1	96.86976969361643	45.0	300.70800193651013	36.36363636363637	72295.0
402151_ITS_KP69D_TATCAGGT-GACACTGA_S99_L001_R1	96.63887077238424	45.0	300.7137216994317	36.36363636363637	85864.0
402152_ITS_KP69D_TATCAGGT-TGCGTACG_S100_L001_R1	97.25743382605707	44.0	300.61724389824684	36.36363636363637	93088.0
402153_ITS_KP69D_TATCAGGT-TAGTGTAG_S101_L001_R1	96.67903713682927	44.0	300.57178261864215	36.36363636363637	78682.0
402154_ITS_KP69D_TGTAATTG-ACGACGTG_S102_L001_R1	96.41194838861722	43.0	300.75773286985213	36.36363636363637	84865.0
402155_ITS_KP69D_TGTAATTG-ATATACAC_S103_L001_R1	96.69114200906108	44.0	300.7851481539343	36.36363636363637	96015.0
402156_ITS_KP69D_TGTAATTG-CGTCGCTA_S104_L001_R1	96.30039617804708	44.0	300.6652441155908	36.36363636363637	68656.0
402157_ITS_KP69D_TGTAATTG-CTAGAGCT_S105_L001_R1	96.4264582751884	45.0	300.8297739324588	36.36363636363637	89575.0
402158_ITS_KP69D_TGTAATTG-GCTCTAGT_S106_L001_R1	96.82371316672884	45.0	300.7156844461022	36.36363636363637	85792.0
402159_ITS_KP69D_TGTAATTG-GACACTGA_S107_L001_R1	96.1567617524585	44.0	300.6920009553578	36.36363636363637	96299.0
402160_ITS_KP69D_TGTAATTG-TGCGTACG_S108_L001_R1	96.43339066014023	44.0	300.64761211800504	36.36363636363637	75590.0
402161_ITS_KP69D_TGTAATTG-TAGTGTAG_S109_L001_R1	96.1617366759301	44.0	300.73709787716973	36.36363636363637	68729.0
402162_ITS_KP69D_AATGGAGC-ACGACGTG_S110_L001_R1	96.72061167185247	45.0	300.63450519845185	36.36363636363637	105416.0
402163_ITS_KP8LM_AATGGAGC-ATATACAC_S100_L001_R1	95.59981116954121	45.0	300.75178675332376	36.36363636363637	91087.0
402164_ITS_KP8LM_AATGGAGC-CGTCGCTA_S101_L001_R1	95.52462404945669	47.0	300.71577570022566	36.36363636363637	52733.0
402165_ITS_KP8LM_AATGGAGC-CTAGAGCT_S102_L001_R1	95.48633086861888	45.0	300.39226007625695	36.36363636363637	64781.0
59000_ITS_KP8LM_AGCTTGAC-ACGACGTG_S103_L001_R1	95.30578380215518	44.0	300.0739319058758	36.36363636363637	50019.0
59001_ITS_KP8LM_AGCTTGAC-ATATACAC_S104_L001_R1	95.51978180971545	45.0	300.1373002278359	36.36363636363637	60131.0
59002_ITS_KP8LM_AGCTTGAC-CGTCGCTA_S105_L001_R1	95.47987951155282	46.0	300.30509911437383	36.36363636363637	55441.0
59003_ITS_KP8LM_AGCTTGAC-CTAGAGCT_S106_L001_R1	97.40617476812545	43.0	300.2720384583456	36.36363636363637	132507.0
59004_ITS_KP8LM_AGCTTGAC-GCTCTAGT_S107_L001_R1	95.9444633601937	46.0	300.8132448076268	45.45454545454545	52866.0
59005_ITS_KP8LM_AGCTTGAC-GACACTGA_S108_L001_R1	96.6359293979412	47.0	300.75422956737935	45.45454545454545	117447.0
59006_ITS_KP8LM_AGCTTGAC-TGCGTACG_S109_L001_R1	96.18903639312767	44.0	300.7698933875057	36.36363636363637	63501.0
59007_ITS_KP8LM_AGCTTGAC-TAGTGTAG_S110_L001_R1	90.8698001080497	46.0	300.2312263641275	45.45454545454545	3702.0
ATCC1010MOCK_ITS_KP69D_AATGGAGC-GCTCTAGT_S111_L001_R1	98.56686268726789	42.0	300.89448594249393	36.36363636363637	166139.0
ATCC1010MOCK_ITS_KP69D_ACAAGGAG-GACACTGA_S112_L001_R1	98.73748732195617	41.0	300.8753053754906	36.36363636363637	226770.0
ATCC1010MOCK_ITS_KP8LM_ACAAGGAG-GACACTGA_S111_L001_R1	97.52144488986595	41.0	300.8258689311321	36.36363636363637	69597.0
ATCC1010MOCK_ITS_KP8LM_CGTCCGAA-CTAGAGCT_S112_L001_R1	97.85260337997663	42.0	300.853629342529	36.36363636363637	70178.0
No_Template_Control_ITS_KP69D_AATGGAGC-TGCGTACG_S113_L001_R1	89.28114607316449	44.0	300.6328984394986	36.36363636363637	3909.0
No_Template_Control_ITS_KP69D_ACAAGGAG-TAGTGTAG_S114_L001_R1	90.61905458802869	41.0	300.71959607785743	36.36363636363637	6833.0
No_Template_Control_ITS_KP8LM_ACAAGGAG-TAGTGTAG_S113_L001_R1	90.43499752842314	42.0	300.450074147306	45.45454545454545	4046.0
No_Template_Control_ITS_KP8LM_CGTCCGAA-GACACTGA_S114_L001_R1	84.15425735013363	43.0	300.565483008782	54.54545454545454	2619.0
Soil_DNA_ITS_KP69D_AATGGAGC-GACACTGA_S115_L001_R1	97.65312911359152	44.0	300.59303676926197	36.36363636363637	350211.0
Soil_DNA_ITS_KP69D_ACAAGGAG-TGCGTACG_S116_L001_R1	97.67427975262709	43.0	300.5804527628337	36.36363636363637	318224.0
Soil_DNA_ITS_KP8LM_ACAAGGAG-TGCGTACG_S115_L001_R1	97.07904963352846	43.0	300.21761031039404	36.36363636363637	203290.0
Soil_DNA_ITS_KP8LM_CGTCCGAA-GCTCTAGT_S116_L001_R1	96.75395140363294	44.0	300.28168789808916	36.36363636363637	169560.0
